12	51	260.7200073	156
24	385	1357.863707	70
24	1796	1360.43301	73
26	4741	1024.573418	27.1437722
34	3974	216.9014479	166
39	32	221.3488554	258
39	2856	319.0034235	201
39	3685	237.9216088	230
39	4463	233.1634206	252
45	1204	470.0226193	155
45	1372	412.1759773	151
45	2490	470.0226193	155
45	2944	470.4403764	155
54	4486	528.0919963	133
71	401	196.0626423	118
71	4081	284.0372579	88
75	2374	2638.144266	54
76	945	610.1890017	145
76	2501	537.5088108	149
83	2935	183.8149955	167
83	3970	194.1774289	163
90	1647	188.5854637	170
100	3119	222.4805597	175
103	4694	237.5605234	176
104	2871	198.1785859	83
129	979	247.0348763	149
131	1674	492.5953785	55
133	4237	454.1821413	90
136	2886	813.132409	86
140	3930	635.4613613	146
145	1590	321.2218934	121
152	1143	1009.618515	131
153	4251	240.1639953	160
155	4083	354.553171	116
157	2264	310.7592672	135
170	1345	910.754515	99
181	3178	1154.979407	112
184	4115	449.3581579	96
189	1766	284.733874	172
192	719	192.5102383	165
199	279	460.3362161	113
199	414	445.6365246	112
208	1910	451.8769449	95
212	1132	1075.85532	90
220	3525	234.5705736	170
222	4732	494.1212953	124
227	2475	936.890709	123
236	4458	1680.988979	62
249	813	511.6012607	110
254	3996	691.5910069	92
256	1793	267.1141389	151
262	4402	2364.623487	72
281	621	498.3432958	177
281	702	354.6953914	200
281	2559	368.5766634	174
281	3584	482.7994924	177
287	1513	846.8276255	63
297	655	210.5392173	141
304	1206	731.8010459	63
309	4053	203.1258134	161
316	2186	200.2154649	137
316	4752	202.2727226	141
317	3046	481.0614383	132
340	1379	407.1222679	104
355	2498	761.6595421	143
376	2508	3236.124017	53
379	4254	1668.011035	86
384	108	1043.665217	76
398	632	254.4931365	148
401	4493	290.838046	131
405	2919	2103.194993	57
408	2615	444.5993594	35.33572585
421	460	338.8124301	90
423	1514	547.4141248	151
425	4694	355.9341699	163
427	1715	446.5952245	143
433	1126	1377.622399	90
433	4451	1467.729627	87
438	2323	251.1743698	93
441	2208	1496.566148	94
441	3850	1853.226031	93
443	408	615.4602615	160
446	1626	384.2159221	133
451	805	373.0588742	66
451	4180	251.1409809	75
475	1685	626.8253418	135
477	3040	830.2899065	83
480	130	516.2201536	166
482	3150	240.5393383	117
493	1191	1763.555784	75
511	440	245.0596105	169
513	458	683.6474301	105
521	1425	181.2968409	158
522	3583	671.0355589	80
531	498	243.8287207	154
533	2084	784.1130344	138
537	3780	3092.624435	95
549	773	358.3002257	133
550	789	263.1955855	126
559	3356	2022.842154	104
566	3026	772.0097155	91
570	261	824.8473972	59
578	2402	838.9195542	127
586	1779	205.9158834	198
609	4449	242.5433089	146
623	4630	373.51641	120
626	830	308.4279293	131
639	2118	1112.537582	87
643	3446	248.5090768	111
644	979	207.6729274	151
645	4221	251.164708	186
646	1808	405.2268157	139
653	773	351.3262617	130
656	1481	1571.612978	143
657	1785	261.6760807	147
661	1675	594.6614491	95
662	449	654.1714188	140
674	3943	368.5555296	228
674	4700	419.729638	210
675	259	323.2869523	144
675	907	318.6899619	160
675	1449	300.361541	144
682	520	2144.246301	42.1285547
682	741	2261.993152	39.44033602
684	2010	350.0243416	108
686	3645	1218.107721	86
690	4187	231.3037407	96
700	2055	1002.927897	109
702	808	1282.336727	73
702	3993	1227.901422	80
703	256	923.0344919	95
710	4514	1087.91699	84
717	454	467.6498352	125
723	1733	688.2868619	152
739	133	232.2878532	64
758	1766	312.4791129	168
759	37	300.889682	88
770	328	469.1894195	149
770	2966	388.2069766	151
778	411	291.7308165	160
780	3762	303.725566	75
784	799	191.6731965	172
786	174	2855.246915	98
786	892	3008.325251	95
789	4392	763.0160533	87
794	4134	307.6514176	129
813	1481	1652.889999	140
817	4	710.8156473	108
819	1262	1684.213775	83
822	417	1154.270638	88
823	53	605.2501189	76
828	3253	1189.411266	83
845	3129	826.3322594	121
846	229	458.1616957	109
862	353	271.8538669	161
862	1094	312.1511424	148
878	2216	1129.118716	94
879	2044	1437.211479	116
879	4021	1237.212638	123
880	2577	608.9934576	143
887	1353	800.2233251	121
888	1584	247.1375562	127
890	3572	2121.616404	98
895	644	674.5336036	131
895	1521	641.9496545	139
906	728	1303.419801	75
908	1841	306.540911	143
920	2190	851.4781384	95
925	3026	856.2888143	89
928	2435	616.7150332	89
938	1054	291.5802336	204
943	1112	2493.528019	80
945	802	849.0056476	151
946	1120	434.3885043	186
951	2726	586.1724621	149
951	3517	766.3654516	154
951	3591	809.0534838	145
959	3442	1240.947214	83
961	277	630.025736	187
961	2424	689.0591554	167
961	2812	667.6394076	169
961	3531	616.3550859	182
961	4133	618.3195046	167
974	1913	603.4206498	75
979	1126	1390.710611	88
979	4451	1462.511195	83
993	3507	343.4685677	93
1002	2157	563.8190859	84
1002	3100	614.7032921	80
1004	1320	1011.089133	76
1016	2354	347.1880396	138
1019	4065	1846.647204	50
1029	1054	315.8900718	194
1032	4135	3072.673898	65
1034	1520	1646.817013	74
1042	1638	1741.466755	83
1054	4572	358.1337375	118
1065	2318	828.940416	130
1066	3096	609.9704574	63
1074	2345	446.7198703	83
1075	364	847.3936265	74
1075	2103	760.7061509	83
1075	2167	965.4822137	67
1080	2398	1601.541997	58
1082	898	277.6564247	136
1089	645	425.972707	156
1090	3519	376.6178663	159
1093	3693	421.3900097	141
1104	158	251.9641687	148
1105	2246	243.3461547	158
1105	4457	304.73048	139
1107	2986	626.3690708	106
1116	416	239.7976587	162
1130	3330	232.9146109	158
1139	185	692.8409608	105
1139	4253	823.3277513	108
1160	1481	1671.356608	140
1166	1126	1386.978013	88
1166	4451	1401.774087	91
1173	3316	259.388194	168
1186	3553	463.9068655	109
1188	1465	514.0744367	151
1197	3647	300.9222191	106
1210	3288	1116.88954	68
1212	357	227.6684247	194
1215	580	564.7073748	117
1218	627	226.4441394	214
1228	346	706.8549484	126
1233	1467	975.5414165	91
1239	3295	2509.995922	40.31678793
1250	4528	365.0410754	128
1253	2074	299.1136008	147
1257	17	359.5482679	157
1266	1231	452.5885276	126
1267	2471	558.6891537	110
1269	3691	289.7065693	126
1278	364	888.6006918	73
1278	2103	769.405355	86
1278	2167	952.9896543	71
1279	2604	615.1558394	95
1282	1190	352.8666008	107
1284	1402	396.4559779	79
1285	2732	440.5914114	97
1313	438	1548.310835	114
1321	301	671.6922232	70
1321	3134	755.3995628	68
1321	4602	792.7698304	64
1324	1473	263.4440502	91
1327	460	358.5409614	83
1330	1481	1646.087017	142
1338	4382	1052.264734	135
1340	82	369.1897727	136
1340	1919	195.3212462	152
1345	3718	498.9037834	111
1353	4282	1502.293621	43.0647448
1355	4195	212.5367717	143
1361	1854	429.1966207	102
1368	747	190.8248591	150
1368	1387	227.5032445	124
1374	3749	304.8260743	74
1377	1795	331.8978504	148
1386	41	1606.243962	51
1386	595	1593.587606	51
1391	2480	1406.630056	79
1403	4415	2870.762067	82
1412	3733	233.0848421	154
1414	2362	396.2875279	133
1431	1243	1114.075466	54
1431	1926	1117.7712	57
1431	3345	1063.909408	60
1439	4641	3627.69494	28.99386789
1445	247	510.3145456	125
1445	1858	409.7234002	142
1446	2116	599.8956027	73
1449	2403	457.9979567	90
1452	2058	296.3098794	156
1455	1826	200.4349752	144
1460	3904	198.985198	192
1462	116	188.9210602	153
1463	1743	1877.645284	45
1485	259	326.4582023	141
1485	907	321.501609	148
1485	1449	243.0808769	154
1489	29	1115.080955	82
1496	227	221.8489246	154
1502	709	472.6982616	130
1502	4079	596.9816351	113
1505	2146	327.3207156	180
1506	2443	310.2719656	86
1510	334	834.6539259	111
1510	4064	856.7668627	104
1514	2034	329.6921393	90
1517	2068	298.4441045	163
1529	177	2904.197823	102
1529	4753	2968.461291	99
1534	674	1270.783901	114
1534	3472	1592.868852	105
1539	1971	329.5796827	125
1552	3632	1221.278584	109
1553	4731	481.8900781	56
1557	1070	331.5271106	79
1558	3320	563.4828263	176
1563	1988	499.5092592	100
1569	32	191.5561933	213
1569	2856	297.9830208	199
1569	3685	203.2921018	231
1569	4463	231.8245088	242
1571	1568	786.2943356	76
1573	926	812.9881911	99
1574	485	1466.511776	105
1574	2143	1451.014914	109
1578	2575	464.4363263	111
1581	2261	702.8388303	105
1586	2025	629.7127283	55
1587	2228	610.7085186	82
1593	4545	1005.890108	90
1596	2085	205.5120309	183
1597	527	211.030055	131
1598	234	715.3748307	124
1607	158	214.8667947	162
1610	4258	1712.46926	83
1616	4644	629.4581066	102
1628	2212	446.2897483	125
1642	3109	223.1025051	157
1644	1569	421.9199851	123
1651	2586	2871.923946	100
1653	3312	2798.520213	51
1655	2374	4102.954604	58
1656	956	503.7908571	188
1656	4512	405.1044819	186
1664	2139	1073.492611	110
1665	549	1369.743812	114
1671	313	194.5561954	250
1672	3597	748.5389917	87
1676	3770	439.0799175	111
1677	1	1076.842072	103
1678	2827	662.9108986	83
1683	1523	776.768876	159
1690	1728	765.0835458	123
1691	3711	240.4050497	168
1695	1475	213.9972912	151
1696	4259	600.5736884	78
1699	250	531.7690271	160
1700	1696	500.02606	120
1702	2888	1669.191317	51
1709	4309	873.5631203	93
1710	2875	187.7250058	169
1711	1236	1769.720926	75
1712	687	341.088487	183
1712	1567	398.7504103	195
1712	2348	469.2259807	185
1712	2799	552.8497964	179
1717	443	310.071087	200
1717	3593	333.0683855	193
1718	4107	647.8574889	135
1719	1724	415.2631995	153
1728	3016	382.4211075	155
1732	1855	401.6121569	104
1733	4343	1148.170874	92
1736	201	469.7088691	117
1744	233	820.7929428	127
1755	4772	1478.296416	108
1779	1531	318.5780623	169
1779	4490	331.7870697	175
1779	4511	336.1390945	164
1783	3930	637.3429786	150
1787	3352	1814.791134	59
1792	2779	744.1322608	82
1795	951	1827.00903	67
1796	558	486.6027129	59
1797	1769	187.7690142	186
1802	1385	760.2275333	80
1808	325	286.4780274	98
1810	2491	820.6020013	91
1824	526	809.1691734	75
1831	4619	681.036398	106
1836	1807	495.9331563	144
1836	2688	500.9779797	138
1849	2464	231.647178	222
1851	2548	789.660907	113
1852	528	518.5671256	121
1852	1034	528.7022203	106
1858	3588	1092.920933	98
1859	2050	362.8396521	192
1862	1433	269.57409	202
1862	3462	208.8083058	218
1865	4686	1943.437718	87
1866	1853	615.1365785	86
1870	1059	1537.712481	47
1871	3240	629.9514097	120
1874	976	244.5661284	153
1877	2622	362.2505349	116
1891	4505	836.6671847	132
1893	639	871.7188883	129
1898	3207	868.6197911	78
1903	2263	775.7148477	97
1911	1630	291.6562869	173
1911	3448	231.8451331	181
1918	621	419.8779106	185
1918	702	356.7120051	190
1918	2559	395.9664483	183
1918	3584	428.6066807	182
1920	1591	523.1101305	117
1922	215	421.7873521	139
1922	880	594.9625542	128
1922	3782	416.921315	147
1932	1778	409.6935714	119
1939	1147	288.6426843	136
1939	2418	335.5326659	145
1939	2998	292.8292205	151
1948	3386	2536.195768	68
1949	2146	283.4280192	197
1955	653	314.2059579	174
1968	1500	1223.84921	147
1974	3171	2283.777719	106
1977	3889	1878.092416	45
1988	1724	411.7680708	146
1996	3976	250.7544503	157
1999	4727	456.6828083	92
2013	3602	954.5329024	88
2018	3900	342.6638979	110
2030	3852	613.9046894	124
2035	3757	191.8059735	140
2050	3662	1115.373448	122
2056	1526	667.7501827	105
2056	1575	668.0438409	102
2059	816	742.0926243	146
2067	3476	1108.958046	96
2070	2661	1191.30787	88
2072	2837	661.6052251	134
2077	356	320.4411247	156
2077	1958	354.8006404	149
2077	2092	334.7616452	150
2118	477	750.8923941	162
2122	1699	594.4901337	117
2140	631	2097.384944	92
2145	4509	711.1807489	121
2146	2261	675.4817684	105
2148	146	759.8395737	132
2150	439	808.0685494	89
2152	4251	246.3216782	153
2160	3865	252.3467781	192
2170	145	1453.823045	109
2173	1724	409.5794352	139
2177	730	1774.288498	88
2189	4504	503.6463834	88
2196	4761	2228.339881	109
2203	1309	1410.776686	89
2242	4713	703.2265091	176
2252	4240	933.9666186	109
2255	3342	261.1185222	148
2259	2735	1139.443659	96
2260	3028	652.8946573	118
2263	2345	613.0243608	74
2292	3034	709.0081729	98
2294	773	369.5779733	128
2296	4310	1088.632501	98
2300	804	356.0851551	113
2301	2823	1032.189863	129
2307	2567	820.1539607	77
2313	421	729.8067885	114
2318	3002	1191.561073	100
2325	1243	1101.555045	55
2325	1926	1064.276776	58
2325	3345	1077.235992	57
2341	2894	3122.253024	56
2351	1336	233.3870881	233
2360	4317	1308.972531	93
2370	3476	894.9862615	111
2375	469	227.5883364	166
2377	1135	301.1779466	113
2377	3579	266.4487478	128
2383	1254	189.1827222	133
2400	4492	598.0543888	53
2402	630	312.2564299	126
2407	2329	229.8759346	99
2418	3168	333.5539888	140
2424	333	191.5607323	171
2435	1600	597.2836101	132
2438	3120	344.318123	156
2449	2363	971.660174	110
2457	1539	335.7045631	81
2457	2805	299.6015337	78
2457	4691	289.3323272	80
2462	3919	1642.624459	85
2466	3297	629.708262	109
2475	3674	517.9289521	152
2480	2238	232.1380294	145
2492	2419	1236.080987	92
2510	2381	367.0584779	129
2511	428	230.5098409	167
2511	2163	358.924024	146
2513	528	455.0282668	124
2513	1034	503.4242133	103
2523	508	525.4500957	53
2533	2901	306.7763069	190
2564	1209	383.9345166	127
2564	1598	309.4365058	152
2567	277	693.7131183	173
2567	2424	720.3589856	160
2567	2812	763.4950143	150
2567	3531	661.7577458	178
2567	4133	671.98133	150
2577	4595	632.2357771	98
2581	3091	479.4136369	37.7441779
2598	765	433.1812071	87
2607	1063	2125.516723	78
2636	262	2023.005819	73
2636	2171	1489.948971	80
2652	3195	912.0677579	79
2657	750	221.179611	107
2659	3754	4201.249576	65
2661	4150	220.3909733	125
2671	2619	188.4988415	139
2671	3467	193.9684696	158
2675	1412	2234.9053	72
2688	867	643.3447636	97
2708	4015	502.3361444	123
2712	683	493.3515257	133
2717	797	294.3257828	137
2719	4667	394.2274296	60
2739	3564	994.6566646	75
2741	553	321.0098351	105
2744	601	1645.39613	68
2753	4716	330.7555665	152
2758	1185	225.996006	181
2760	2431	1236.164347	107
2762	2958	526.4243281	137
2768	307	4153.580504	67
2777	893	3857.012882	69
2778	2134	1213.437814	93
2787	80	1872.455315	94
2788	1576	191.4877497	261
2793	2203	210.8758187	228
2794	1126	1262.266909	93
2794	4451	1385.918568	85
2796	4482	927.0189737	99
2804	49	785.7878027	104
2823	2034	288.4798403	100
2826	1702	937.3516416	111
2829	2586	2818.698388	100
2838	487	1617.006737	82
2840	700	1692.697404	63
2842	1126	1348.8744	90
2842	4451	1448.866881	83
2854	3853	531.209856	112
2858	2318	998.2655565	115
2861	3865	267.2749106	192
2863	1208	713.3274797	111
2881	3733	337.98475	122
2883	2902	1062.209433	82
2894	113	228.6959729	193
2897	647	522.2901026	103
2897	1017	582.3226924	94
2902	3602	976.8616009	88
2913	2432	554.6258014	109
2915	3954	926.5968192	86
2916	3967	450.2173351	136
2919	3208	1475.439423	90
2925	247	256.5857736	175
2925	1858	335.3355845	158
2928	279	555.3278847	96
2928	414	454.0931275	111
2945	3737	453.2683357	114
2981	2493	1242.556809	98
2982	2603	973.8120332	108
2991	909	602.1345071	131
2995	3585	1420.006579	74
3006	619	384.7073269	77
3015	1384	2119.568275	89
3018	1161	497.9717838	122
3024	1571	493.7552835	96
3033	2974	685.6559869	116
3038	487	1651.289096	88
3040	3639	2964.158026	61
3059	2540	527.7572848	94
3061	1024	293.3071436	92
3061	2199	445.6344689	68
3070	2298	525.9833519	138
3073	760	938.0736609	91
3077	32	254.2369653	232
3077	2856	340.5875379	216
3077	3685	195.59461	252
3077	4463	303.3690725	230
3084	29	1114.791659	80
3086	15	207.9272612	181
3090	4572	349.2819046	126
3093	1011	416.8032199	137
3102	4316	187.3864639	164
3106	2996	222.3422618	158
3110	124	651.1093985	144
3114	1929	345.7446981	118
3120	2055	993.834585	108
3123	2822	1201.767399	70
3125	3659	1092.918479	105
3130	621	248.5586607	191
3130	702	256.4484804	193
3130	2559	199.0458089	210
3130	3584	264.0358393	186
3133	4594	428.9605026	130
3155	32	258.2006722	230
3155	2856	358.8700805	203
3155	3685	254.6366389	228
3155	4463	209.0456471	244
3159	1678	456.4411264	115
3167	2288	1237.074265	70
3173	2665	438.2945723	100
3175	2742	384.4673773	82
3184	1743	1757.186092	49
3193	1481	1718.469221	139
3196	12	378.0769423	171
3196	519	420.9352746	162
3196	3077	400.5090185	147
3196	4046	428.3627126	153
3197	2965	369.0352551	173
3202	4099	578.7808174	123
3204	3030	429.9816417	100
3206	3366	646.5192341	105
3207	3199	467.5924703	48
3208	2354	517.1282119	122
3232	1458	203.2780754	141
3237	3297	514.6395016	102
3239	3931	500.8651858	78
3260	3245	603.3369541	135
3272	4189	2265.693078	82
3280	3983	597.7152235	119
3285	819	325.1575073	101
3288	710	2448.35766	72
3289	694	325.8917774	83
3296	2053	200.7960677	145
3306	1183	218.3913435	107
3310	217	504.1976803	79
3319	1539	326.9369667	83
3319	2805	316.3039801	73
3319	4691	274.0892156	85
3325	453	2144.6908	63
3330	2791	933.6878404	100
3346	2545	698.5267331	140
3350	1180	211.7282104	174
3354	177	3177.029441	95
3354	4753	3109.077118	97
3370	4554	305.7412987	176
3371	3459	231.8322985	220
3372	3035	1094.977764	77
3385	2925	727.1645763	96
3389	4286	263.5828752	137
3392	2961	1597.309189	103
3402	4330	454.0235573	155
3403	1212	404.9995631	84
3404	1022	1049.310216	79
3405	4762	1089.403381	70
3408	4324	213.610141	160
3410	4165	431.1325343	124
3416	3032	190.9169523	175
3417	3849	670.9846939	130
3429	4629	859.5113679	96
3438	1223	1649.845367	66
3439	3851	1804.337488	117
3441	4227	568.192098	125
3443	495	187.5158522	264
3457	1230	190.0405308	171
3457	2185	197.3769418	159
3457	3165	208.2883737	173
3457	3606	205.6410953	159
3457	4734	235.3380981	143
3466	2359	1693.669458	66
3471	667	2085.611234	59
3481	1539	324.9418389	94
3481	2805	301.4316233	86
3481	4691	260.9879233	96
3485	990	299.4672911	107
3487	2837	700.9961344	128
3488	1653	596.3020249	128
3488	2280	717.7698927	118
3488	4010	426.9572262	134
3491	100	433.888243	127
3495	3373	477.8222006	107
3502	3912	349.4906312	131
3505	3780	2979.999431	96
3509	2908	229.3983219	223
3509	3560	233.5737709	222
3511	1227	2357.63976	102
3517	64	218.2774894	114
3531	225	194.3501681	192
3538	353	215.8988962	157
3538	1094	291.1872306	146
3542	497	487.0607122	64
3544	3863	552.3255057	118
3553	1821	867.6219959	71
3554	3016	403.862279	148
3559	719	419.7169041	150
3561	4746	431.16399	94
3562	3871	519.718465	128
3567	3701	619.9520384	126
3583	147	859.0529	103
3585	1576	248.790336	223
3586	2300	464.2291054	121
3594	3370	495.3642788	124
3595	2630	495.0558381	103
3598	3600	545.7891078	126
3599	4324	228.9537958	146
3600	1722	1222.35112	61
3610	2502	1933.175716	80
3615	1205	181.7932642	165
3620	1668	506.2907946	116
3626	2269	1654.938617	60
3626	4322	1690.196607	55
3627	4667	371.4959277	64
3636	2569	668.0600378	62
3640	1203	200.7010677	153
3640	2588	460.9206433	125
3642	4218	226.1105563	144
3644	2684	535.5274284	184
3657	3084	500.1933026	84
3665	2402	1430.552674	111
3667	2772	201.0796021	145
3678	2668	244.2225241	148
3680	2362	426.7671255	119
3689	4569	1013.038967	73
3695	3846	1766.366039	75
3700	2992	906.1077697	83
3703	556	665.4638808	95
3714	3259	1003.517742	142
3715	3300	1650.705721	97
3715	4478	1776.266484	95
3723	663	1104.489666	101
3745	3101	1099.034113	152
3756	443	204.6791124	192
3756	3593	187.8920184	217
3762	2128	517.9996558	122
3765	4647	1189.134424	98
3778	3525	271.780409	165
3783	2784	367.805234	143
3796	4548	2187.871088	79
3812	2928	1250.413006	114
3821	773	362.3367907	129
3823	1724	489.2784737	137
3824	1341	2685.193412	96
3825	332	222.1701508	125
3837	1140	219.2030952	140
3858	4124	419.3648438	135
3864	1395	1083.647993	57
3867	3468	644.4833474	103
3877	1596	353.2742519	114
3886	3431	2063.45508	98
3889	860	361.9058639	165
3890	3657	525.9755291	120
3900	4383	434.0009878	145
3905	1820	378.949531	149
3907	697	914.1650396	125
3909	4407	518.098625	144
3912	301	604.1626918	83
3912	3134	629.4661199	80
3912	4602	644.3371946	77
3916	729	300.8023755	147
3922	106	1451.276139	64
3922	4567	1593.165002	59
3922	4711	1389.473137	67
3923	4120	272.3341532	113
3925	2276	320.1389241	154
3932	3174	702.0349038	126
3933	148	362.3673094	123
3933	1184	392.2334113	110
3933	1999	347.1004481	129
3938	3278	2686.345027	42.1285547
3946	480	1699.43973	90
3947	3026	815.2891163	90
3948	4431	1004.789234	112
3957	947	1317.402879	89
3961	875	878.3515967	143
3962	755	1628.403491	97
3978	2157	551.7292161	91
3978	3100	615.6300626	83
3988	2794	376.9880079	125
3990	94	402.5955093	136
3990	1875	608.4585713	124
3992	2198	238.2703663	201
3997	3168	275.1187349	168
4004	1065	1060.441697	80
4004	4104	1084.004026	83
4005	2913	292.3531803	163
4012	2419	1311.471468	102
4021	4373	715.474323	62
4029	4482	878.6527333	114
4043	2217	599.3131979	113
4044	2124	560.0158253	82
4046	1807	534.6000576	163
4046	2688	509.345095	132
4054	385	1355.672195	71
4054	1796	1323.116713	79
4062	2848	2457.213229	81
4076	2809	203.6710474	172
4087	1041	1684.227189	47
4093	12	390.9935056	151
4093	519	373.3770133	151
4093	3077	415.6327072	135
4093	4046	325.6994888	167
4102	3310	290.0244759	132
4104	1601	256.6451	188
4111	3334	255.1562309	156
4115	2527	1493.644727	64
4117	773	373.1087575	125
4119	1731	478.4994598	103
4122	4129	615.8113355	109
4133	2505	247.2870097	125
4134	41	1606.243962	51
4134	595	1593.587606	51
4139	107	431.3083459	104
4142	3476	837.0962809	111
4143	1693	235.3072836	148
4157	353	266.0953958	134
4157	1094	258.0185977	162
4167	2018	330.7452894	161
4179	2955	1596.882946	66
4180	68	344.2399358	143
4186	2342	1474.688465	98
4186	4327	1618.953219	98
4190	2531	719.182976	96
4216	277	288.9778033	204
4216	2424	267.5749927	250
4216	2812	278.4283038	218
4216	3531	229.6682718	253
4216	4133	362.6816914	229
4235	3362	561.7356522	132
4236	4299	766.8402844	52
4240	4350	243.4677409	192
4241	1437	214.4804755	91
4251	1520	1550.867901	77
4257	1515	410.2645097	112
4260	1288	755.664161	120
4274	2146	308.4139373	167
4277	2005	440.308512	127
4292	1562	1118.40757	93
4296	401	223.3761275	110
4296	4081	251.7028842	102
4298	4360	1411.930355	75
4311	1327	463.0462168	151
4318	882	2442.44767	47
4321	1438	483.3835179	98
4324	4314	1130.018149	59
4329	3951	1060.743572	91
4334	2953	355.6699291	149
4337	2355	288.2011426	104
4338	3369	1112.169067	91
4339	3535	200.8086225	143
4341	2122	560.6192486	152
4343	71	737.9481102	106
4343	2262	839.0481747	94
4344	2009	595.5281644	85
4349	2106	841.2405457	109
4350	239	252.4409734	144
4350	1612	274.379432	169
4351	2625	257.096198	125
4357	2016	276.5677305	208
4360	1226	388.6489299	95
4374	196	1056.92015	99
4375	29	1047.523706	84
4383	2001	285.4459984	166
4384	3246	953.2683758	51
4395	1841	291.2387449	158
4398	4486	509.7328759	136
