2	1337	981.5907583	93
22	3951	676.3752982	109
28	5704	367.3436351	170
28	6266	349.0896629	173
60	8890	4266.212132	77
129	42	268.5058656	141
171	5578	805.0312688	111
177	1781	868.2303179	104
192	8776	316.3558501	159
197	2546	274.7028072	201
216	6311	1188.088964	84
233	640	1499.535174	72
240	582	1535.058323	125
242	551	786.5076969	129
270	2514	301.7931571	97
322	355	599.3463801	130
322	1168	537.9185797	139
322	3644	588.2554071	129
322	4281	641.3275203	127
322	6280	479.0743102	125
322	7687	511.7200138	137
323	8540	547.6615763	115
327	9726	360.61305	133
353	9591	389.433758	114
390	7570	183.8145307	140
407	3666	326.7014607	142
407	8096	265.0012012	157
407	8741	426.7286905	133
411	8494	264.4388927	110
412	1070	299.2907027	145
422	9912	1119.686279	88
461	5276	244.5508048	147
506	2237	525.8053014	118
537	9317	1097.220927	94
605	4464	412.2166815	150
606	628	230.8294289	119
606	3863	268.6734939	96
606	7818	265.5080005	92
636	8699	1187.980073	130
650	4958	254.1493041	128
650	8762	388.3502223	116
719	1666	775.4109172	111
719	7250	935.7776176	112
719	8236	963.5628692	109
725	5052	2239.43438	159
727	2547	530.9805085	144
736	4723	903.6374652	117
746	2048	674.2670581	82
758	3905	225.0995126	129
772	7010	273.9885871	166
783	9903	393.3065122	140
792	3449	1151.354601	113
792	3615	1228.850744	109
792	5941	1178.088551	111
792	5977	1068.922122	117
804	1363	200.4677037	175
817	2132	663.6462085	108
818	6463	1959.779895	73
821	4563	7435.711647	58
828	6014	482.9547083	136
855	2834	1096.937165	113
884	2314	251.3599227	188
929	8309	417.5271797	95
973	827	929.1152785	109
1054	8320	301.8035385	109
1101	748	398.4364197	145
1123	8438	194.5717345	166
1130	3466	316.0707663	165
1130	7251	285.1415369	155
1147	3741	186.1599968	234
1147	4042	197.1428666	244
1160	384	1631.292201	81
1167	6450	654.9231801	135
1171	8404	347.9029378	147
1185	2460	299.3695226	109
1186	6086	1007.283865	88
1190	2234	402.8055026	145
1190	4686	276.7333675	160
1190	5350	206.3744496	185
1213	3778	188.976624	182
1232	2103	322.9232394	146
1248	4334	259.8533515	88
1253	7473	400.2595837	131
1258	1619	903.0289341	116
1258	7797	748.6805638	122
1280	203	964.9714413	45
1280	388	785.4005091	44.02173913
1280	784	1014.095584	33.81608925
1297	4858	455.6906072	125
1326	8768	2622.384578	60
1345	9605	733.8562066	97
1350	2244	275.7878379	157
1350	5609	207.1277829	166
1355	2623	1234.229113	94
1355	6604	1174.605568	97
1369	1619	869.0839308	120
1369	7797	730.0014673	129
1392	5447	1507.726207	88
1393	221	2499.235332	98
1413	7728	2153.420077	123
1419	5968	280.9410205	213
1429	4782	274.536126	151
1441	6155	734.284672	87
1449	4027	293.169181	171
1471	1130	1598.952216	78
1568	4969	883.9633568	96
1588	9829	788.3117877	138
1596	2063	570.0497688	163
1596	2752	596.5653856	161
1604	2165	1349.924205	121
1615	7461	605.1312923	138
1615	7562	615.687179	134
1638	4232	393.7507196	170
1702	5417	671.094148	141
1722	217	610.1507155	116
1727	8099	209.135512	229
1789	300	388.6248758	113
1843	6846	587.6281111	95
1855	4509	1105.227789	89
1856	5335	481.194307	90
1867	7772	262.0362053	106
1872	5868	409.5429808	148
1908	7575	680.9519093	119
1908	7771	774.5416382	118
1908	8921	799.6942693	111
1955	8838	571.8107358	97
1962	3422	435.3681226	177
1962	8564	358.1769078	191
2008	7307	682.4744277	89
2046	1938	368.4109002	150
2053	5524	256.7239134	124
2059	2435	650.2247101	99
2087	4877	516.997837	103
2145	4416	316.677082	101
2147	2440	792.6548499	103
2159	1728	189.5906825	180
2174	7169	1132.870278	110
2203	6555	197.4471809	320
2230	2803	385.1775802	131
2295	821	985.5945532	99
2295	5445	823.2239076	99
2339	7535	1023.312445	99
2415	3541	643.6068178	119
2415	6547	630.1240693	121
2422	3812	1067.722791	97
2466	2032	234.998894	156
2466	5560	253.848399	150
2475	563	1185.289549	100
2514	3087	544.707893	130
2515	9290	1363.880986	83
2532	926	512.1655487	108
2552	471	2725.346116	37.7441779
2553	5629	272.1012716	128
2561	1619	849.0441762	123
2561	7797	711.7403544	127
2601	3222	1023.596024	106
2657	821	795.3066904	113
2657	5445	746.6147126	107
2671	961	227.8338058	182
2671	9557	313.4138828	161
2691	2849	498.9529224	110
2700	2081	290.2780648	127
2797	6178	1408.140277	102
2808	4646	1169.854968	124
2817	454	531.5985628	88
2881	283	490.1802858	133
2881	3323	313.9330072	149
2906	9685	644.0914683	68
2922	4039	247.6914203	139
2922	4640	374.9599521	133
2940	3333	1186.547885	71
2945	3703	642.2702966	123
2945	9608	582.2762999	137
2980	4045	261.0663844	141
2990	5154	4199.801954	46
2996	3241	2272.526861	80
3000	355	365.1318719	158
3000	1168	339.8297974	154
3000	3644	413.3097318	142
3000	4281	429.6558057	145
3000	6280	387.182135	140
3000	7687	443.4140956	151
3112	3659	604.9593191	117
3118	8949	222.2186357	241
3153	2622	2276.566845	58
3180	5788	436.0520763	152
3191	2405	249.0410026	156
3230	3083	1002.271471	88
3239	6638	290.6789846	137
3301	7530	206.4416357	150
3316	1316	3435.188256	42.1285547
3331	8708	448.0364914	139
3341	1569	923.067571	78
3355	8116	1093.502737	120
3360	1565	181.927991	148
3360	2315	398.3731629	161
3450	3077	378.8867424	164
3450	8853	342.2222024	162
3455	5233	861.2799957	112
3519	6277	197.2270033	175
3531	4693	875.780458	148
3566	2319	183.7125213	165
3594	8660	331.3200136	100
3617	9057	2105.242915	70
3655	7	184.1624494	195
3688	1157	1363.238825	59
3698	8830	239.4226367	160
3732	2405	269.790145	148
3830	5868	356.7235085	136
3854	6352	551.6434133	107
3867	111	245.3329939	172
3875	7416	844.2088513	123
3930	5272	1239.199822	101
3957	4645	511.6764969	142
3974	7075	658.2234632	118
3981	1139	229.283283	217
3981	1212	200.2632066	233
4004	5529	2429.397392	111
4032	9296	452.9525917	101
4033	3452	1366.275233	93
4042	7769	821.3928772	115
4058	1007	793.0809717	101
4068	2417	272.5747409	149
4069	6277	261.8995552	153
4077	946	436.8313368	148
4087	495	319.5709305	119
4100	2452	271.5634572	119
4107	7600	448.5462852	105
4142	8934	266.5086527	137
4190	3981	203.57292	236
4206	8071	1970.167144	87
4263	1619	1034.367995	118
4263	7797	899.8101732	121
4338	7379	195.918806	209
4378	8979	679.3414221	65
4380	9755	241.5895172	183
4384	2234	287.6143277	154
4384	4686	225.9936604	195
4384	5350	194.8447166	174
4394	877	410.9807365	111
4469	4191	511.9519911	163
4508	6660	224.927109	160
4532	8034	252.3946594	107
4538	7670	408.6710752	106
4549	5186	277.7831161	162
4595	1619	1046.594706	117
4595	7797	919.7724547	122
4601	2384	279.8366039	168
4650	8865	710.7035141	118
4675	4596	1494.033527	61
4681	6161	361.6212901	137
4751	3715	191.9701167	179
4760	5897	773.311037	83
4761	8950	1204.435222	92
4794	1778	218.8831177	136
4796	9173	202.032925	231
4801	3565	1335.580628	61
4810	8979	685.4684227	60
4831	8486	194.4455676	166
4848	7807	1394.630898	95
4848	8383	1584.072219	87
4867	2234	320.8320003	154
4867	4686	298.4914425	166
4867	5350	255.240974	158
4872	2123	190.9839004	273
4879	7690	919.1129338	115
4898	442	1984.091584	73
4898	9804	2101.778355	68
4901	1585	1807.450982	72
4915	3822	599.5774686	155
4924	4249	359.802274	110
4924	5260	328.707363	114
4935	2246	313.9475495	123
4938	58	616.3053174	105
5004	1374	1855.110356	105
5011	3123	222.7853967	126
5049	4325	981.9362171	96
5060	304	324.8489974	121
5062	1960	286.7928682	185
5090	8089	1877.517354	94
5101	164	188.8633391	162
5104	1413	749.9066978	147
5121	7668	752.5456053	82
5137	7473	449.0405221	133
5156	1939	492.0022204	93
5159	8367	2756.314439	84
5171	90	295.773216	174
5199	3356	187.9908066	108
5247	1989	248.5117268	207
5247	3830	256.7222885	213
5247	6657	254.6295969	203
5247	7619	244.6889444	208
5251	1076	729.4483794	110
5268	6761	300.4026524	134
5288	2955	788.658472	89
5355	304	227.3758876	147
5373	4815	946.322069	106
5390	2718	1252.764286	79
5403	2542	437.6422267	143
5421	3437	321.4833408	173
5427	7131	790.421166	148
5428	1716	260.2110086	149
5435	1023	1483.972157	66
5435	3962	1488.222475	65
5448	5881	1189.028057	108
5451	6319	2309.474045	58
5491	6392	1320.896746	66
5491	9698	1197.928436	69
5497	4471	309.2954482	87
5497	6516	268.2244259	87
5505	9781	199.3875177	183
5518	2625	187.784925	158
5523	82	345.6582393	143
5559	1179	1042.212766	103
5559	2895	1144.199992	97
5559	8416	1079.401584	103
5570	1886	937.1921498	106
5583	9905	1090.304075	109
5596	7678	1124.518734	82
5608	893	588.125497	118
5648	1960	185.2764624	189
5655	2498	2823.012622	92
5657	5122	198.0697566	107
5671	7993	1310.545372	107
5673	9089	601.5380984	150
5686	8116	1181.188225	115
5700	1182	211.1708469	158
5703	509	237.8255601	130
5738	2542	433.1583983	140
5804	2575	4065.66629	56
5810	4637	2995.219069	65
5822	3423	1800.908194	61
5866	3067	741.2646011	138
5895	3706	999.9293116	95
5934	824	2636.130305	75
5960	829	356.9992982	139
5960	3554	269.350381	123
5967	1917	598.2069726	121
6051	9584	623.2192036	117
6053	9618	581.5601384	176
6063	2676	351.4025211	178
6091	1851	246.0368592	127
6091	2932	262.494291	131
6096	3861	373.3706953	164
6099	3095	869.7349042	126
6119	3717	940.7972075	108
6137	9207	252.5116294	148
6141	2568	1662.605247	89
6145	2869	926.5493669	91
6145	3359	663.2623744	103
6145	6060	640.228427	93
6183	8566	818.6389706	92
6194	6277	241.8244487	147
6213	3835	1488.882279	98
6228	9109	1779.588859	65
6249	5264	2477.6653	50
6271	1098	988.908342	113
6279	5805	186.4585427	114
6317	5398	571.5290072	112
6317	5405	579.3794805	112
6361	7	196.6307251	185
6376	7549	768.850994	99
6408	7773	218.5343309	71
6442	3693	658.8074836	110
6460	3579	195.9807908	147
6519	9635	191.6475716	189
6548	530	264.6672316	153
6558	1687	900.1953843	69
6572	3188	348.2758748	113
6589	9753	810.6407155	140
6595	2449	456.2757887	133
6688	3279	385.3313369	137
6695	222	535.8818093	76
6700	9765	1184.363224	88
6729	7735	444.6500656	109
6729	8915	460.9272324	96
6746	4438	196.9845392	212
6749	6900	184.7631395	167
6754	4528	211.3110715	353
6788	8951	840.633667	126
6798	3539	365.176819	145
6798	3658	337.0090684	146
6824	1839	1107.50474	76
6845	6512	210.7932978	170
6858	7235	857.5630242	106
6859	1329	594.5946951	115
6859	6932	597.1256786	116
6859	9448	667.0850897	122
6860	7031	193.3414555	214
6905	363	1160.846812	108
6912	8034	254.4428759	103
6913	9432	250.3646317	188
6926	9628	516.3901579	86
6927	9711	770.9753893	81
6954	7312	182.6347992	234
6974	273	514.8111108	130
6974	7080	363.4588442	130
6984	5949	269.9318754	196
7033	3764	285.8033423	131
7060	4684	952.4275495	104
7095	3013	296.9982884	135
7107	9776	1215.006622	73
7134	4995	1986.316476	66
7144	6697	215.0447064	170
7149	5249	355.8823701	124
7171	1939	550.1862815	87
7191	9561	1064.029623	110
7219	2656	320.2132285	182
7223	5073	377.0328522	123
7243	7353	198.9168766	135
7263	2939	413.4543276	160
