2	3317	1447.946341	76
11	2016	431.7460355	170
15	5863	2160.624529	74
17	3929	744.0696085	161
18	2042	3178.901353	28.36356641
19	11259	732.1382642	88
20	1931	3295.055099	39.44033602
30	331	1301.404032	111
30	6820	1686.993443	112
34	2301	1477.462148	29.63817606
35	488	1431.267908	68
39	3370	1462.105399	19.09611913
48	1528	2982.617951	36.92365229
48	4526	3332.733052	39.44033602
48	5023	3332.733052	39.44033602
53	9394	535.7520831	122
55	230	313.0896731	124
57	8523	3516.223161	54
58	10203	1820.869516	47
80	5022	1013.80461	53
95	2593	193.8725427	94
97	1985	1448.919825	95
98	3140	300.3837183	57
104	97	452.6783686	141
106	1467	801.2898891	88
106	2471	944.9323776	97
106	2556	750.1266542	97
107	945	644.043376	139
114	5332	912.9773027	90
116	5441	1230.096301	43.0647448
116	8903	1143.373203	41.21271655
121	3	688.4475575	89
131	547	279.6970758	131
131	1117	358.5322716	108
131	4945	314.3899514	123
131	11346	284.426238	132
140	8309	3805.724664	47
154	11933	245.5904358	149
158	7682	5203.096895	41.21271655
159	2889	971.9719137	60
159	11555	996.7334153	60
171	3257	1289.292208	103
179	8396	5240.029256	42.1285547
181	6357	886.3028351	113
182	8953	1925.842852	57
184	8365	891.8347691	90
191	1677	526.6823061	134
195	843	586.9144294	88
195	2557	703.0021294	86
196	3711	897.8935394	99
197	8465	946.1473949	89
201	167	511.3571644	125
201	1871	624.5810589	99
202	10877	502.966752	131
210	3647	3242.384844	60
211	5966	669.4950864	43.0647448
211	10955	846.0550835	47
213	5816	1967.07301	120
214	4187	883.4095004	56
228	11830	1288.372264	78
238	8787	1398.550705	83
239	4309	1433.346705	37.7441779
239	5069	1351.467368	38.58293741
239	11618	1514.099531	38.58293741
239	12268	1509.994068	37.7441779
240	9892	1619.71331	53
242	6038	502.9983566	91
242	9638	506.1351823	79
242	11273	434.2104857	94
251	6780	474.9145138	139
253	6416	13209.7363	66
254	10832	7522.079761	58
259	250	214.317746	170
262	12495	547.4454187	68
264	10629	1464.561344	51
266	4076	1251.002622	106
268	9999	1452.874736	53
269	3448	602.2938942	82
276	10708	938.5797157	111
277	11914	852.9162117	102
278	3062	254.3543229	225
281	6531	608.0985589	23.79021103
284	7738	521.7492729	147
293	2523	395.4177101	87
308	7466	1724.873552	130
324	979	427.2163486	107
330	9342	478.9657442	79
339	7992	4656.149272	35.33572585
340	10410	1707.059544	82
346	8617	551.9298709	84
352	6716	565.4307473	96
359	4333	1076.96403	80
363	6218	367.2366829	74
366	1025	2216.91437	57
373	1012	370.6856651	132
376	2050	559.6060686	178
377	12628	1137.668379	36.1209642
381	5523	2055.351032	50
385	3932	566.1240874	54
388	5570	1269.280422	107
390	12322	191.1368279	150
397	1298	631.7579667	163
398	3881	466.2683485	52
403	4823	1639.532846	107
404	6538	771.3441708	56
409	1561	393.0730163	131
411	7585	1506.560152	96
415	10725	1060.918297	95
419	2989	301.7983301	94
419	3654	295.2580086	95
428	10270	1329.107148	97
434	11109	864.2212865	57
437	8355	1237.375714	70
444	1212	758.0721103	81
446	11942	1699.026454	75
463	2134	975.2395709	107
471	12239	1616.816206	77
473	6892	324.2700551	103
473	9662	324.2700551	103
475	5268	1000.328753	117
479	4021	571.4989576	121
485	4385	362.0308402	126
485	11903	351.5720946	125
487	3147	624.2195227	80
487	3693	537.321415	73
488	3973	798.2627554	126
491	383	1145.693587	67
492	4240	797.3217845	82
496	472	706.3461096	46
496	5458	925.6256964	52
498	12478	1226.568167	97
499	2180	632.3821866	59
500	344	1754.235359	37.7441779
510	7983	239.8587244	133
513	8837	924.2217116	81
522	846	314.5776868	148
525	8913	1824.72025	45
527	991	933.8897064	103
538	11532	1019.385623	82
544	1711	1467.742317	80
546	5348	648.285845	103
550	10593	4142.331609	13.73299768
551	9800	623.6229101	37.7441779
554	2190	1315.779105	24.859302
558	11162	521.4627249	81
574	2303	3297.24229	64
590	8095	288.6171894	131
591	11079	323.5587735	111
593	8573	740.8741824	51
593	8817	733.2781502	53
594	391	1266.847305	86
602	7161	1773.506461	29.63817606
608	7193	534.0923949	33.81608925
619	2646	250.1269789	173
633	686	1102.512611	48
633	895	924.797964	44.02173913
633	4605	852.5195946	47
635	8842	1611.800205	85
638	5914	7428.590983	17.48895434
642	11629	2437.961129	53
643	10045	2201.466932	62
644	88	2817.027912	0.04944973435
644	3887	2817.027912	0.04944973435
644	7997	1878.018608	0.04944973435
646	1168	356.5877316	159
651	11453	1056.361025	70
657	7707	2783.660031	98
662	11148	186.2338583	206
666	3451	612.303229	186
670	7050	1009.418007	83
672	1453	978.9784712	98
677	2645	1282.34572	88
680	11661	695.653469	111
682	10248	458.6775015	131
688	10049	326.2705333	152
690	488	1502.987531	65
692	5132	859.0572212	59
701	5875	375.6570148	109
707	8286	267.4413293	152
716	5670	873.79958	117
718	2128	936.4226667	75
719	4384	8283.32223	46
719	11048	6651.174472	45
725	12467	783.5913138	116
730	12173	379.8339011	119
732	7022	2906.790236	44.02173913
741	1180	567.7637547	118
747	5388	1345.588733	66
749	11882	451.6249276	82
749	12604	476.5608001	81
756	1171	520.0170853	75
757	2904	622.9479959	135
760	1208	693.3253896	117
760	3843	718.6382556	116
765	12589	626.5660941	133
768	8334	2350.244447	50
769	5033	577.8009575	116
770	7986	607.7704377	69
773	10667	1266.709522	25.97643606
793	12106	3632.270656	44.02173913
795	10192	1958.019897	11.26827626
800	10034	454.2267322	64
802	3233	280.2031522	129
804	959	1885.250674	131
808	7185	3026.081784	62
808	8868	3517.341158	59
808	12608	3495.860934	61
811	7476	1277.180917	95
824	11148	196.3940024	206
825	2325	492.611185	102
831	8201	303.1294217	163
835	11070	1729.760962	72
836	7335	4151.685188	45
836	11662	4831.798098	44.02173913
839	2602	768.9055026	93
846	11088	874.4179105	78
846	12560	1205.122965	73
847	5799	4790.483681	16.37298599
851	2442	1589.152422	48
851	7021	1508.925991	48
854	5153	2053.767245	122
854	9720	2182.991836	122
857	7974	326.4737717	217
857	12127	321.1603169	218
862	8315	905.7954471	105
872	2225	605.3612618	114
874	6965	917.2844446	92
875	3558	674.1835907	110
877	5688	5135.524471	91
880	5266	1233.049225	1.004320936
895	2147	1123.43924	11.02331373
895	8592	1067.343343	13.73299768
899	3923	189.0332351	123
910	2985	518.562371	108
914	1232	1073.367574	106
929	777	1292.539161	82
930	10609	1015.865504	17.48895434
943	5477	5864.887561	63
958	9547	1052.809491	25.97643606
959	2688	452.0919679	108
960	8481	297.0578264	128
961	742	3406.954434	106
967	9734	755.5350255	70
971	12625	739.4771265	105
975	7723	763.4096762	127
978	10537	1194.729614	134
979	10722	2758.171906	59
983	4912	1784.686841	40.31678793
985	8206	3407.731681	98
989	714	369.4591086	181
992	4417	1567.523315	28.36356641
992	11603	1567.523315	28.36356641
1007	5084	261.9492786	117
1008	7868	1665.670525	70
1012	1068	1475.850856	24.31888239
1021	6564	265.7338404	123
1030	10956	505.2041057	142
1031	10338	1109.054015	125
1032	10639	4703.992195	40.31678793
1039	5436	2014.632428	72
1050	9041	888.7280251	127
1052	105	226.9663911	228
1052	948	226.9663911	228
1059	4493	532.2047679	93
1059	9920	573.7741929	80
1065	8679	563.0941947	115
1066	1679	272.6033225	98
1068	578	650.7295539	139
1073	1973	762.8728888	118
1076	7763	822.8548942	54
1076	10238	961.6128253	67
1078	2320	886.4724697	91
1079	4954	821.5769002	66
1079	7688	821.2652196	67
1082	5918	368.8088013	142
1085	8787	1398.844767	83
1090	7784	394.1054518	91
1099	9358	1048.173567	35.33572585
1104	6254	285.885827	160
1104	9478	303.2488857	155
1106	9155	935.0807951	102
1110	3837	2614.064949	103
1112	8932	1606.96545	74
1119	3118	200.5535424	120
1128	1196	624.2667808	80
1132	8358	1251.489345	73
1133	12403	1194.568486	102
1136	7203	336.9640837	80
1144	11325	757.965651	41.21271655
1153	6012	2091.622093	117
1156	6402	820.5778396	121
1159	4828	3975.0595	110
1173	11136	809.168697	61
1180	10112	909.405864	70
1194	6311	1670.930273	61
1203	5468	710.6791593	90
1207	4573	1596.536844	79
1218	8955	267.2462795	195
1220	366	498.2294782	161
1223	8208	1062.888063	83
1233	12611	2603.380116	79
1234	341	469.0364346	114
1234	4675	458.2178761	118
1235	93	931.5799437	98
1239	2735	2616.742641	20.39769385
1243	11330	657.4671228	101
1254	4586	655.2885479	82
1258	3398	621.1737041	101
1266	6568	304.874851	107
1274	2625	1275.371436	79
1275	5326	1885.254258	79
1278	7321	310.9686344	43.0647448
1289	9287	590.0287864	59
1294	4292	804.2254613	87
1295	949	1251.441929	59
1300	10803	4071.826975	62
1304	8633	2130.999975	58
1305	9390	1576.22996	2.884348785
1305	9526	1651.271806	0.7065573679
1306	5872	2414.166642	27.74696714
1307	9265	714.5364032	114
1309	3097	2722.439805	57
1311	9891	353.4940834	115
1312	9274	1108.252275	135
1315	3296	1407.911299	77
1315	5224	1333.955617	76
1316	7141	406.9873928	119
1321	12503	3613.03822	54
1336	1727	1396.512768	88
1343	7632	263.3427872	110
1352	1961	2790.186021	73
1357	12510	2374.18524	43.0647448
1374	2304	597.7838915	46
1384	12197	1885.638906	104
1389	1504	1785.180989	122
1392	8741	1683.173313	69
1396	10106	706.3846733	54
1401	12247	650.6461603	103
1406	2193	3134.973599	84
1406	11966	3062.290308	84
1406	12032	2062.96571	87
1408	4620	1986.354528	51
1418	9969	1676.242507	142
1430	2211	331.2602329	168
1437	2943	2105.12094	106
1437	11140	2100.976921	100
1441	11189	579.1493214	171
1442	11069	304.9261611	139
1447	3001	1761.257972	91
1455	12634	356.4133261	190
1461	7413	3658.910649	97
1463	1941	380.2342018	104
1467	7742	226.7637245	124
1472	10306	3054.620287	39.44033602
1472	11468	3054.620287	39.44033602
1474	859	1138.22238	106
1474	10661	1199.131885	111
1477	105	195.4830345	202
1477	948	195.4830345	202
1482	6713	254.9329968	197
1484	12415	1058.944625	109
1492	7745	684.8875879	55
1494	2527	214.6309934	226
1494	7085	238.5295108	234
1494	12217	265.9062008	216
1496	1057	3032.030673	44.02173913
1497	9873	254.4223275	180
1499	1692	1236.018778	91
1504	10799	1276.272756	88
1506	1551	526.8398054	95
1519	7015	431.0626007	111
1521	2005	1478.673191	43.0647448
1523	1238	1176.837674	110
1524	9053	664.77073	137
1527	10681	312.6829881	166
1531	11501	860.3223578	110
1546	10014	276.2138249	67
1549	7644	999.7121696	73
1566	3440	3231.056976	43.0647448
1567	9154	1713.803514	115
1568	1768	1248.534034	52
1571	10761	911.2061061	91
1573	11506	251.7394946	128
1575	7638	2497.464694	78
1575	8071	2927.75817	77
1577	3548	601.351019	88
1583	11254	419.4726177	42.1285547
1584	3151	2278.440179	49
1595	5538	464.235256	138
1596	4093	499.5901396	120
1598	2789	2234.656054	46
1598	8353	2234.656054	46
1608	7132	479.7449691	145
1610	12189	259.9180038	161
1614	1189	457.5319078	139
1614	9266	457.5319078	139
1614	10644	457.5319078	139
1615	286	595.2746292	124
1619	11254	417.9697292	41.21271655
1627	1533	448.4918659	125
1630	9123	236.4966276	205
1646	11101	987.3845325	137
1648	10176	1212.567965	29.63817606
1651	8718	712.7313301	77
1653	11577	10130.6016	20.39769385
1662	6639	1897.436512	130
1664	3298	526.0462363	50
1668	3373	220.2850779	133
1674	10070	204.1197758	114
1675	7686	475.8580024	120
1675	10168	296.9228897	112
1677	1135	1171.290633	28.36356641
1702	3562	526.6790631	118
1706	9900	1260.143918	28.36356641
1707	9073	346.4370727	111
1709	2527	223.2916477	245
1709	7085	263.0458439	212
1709	12217	262.4659962	214
1710	10466	2959.808809	30.97006447
1714	3467	366.8448757	126
1718	5286	554.7177246	125
1729	4142	850.1344916	171
1741	8582	226.2423435	91
1741	11842	341.4136113	86
1742	2257	355.3663803	151
1743	8313	420.7215482	184
1746	1972	764.7667229	39.44033602
1764	9187	207.1475257	128
1767	4296	2301.786288	36.92365229
1776	10646	1112.813149	73
1778	5249	2374.559965	95
1782	12129	2570.522025	37.7441779
1786	9770	2072.625142	89
1789	3355	699.0480509	132
1789	5143	848.0121021	119
1799	9671	731.0246169	70
1804	7113	1244.373349	76
1805	3899	2084.369596	60
1806	8147	2969.102973	35.33572585
1806	11562	2829.339754	35.33572585
1809	8718	715.091242	78
1815	10685	981.5853668	49
1815	12097	761.7199164	45
1817	5008	932.0390623	122
1819	3755	477.9133043	181
1825	11243	2144.704373	69
1826	2197	186.9505031	180
1836	9446	2001.503243	46
1837	10348	768.4932004	128
1841	5997	864.0560909	63
1842	12621	634.7057012	159
1848	1197	1146.064501	65
1848	1876	912.8043033	59
1848	8484	1154.209579	65
1848	9807	941.6290049	58
1851	5644	942.9547709	114
1851	11720	942.9547709	114
1857	10485	2149.279315	96
1867	1242	374.5069576	175
1867	12477	422.6411227	166
1878	3631	577.4167585	61
1888	7944	1317.879418	29.63817606
1891	9352	1734.939093	73
1893	7894	190.7719215	136
1902	11701	1078.214913	116
1909	1923	764.4182646	100
1912	4097	2796.20175	14.03817541
1913	10373	1773.715284	48
1915	4056	1763.078666	93
1916	4883	1077.411922	52
1917	1246	1868.596853	67
1918	7393	2291.59461	64
1920	8446	241.572583	150
1924	11278	231.1753774	276
1934	4561	1995.475969	53
1936	10035	941.7692459	30.2968022
1940	6736	560.9803862	141
1941	2795	278.7863494	142
1946	1375	1499.565802	30.2968022
1950	6757	1399.191466	100
1956	772	1304.013506	102
1956	3360	1206.510538	99
1956	7047	1031.051346	99
1956	8397	1286.984638	103
1957	7981	973.8425635	100
1971	940	1102.644314	88
1972	74	497.1410251	78
1978	4217	990.7904285	42.1285547
1979	1799	663.7524233	71
1985	8261	2339.222216	61
1986	11240	217.2436995	146
1992	1831	225.8212473	153
1993	10760	1145.590919	81
2005	11402	735.8043443	84
2007	5356	372.8644303	124
2008	10022	1138.859801	29.63817606
2011	1639	1306.9703	39.44033602
2014	2743	395.2792896	74
2016	9855	495.372191	89
2020	5786	2273.788516	70
2025	6865	881.9338244	116
2029	104	279.3643358	201
2030	10499	1014.405544	110
2032	746	9163.402557	47
2037	11016	2684.411857	69
2042	545	327.8728432	123
2055	2909	1145.524064	47
2061	5453	1302.842622	17.10875968
2068	10111	190.3577276	384
2072	586	1035.2584	74
2073	7801	372.5053032	148
2078	548	1470.879303	118
2081	11751	547.5573218	81
2090	48	844.4658293	90
2091	5215	529.8573715	78
2091	8840	529.8573715	78
2092	6908	2329.503162	89
2100	2797	3496.564643	35.33572585
2106	3109	902.3758896	137
2110	12588	501.0807148	153
2112	2830	995.5449	121
2113	903	340.2944554	183
2115	285	2929.469069	33.81608925
2115	429	3223.732219	34.5675579
2115	10193	3213.555078	34.5675579
2124	8216	844.7690449	107
2132	408	885.8664435	60
2133	6877	378.4960877	150
2133	8935	294.0523123	156
2135	5046	370.8005401	124
2139	8472	555.3012034	106
2140	5624	602.1948261	94
2142	6468	581.6364352	87
2146	2987	332.7755377	131
2147	3520	2136.901879	51
2151	4445	824.5654249	103
2151	9493	1018.83935	90
2151	11147	1032.846427	88
2156	8936	2215.719129	48
2160	5462	965.2221824	85
2161	10210	1432.956696	24.31888239
2195	428	1628.190054	120
2196	1598	297.9328417	171
2202	6645	1232.237946	71
2202	10325	1435.174148	68
2202	12384	1231.422367	69
2203	8850	2400.02674	64
2213	2409	657.4483858	93
2215	11828	3248.084457	66
2230	1894	597.333605	72
2231	2811	1824.539656	89
2231	10671	1824.539656	89
2232	8026	1372.963242	58
2233	5902	619.9728375	139
2233	6803	619.9728375	139
2234	10597	469.8346894	185
2237	4019	1394.029788	36.1209642
2238	7392	1140.747183	64
2238	10417	1615.312562	65
2239	3556	1994.781934	71
2256	9980	750.8524926	33.81608925
2257	4402	1896.665131	77
2257	10033	1732.755693	77
2266	4905	564.7038165	134
2277	2358	1575.715403	105
2280	9954	5761.580596	62
2292	7922	464.16965	136
2302	12465	775.21041	88
2309	6094	1525.40641	85
2309	8099	1771.256004	77
2313	1657	591.9376884	128
2317	3971	1949.201931	50
2320	7343	502.2126158	73
2323	6421	1189.126722	100
2329	2510	1155.615385	126
2329	3521	1002.936969	134
2333	10759	9896.989698	20.39769385
2335	9894	1851.593201	67
2339	6886	569.5787746	154
2343	4908	1817.67838	31.65828812
2343	6657	1466.739581	27.1437722
2346	11249	1752.32488	36.92365229
2350	7110	917.4128464	122
2355	2049	2283.859271	104
2377	2083	718.8834962	82
2391	3496	2164.938331	86
2392	12022	1737.639065	75
2394	4129	880.0256036	83
2394	10416	952.5573354	87
2404	7320	740.1913459	78
2412	5369	2633.988435	64
2413	11527	1201.311669	89
2428	11655	545.3916564	104
2430	3010	1772.568281	54
2431	1901	2748.361174	76
2436	9168	188.9303754	151
2443	7412	1087.336211	118
2443	7470	1151.630333	118
2446	3534	200.7757783	157
2450	6877	368.1549167	156
2450	8935	266.2417194	157
2458	8161	1278.088499	126
2473	10858	803.5959683	54
2473	10929	815.9531871	53
2478	12061	2258.100914	59
2481	8924	1572.583432	81
2490	547	218.41528	149
2490	1117	352.6357454	111
2490	4945	267.3550553	134
2490	11346	293.1125024	111
2491	6204	357.8422794	81
2491	9469	208.7017287	115
2497	11024	1841.643048	153
2505	7588	871.924996	77
2509	7056	909.5660048	58
2509	9813	1222.420669	58
2520	530	3188.19481	76
2530	1082	933.1601502	99
2532	608	535.5424098	148
2535	6921	16110.67987	65
2544	10190	455.7090958	138
2552	5262	539.190416	96
2552	11557	553.6313215	105
2563	3633	976.0053367	77
2567	3767	877.1366298	13.1424009
2568	10437	812.8407616	76
2569	7867	483.4781149	184
2571	11215	843.1692803	78
2572	7074	612.8464687	100
2591	7566	1213.403084	58
2592	11333	628.2022795	106
2597	547	189.3076458	159
2597	1117	243.1591937	140
2597	4945	211.6663915	163
2597	11346	191.6132572	157
2602	1392	993.5129789	72
2606	7797	1075.071036	71
2607	8928	469.0556938	102
2610	6651	950.9632746	80
2612	425	1830.466965	30.2968022
2612	11121	1654.240462	24.31888239
2620	3881	451.6422952	53
2624	1530	772.1437597	105
2632	797	650.9981157	58
2633	1446	409.9898818	110
2637	486	497.731205	85
2637	8882	497.731205	85
2642	8285	695.6825733	169
2643	4281	729.858714	62
2649	9312	931.1481059	117
2649	10631	1037.574292	115
2650	8617	505.5776947	100
2651	1578	488.0495511	125
2651	8067	437.8822098	114
2664	330	424.3346656	121
2674	5115	677.60771	100
2679	7975	1274.696605	7.755094268
2679	10300	1249.155842	8.655928707
2679	10370	1270.266946	7.755094268
2684	2949	966.4195676	90
2686	8623	2565.962395	48
2700	8475	1280.990235	67
2713	5991	657.6124828	69
2714	2109	666.3272702	111
2719	3376	416.9971095	145
2723	9327	286.3503377	106
2726	2039	1654.451111	115
2726	8737	1631.384589	115
2726	10222	1654.451111	115
2738	9349	207.396482	149
2740	12488	290.8408482	134
2748	601	2807.70544	26.5536902
2751	8017	998.0284401	106
2762	5399	618.8309219	33.81608925
2763	2379	2885.06729	47
2778	5537	3422.899757	37.7441779
2784	24	2196.033886	87
2784	6767	2061.654774	85
2795	171	562.346493	147
2797	5855	626.507249	109
2801	11602	1055.115493	97
2806	9415	1990.379215	147
2816	5995	395.186778	154
2819	10205	2656.610653	49
2823	2072	19065.5667	59
2825	5199	648.886178	23.27303253
2825	10259	997.7680338	17.87759777
2831	3819	2568.425337	124
2833	3392	2483.164603	64
2833	4857	2275.911652	58
2834	4796	901.3387285	41.21271655
2839	4098	1427.503697	45
2841	3695	948.1220843	53
2845	8730	202.1119457	166
2852	625	736.2896961	95
2852	4386	686.3801184	93
2852	10777	736.2896961	95
2855	1682	649.4723404	83
2863	8859	398.584095	127
2866	3356	652.4450086	152
2871	10979	22177.80966	36.92365229
2880	3657	669.477126	140
2881	9406	2143.871321	70
2882	5885	836.6021322	78
2882	8124	836.6021322	78
2882	12280	818.1502509	78
2886	9628	860.2202939	92
2890	9725	935.7846408	65
2892	5770	549.5127955	134
2893	7188	606.6006933	43.0647448
2907	2701	422.5301087	123
2910	8813	2201.312507	91
2916	457	6390.353726	32.36180563
2931	4406	553.3693691	99
2942	3643	1071.723388	101
2947	7145	399.8560901	115
2948	4250	1428.226898	73
2950	6289	1352.594494	85
2952	1763	283.2883064	118
2955	4850	372.9196421	193
2956	10197	851.9768622	98
2961	1700	625.6019114	48
2962	4995	481.7836104	101
2963	4126	1666.537138	58
2965	1992	1223.427611	37.7441779
2967	2504	775.5832687	99
2972	7720	2307.914206	65
2973	3830	1468.577037	98
2976	4569	205.6547742	157
2983	919	3300.863651	88
2985	1827	992.1818789	83
2986	8867	778.2522711	62
2987	11330	740.6579191	96
2994	5525	722.7233608	112
3006	2199	1415.858475	43.0647448
3016	504	3500.71774	119
3021	4802	3125.991623	94
3027	7275	837.3364464	37.7441779
3030	4382	194.0600514	169
3034	2463	719.6380886	67
3037	2014	4281.282069	76
3060	11367	1805.185275	77
3068	8463	786.8372624	35.33572585
3071	6864	542.3782355	142
3074	7702	1647.00947	70
3084	1077	2856.238064	17.10875968
3084	12251	3780.826929	14.35013486
3085	1410	1017.486515	95
3092	11423	3618.961879	50
3093	6585	775.0215807	70
3095	2878	4258.834157	12.03631207
3098	10323	632.4303652	111
3102	10477	1274.192023	101
3112	11897	1564.558095	90
3115	2538	586.3538524	115
3123	8220	360.0730993	119
3128	10150	933.1470424	84
3133	2771	6300.670267	43.0647448
3134	2711	1665.80003	64
3143	9949	4546.609988	67
3143	11534	4553.455304	67
3153	11295	4496.284557	54
3159	10800	1080.278567	35.33572585
3159	11892	1317.920642	25.97643606
3162	8883	589.6841941	151
3176	4223	519.2105484	187
3184	2104	740.8635935	104
3184	2244	697.8600576	109
3188	3196	1391.296277	66
3195	12459	1543.4082	123
3197	12281	995.2699501	88
3199	11017	398.296973	85
3201	679	798.1986893	60
3214	6184	2178.527701	34.5675579
3215	4218	839.1651433	158
3216	3346	958.84994	95
3220	8524	1041.245965	119
3221	5621	369.6903294	114
3227	2490	882.0795705	69
3238	4459	628.4684995	96
3238	12370	671.3657733	99
3239	3643	1162.645781	98
3250	4522	4882.207346	55
3257	1083	536.4451882	139
3266	2412	1698.731503	91
3267	11948	724.8872207	101
3271	6234	2845.29091	48
3275	9496	862.0437691	32.36180563
3280	10024	455.8915328	113
3281	3508	1567.403987	40.31678793
3283	8906	3956.547976	67
3284	4783	1225.943537	93
3284	5437	1265.245537	95
3285	4764	1481.768843	59
3285	10208	1198.544379	69
3293	1772	524.2820519	82
3294	8917	361.2896901	141
3296	11303	757.1290662	24.859302
3301	11864	1191.715057	143
3303	2102	1023.428292	104
3314	3150	450.3993	141
3316	10103	1436.786393	127
3329	5771	380.4344944	71
3332	2991	553.7769519	134
3333	8483	732.3236772	86
3338	11097	3600.750808	36.1209642
3344	11907	574.0547201	129
3351	3871	1778.837635	52
3358	4585	370.4890184	113
3371	3395	1391.243571	65
3372	204	534.1000327	121
3378	11633	777.4661376	150
3380	4117	2507.392547	36.1209642
3385	58	1546.053686	47
3390	5844	326.8742903	108
3391	12397	565.7569124	80
3395	5896	597.2453088	91
3398	9307	499.5785686	92
3400	9772	1876.330938	105
3404	9553	1634.470693	77
3415	11086	1342.382342	121
3416	5058	2441.670886	51
3424	9632	1212.336895	61
3431	9521	444.1407344	103
3435	2778	1581.131886	38.58293741
3436	3695	886.3180131	57
3454	1812	1822.170807	80
3454	4472	1822.706824	80
3455	5957	351.3832742	110
3456	8143	674.0153332	124
3457	3168	289.6203696	160
3472	6844	616.5998872	121
3473	11573	706.6240734	14.99500512
3475	8144	1502.120227	106
3478	8557	5001.849378	79
3484	4887	977.226958	82
3484	7254	1088.981465	86
3484	11379	885.519638	93
3485	4657	2477.667891	71
3486	7848	393.4172233	101
3490	6659	1678.315392	49
3491	3858	748.343782	82
3492	3771	478.1434869	144
3494	10287	693.764236	101
3496	6839	615.3724451	47
3499	1806	277.774464	109
3500	1991	1675.79242	17.87759777
3505	944	5041.406035	103
3508	2527	196.7536386	236
3508	7085	242.1575994	228
3508	12217	250.8072672	224
3516	1268	448.4304784	99
3518	6111	1476.041607	92
3522	3899	2323.69941	57
3524	6854	808.6230565	98
3528	1289	1861.093037	120
3533	7886	1551.074995	48
3554	12263	1682.011936	54
3555	1458	842.5706828	125
3556	4571	701.0962645	54
3556	8825	725.8674213	53
3557	7742	244.6982138	123
3565	12119	1771.139264	91
3568	11364	390.5137437	156
3572	353	418.1425379	121
3574	4991	2899.303736	67
3574	10459	3192.218073	62
3578	7632	251.3399723	124
3586	5289	3711.847452	58
3587	6716	790.0165698	87
3590	2493	1263.243956	118
3593	5509	779.1194232	13.1424009
3596	3355	744.0480762	134
3596	5143	929.5129382	115
3597	10518	1260.295479	103
3608	2465	2027.298981	67
3611	11306	2798.203248	47
3611	12400	2937.212475	41.21271655
3615	2542	28011.28574	39.44033602
3628	10884	505.4569977	89
3631	1586	428.4001814	133
3631	6101	273.3023559	151
3631	7305	346.1991206	149
3631	12519	323.09565	138
3634	785	309.3635618	127
3635	5632	1182.278875	70
3647	5184	1083.609502	138
3654	785	377.864763	112
3661	1356	948.3862312	66
3665	1329	789.0078213	66
3668	4193	2506.386685	26.5536902
3672	10227	3064.059827	27.1437722
3674	9429	1677.970397	103
3676	100	801.9909812	124
3677	4805	1286.674298	113
3683	1495	608.066467	80
3683	7855	585.109308	77
3687	8133	294.7362531	98
3689	9353	3226.800285	100
3691	4810	278.4385296	308
3697	333	876.5976907	94
3697	2653	973.9098568	92
3699	10079	1518.914795	82
3706	1998	1093.397737	85
3717	12183	889.7143677	39.44033602
3719	10936	1079.222341	126
3723	7804	1040.670123	27.1437722
3725	1380	309.0311574	134
3726	3886	603.2378219	42.1285547
3726	10186	613.6009966	41.21271655
3727	8588	438.7223802	160
3734	2492	780.2925852	50
3734	6206	1073.147988	48
3745	6389	512.3375252	82
3745	9840	713.1546479	73
3746	3501	888.8850692	127
3746	9344	888.8850692	127
3746	9402	888.8850692	127
3747	8809	2238.364286	51
3751	4681	378.1587824	128
3770	6743	1208.308001	32.36180563
3770	10125	1088.295254	34.5675579
3775	6520	1461.994889	19.09611913
3775	12317	1150.762201	15.66885474
3786	12224	1271.900312	64
3791	1608	603.298403	107
3806	7186	429.3870279	106
3807	1391	444.8586237	113
3808	7827	933.3727566	98
3809	9748	1028.669898	41.21271655
3816	811	440.8646029	108
3816	12162	480.9757294	120
3819	30	941.2170356	97
3821	7143	211.3697732	182
3833	9734	795.604148	70
3834	10878	1893.590554	36.92365229
3847	2699	324.577898	131
3847	7812	465.6137781	130
3851	10682	1412.582908	30.97006447
3852	2514	196.522677	143
3853	8910	575.0981428	96
3857	1040	1054.93636	78
3860	1447	679.7062358	137
3861	8042	233.2252307	198
3862	277	493.8808626	150
3865	5553	4044.680888	78
3872	6916	874.2997196	50
3883	7733	1357.381285	90
3884	850	205.1274498	141
3884	4206	241.5455886	139
3890	167	574.9656536	112
3890	1871	622.6255992	99
3894	6970	735.3923403	126
3896	6143	622.9940664	55
3899	10752	346.4017758	100
3908	6924	1508.410206	76
3909	584	2214.234953	39.44033602
3909	4088	2087.950736	37.7441779
3909	10739	1587.909101	41.21271655
3910	11979	263.9900622	298
3913	10167	1844.817034	54
3913	12208	1844.817034	54
3915	5998	354.4995353	117
3916	9803	958.3442946	119
3916	10314	922.780938	126
3919	1982	2537.187078	38.58293741
3921	7561	636.1145677	135
3928	6383	2133.35532	42.1285547
3931	11040	615.453116	81
3936	4969	637.8804105	58
3938	3635	3217.358332	60
3938	7610	3260.656744	60
3939	11234	675.478391	32.36180563
3944	6080	1188.131536	96
3953	5325	1606.580572	51
3957	5435	263.8482536	111
3960	8037	3618.790769	16.37298599
3963	12434	1041.949547	45
3969	5669	1890.034505	45
3975	10406	213.5364452	151
3978	5030	700.8628014	110
3989	7597	754.7257212	74
3993	10187	400.9575283	135
3997	8886	337.7530434	119
4000	11211	678.9922227	127
4008	4036	1994.329445	94
4019	7408	418.9963541	65
4025	10016	1680.432782	126
4026	8315	908.8896952	105
4041	8746	439.7660349	77
4044	4216	529.1236502	127
4050	5135	269.7398943	150
4051	8887	1856.367601	68
4052	12385	427.7250666	233
4062	8241	1156.06607	106
4066	1646	242.1355845	144
4068	8404	907.2944938	98
4068	9713	1275.206808	92
4071	1944	3440.79161	33.08095687
4074	3230	719.8201637	66
4074	9216	719.8201637	66
4081	3997	215.066242	100
4084	4132	320.8168772	135
4086	7436	1074.902216	102
4086	8768	1073.270762	101
4086	10663	1463.48804	102
4091	11756	2225.050088	71
4095	10481	182.9271388	174
4102	10113	1705.582177	88
4103	2635	691.6595307	91
4103	12093	691.6595307	91
4122	7991	2497.906359	77
4124	9835	333.9027891	215
4126	3797	1741.309935	36.1209642
4132	1814	2031.876871	36.92365229
4136	7816	1211.217074	87
4145	9505	946.3944291	31.65828812
4159	4782	898.5502954	124
4166	2168	2886.317033	32.36180563
4166	11652	2628.056595	28.36356641
4173	1552	549.6971192	92
4184	7070	3361.127964	40.31678793
4186	1586	452.5597143	134
4186	6101	228.1926069	162
4186	7305	338.8677753	172
4186	12519	326.5868827	133
4187	11006	2099.493752	123
4190	10917	666.5616495	96
4192	208	1986.731897	48
4204	5000	688.6756395	101
4206	9688	802.3167997	65
4206	10925	583.6429186	78
4212	971	430.2289632	95
4220	2605	519.0282689	117
4220	2809	644.790809	109
4220	3510	775.4422735	102
4221	5580	920.1960572	142
4224	2080	505.8752908	106
4225	11488	2263.2489	64
4226	5516	3681.134742	24.859302
4235	4255	1249.053842	66
4239	11187	400.4419024	173
4240	1952	1600.551335	52
4240	2591	1603.677876	57
4242	12017	236.0061654	295
4244	9911	198.1097356	194
4245	3801	942.0031278	59
4255	11868	1629.628111	55
4257	7272	1468.048005	28.36356641
4261	2853	414.6102205	193
4266	8771	1431.006609	64
4270	53	1011.806159	38.58293741
4270	7487	1333.964411	41.21271655
4284	4470	416.20827	75
4299	6361	2131.196279	36.1209642
4299	7560	1774.359864	40.31678793
4301	7925	2404.248729	33.81608925
4303	4504	1470.094244	48
4307	839	1372.046768	8.1035948
4308	6865	764.3675345	111
4316	2114	182.7356793	277
4317	3604	4035.48057	74
4324	3704	1779.567493	29.63817606
4324	10533	1897.20251	30.97006447
4331	8759	1060.613634	100
4333	1035	643.8103474	142
4333	4811	643.8103474	142
4340	3868	3154.142257	16.73683012
4340	4006	3436.767955	17.48895434
4340	6706	2878.956534	17.10875968
4341	9836	2704.036287	71
4346	6114	1072.936125	96
4351	5499	677.3506419	91
4352	11624	1972.065991	44.02173913
4356	1956	1376.058969	97
4365	9071	4393.584378	62
4370	7252	1005.043148	33.81608925
4377	11503	324.1586181	137
4380	552	3124.960905	28.99386789
4380	6842	3496.443335	29.63817606
4380	10318	3465.789197	29.63817606
4382	9161	1302.678119	21.78798276
4386	10430	551.8194806	54
4408	268	2222.24431	105
4408	11858	2286.477622	104
4410	639	223.3273092	150
4412	3898	187.3638042	173
4412	6682	197.7526141	176
4421	4338	1751.808774	86
4421	7994	1301.650292	88
4424	6901	3924.261157	90
4426	669	758.9436186	85
4434	11030	2144.820765	22.27216015
4435	1636	1390.830716	96
4444	9921	849.8035188	76
4447	240	745.6624429	18.27487772
4448	8711	1953.601115	28.99386789
4451	5031	671.0504968	97
4451	7236	669.4483749	95
4460	11789	3336.362836	77
4465	9773	7877.443153	68
4465	12226	7868.863446	68
4466	5202	199.0405992	129
4468	358	1478.987839	49
4468	10073	1274.263399	59
4469	8254	1015.63127	127
4480	8376	7464.374054	30.2968022
4482	8698	2133.298751	40.31678793
4484	11977	278.8517111	167
4491	955	500.538732	103
4506	6259	859.3503277	51
4515	11881	1270.958724	98
4517	10883	912.100842	98
4520	7373	2258.777599	107
4527	4543	727.789594	35.33572585
4530	7094	1637.247735	50
4535	10750	369.3904643	108
4549	9745	3288.040472	71
4556	10052	697.9596006	131
4559	1244	226.4363416	105
4559	3159	216.9698706	111
4565	8558	417.7003735	115
4573	2845	726.361642	90
4575	9940	442.8123664	106
4585	10373	1775.414112	54
4594	26	2337.342336	48
4597	2988	6702.676174	65
4597	4084	6717.792173	65
4597	8865	6655.993031	66
4602	4445	804.0756203	103
4602	9493	986.3718403	94
4602	11147	996.1088718	92
4606	3488	906.2538169	83
4608	1395	20838.73375	10.0955712
4614	3128	955.7857352	23.79021103
4614	6428	1188.578752	22.27216015
4625	4376	1807.857642	58
4631	1478	1018.060187	59
4634	9369	1164.412691	45
4640	572	482.4774585	138
4640	3564	579.9269705	133
4643	135	668.3408713	96
4643	4950	833.8660563	85
4648	10236	1600.779379	54
4648	11615	1600.779379	54
4649	1890	274.9301277	126
4652	11861	430.1208399	80
4652	12455	603.1786769	75
4653	8514	184.2491735	101
4663	10270	1895.863225	96
4664	2484	207.3839128	120
4680	5407	537.6173106	129
4681	8880	1125.367582	100
4682	3409	891.8518416	107
4686	4083	1347.390685	62
4688	6425	922.0209444	123
4689	8959	877.4363921	97
4705	12535	775.1597943	102
4706	4982	1886.675608	48
4708	4385	338.851666	129
4708	11903	328.2547297	128
4721	6441	1515.774539	91
4721	10268	1604.471187	90
4725	10667	1199.362692	32.36180563
4727	10891	438.2106084	78
4729	2499	492.1104	153
4733	1106	2422.565454	66
4740	2388	476.7039535	92
4758	8305	541.3981637	121
4758	11174	378.2179525	133
4760	3355	541.7505232	140
4760	5143	650.5541634	133
4762	3101	338.8249794	130
4762	10738	359.0613465	127
4774	3862	685.4397994	80
4775	10656	200.4826936	116
4781	7978	317.5079936	223
4787	12602	301.1630853	196
4789	10567	882.478443	78
4791	2871	1233.020091	93
4809	5270	1275.881892	65
4818	2386	2969.397882	11.77465311
4818	5324	3089.02941	12.85669654
4818	5686	2467.133312	12.57720313
4818	9514	3158.199074	12.57720313
4818	9735	2489.507722	10.31991723
4826	12189	372.5097636	148
4829	368	312.776134	290
4841	115	508.1565009	132
4842	10851	379.589227	113
4855	8955	364.341423	194
4856	10672	450.8798201	84
4857	10344	1406.832247	68
4863	9019	594.9147985	134
4865	5774	1480.492073	67
4869	12531	1545.637759	75
4873	6997	193.2971052	174
4874	6982	314.4649515	165
4879	7820	727.40129	72
4882	4674	1274.095191	65
4884	10517	2417.308805	59
4905	2436	538.2170831	44.02173913
4910	10395	2774.669939	40.31678793
4911	10983	1004.589826	88
4918	654	1512.439114	108
4929	4639	824.3986495	123
4931	231	466.8664558	35.33572585
4935	4797	2989.108514	33.08095687
4945	6746	1131.493591	59
4945	11239	1205.494061	66
4951	1769	639.501396	113
4953	88	2833.447459	0.04944973435
4953	3887	2817.027912	0.04944973435
4953	7997	1878.018608	0.04944973435
4966	9119	927.6903866	64
4968	6592	981.6692681	103
4976	9107	1792.238211	52
4980	5479	1588.896165	63
4993	6248	2054.815523	38.58293741
4999	8801	2531.474915	43.0647448
5008	1575	1313.356327	90
5008	3083	1318.142232	93
5008	10764	1341.337514	93
5012	12185	290.1101067	107
5013	4371	1174.707353	110
5017	5	2042.775524	48
5020	2577	2037.98313	100
5032	2952	560.6366728	134
5032	7764	288.53899	151
5048	780	1196.795605	46
5053	11081	1937.294492	89
5056	3790	1669.295491	96
5075	2035	1296.129654	59
5085	8205	1059.797331	70
5088	8061	552.7837274	88
5092	4829	3204.197525	33.08095687
5092	8601	3507.890438	33.81608925
5095	5403	1506.991908	82
5095	7696	1334.68545	82
5101	2160	1372.047197	70
5102	8706	620.3977974	78
5105	5192	582.7855177	110
5108	6322	529.0841319	21.31433096
5113	10258	482.8849913	94
5114	9603	1489.445928	64
5118	9704	1590.464874	57
5132	4058	1897.842421	46
5132	8259	1859.686687	47
5132	11559	1701.209977	45
5136	3327	1473.855875	73
5141	6424	4865.48462	32.36180563
5143	11566	4206.689601	51
5143	12229	4206.689601	51
5152	7723	742.5542019	129
5162	12095	314.18767	145
5173	2928	1494.491299	108
5173	6724	1494.491299	108
5175	9871	2755.117412	65
5176	10836	1891.78856	65
5185	3516	577.7757276	83
5188	1373	436.1864239	101
5188	4002	436.1864239	101
5202	8602	2959.401113	19.52047734
5212	6726	1613.517545	72
5214	4380	877.5870577	119
5219	2479	1145.593861	24.859302
5219	4523	1198.326737	30.97006447
5232	11914	853.6707964	102
5240	5777	1826.053219	69
5243	3982	1614.617052	110
5245	1052	1570.978514	20.85097594
5245	4559	1723.644735	22.76709704
5246	1684	1279.458876	142
5257	9457	825.3802048	106
5258	5441	1158.424321	48
5258	8903	1037.948014	48
5262	11623	1637.334135	64
5266	497	2209.054126	60
5267	1198	285.0616596	130
5269	4162	996.5580847	89
5274	3464	1518.615488	73
5282	6865	511.6426337	120
5285	4326	1256.597962	96
5288	572	464.6454465	128
5288	3564	576.4932561	127
5290	10178	467.3131069	139
5293	12082	651.1421725	160
5297	996	445.3254873	94
5309	167	586.1433996	117
5309	1871	539.6855665	107
5318	11857	934.2760225	121
5321	8241	1151.197256	106
5327	8806	418.9059955	112
5328	7367	371.9207697	136
5329	5467	719.7848024	131
5329	8351	733.1396823	130
5345	1567	7991.688846	72
5348	3247	410.7996277	60
5352	5329	581.6128245	27.1437722
5353	9536	586.1407483	113
5356	102	7789.50007	70
5356	12583	9200.62433	71
5359	8563	637.0057276	147
5360	7210	613.0887847	123
5364	2406	429.10004	167
5365	12413	234.073941	143
5375	3566	3452.802607	25.97643606
5375	4243	2372.893231	27.74696714
5379	5911	827.626796	99
5379	11677	862.2699081	101
5381	7669	303.781373	138
5382	8547	301.2854459	147
5399	4669	342.274219	119
5400	9178	577.5016857	131
5401	12150	7353.643361	29.63817606
5402	2454	618.7947316	99
5403	2565	1281.622638	5.221212378
5407	3798	1064.165074	120
5407	3851	1136.80815	119
5414	7564	343.2597939	102
5414	8158	321.8103357	112
5420	3227	555.6814689	150
5433	370	1394.198298	95
5435	9762	501.4777061	159
5435	12497	702.6917108	139
5441	6563	503.9164161	83
5443	10058	4232.257924	33.81608925
5447	381	5193.901781	21.31433096
5448	5228	2515.44285	88
5451	904	620.1143178	48
5453	1241	337.3949527	141
5454	736	1272.569838	65
5454	4509	1114.072488	66
5465	10873	1973.885007	42.1285547
5467	3822	701.6633198	93
5472	3349	710.7250992	66
5475	6396	2233.011778	58
5475	7757	2336.102086	56
5476	1646	269.1748169	136
5480	8981	1186.562366	101
5483	9084	1089.809104	99
5492	687	1365.311963	75
5497	6254	331.2498918	160
5497	9478	344.4990138	144
5502	7906	2866.19923	99
5508	6115	996.5136298	69
5514	9118	655.3902064	108
5527	6865	740.8029339	106
5531	3579	1446.805138	59
5535	1399	927.2168668	102
5535	11335	1429.255646	95
5543	5925	706.0912939	142
5543	6406	843.8637289	144
5544	8651	486.3807939	158
5551	10817	578.3180484	174
5552	7233	1068.628384	70
5552	8810	1068.628384	70
5554	10945	211.721314	143
5559	4094	2706.07175	75
5564	11783	776.5480727	26.5536902
5571	10618	1014.831281	132
5596	1177	744.6035695	85
5596	8716	742.9059273	84
5602	11001	1027.818745	41.21271655
5606	3025	919.7363886	146
5615	8507	4140.098072	29.63817606
5617	2243	1646.318337	88
5620	3073	1576.649127	18.68098611
5620	8899	1435.335398	22.76709704
5626	10313	400.6373371	94
5633	153	1304.027208	133
5635	3157	421.8798326	51
5636	9504	1726.654696	108
5637	2806	323.9740965	108
5637	3794	213.5745332	124
5637	8632	308.0490845	119
5638	11165	1147.605006	93
5647	8022	1017.099871	150
5650	63	1130.980697	78
5653	4151	2035.694978	40.31678793
5654	10258	478.4790527	94
5657	5232	1688.576949	105
5669	1060	480.5186825	120
5674	10243	1039.583618	142
5684	6802	570.6784157	155
5687	7213	1008.359086	61
5689	10824	364.2189317	70
5706	5452	474.0970348	104
5712	2800	2662.660046	93
5721	6113	1298.920724	96
5721	9420	1083.952536	102
5723	1781	789.2540038	76
5726	3261	2947.518515	88
5726	4846	2966.747279	89
5730	571	1054.158731	47
5731	3049	522.949341	68
5733	4825	929.2045566	61
5733	7267	1069.121777	50
5735	555	862.3408043	40.31678793
5742	5077	6843.222138	41.21271655
5743	9453	1611.182381	96
5747	5550	11089.37889	60
5761	9876	229.3470166	109
5763	4271	1664.152099	56
5770	9779	1124.827027	40.31678793
5772	2787	181.9849126	368
5782	11242	223.4529786	119
5783	4200	1314.5869	75
5784	1870	330.2313642	86
5784	5883	330.2313642	86
5785	12039	505.0005133	78
5786	2540	849.2851342	108
5794	3612	1125.974775	84
5798	9916	2566.55573	39.44033602
5803	520	1011.88396	103
5809	1869	2069.002987	67
5812	7431	711.9445285	145
5816	11498	1858.284878	95
5820	12586	1793.584267	56
5822	8892	5133.152118	52
5827	10234	522.269858	118
5833	647	501.5784234	127
5845	3278	1496.55801	88
5845	10855	1496.55801	88
5854	4876	753.0020452	36.1209642
5860	4772	3435.199417	54
5866	6204	374.0857386	80
5866	9469	245.8724918	107
5868	4595	1290.281929	107
5868	9932	1290.281929	107
5871	7028	342.4531859	50
5876	10506	1212.751151	63
5880	2073	618.5491073	41.21271655
5883	222	441.1913541	145
5884	847	3514.45724	24.859302
5907	9167	1639.338871	56
5908	6124	1161.19246	73
5910	10491	386.9025079	157
5912	7029	1216.400834	104
5915	2156	981.0458518	162
5918	3544	551.4845055	52
5921	976	2570.291106	64
5924	129	325.1202861	114
5936	11119	4058.995225	51
5938	6121	1892.264032	65
5939	11936	734.7866662	82
5940	3061	439.1800868	95
5946	7975	1290.840102	6.796967195
5946	10300	1264.737726	7.927429696
5946	10370	1267.188153	7.755094268
5948	6633	2612.32291	65
5949	1211	1459.531043	90
5953	3560	778.8171229	118
5953	5124	1031.631023	115
5962	89	1415.824334	29.63817606
5970	5705	2718.555942	33.81608925
5971	8306	1248.008724	17.87759777
5976	1667	1573.797506	42.1285547
5976	5833	1839.57637	44.02173913
5979	4788	2117.228788	58
5979	5041	1896.201312	57
5991	1981	1271.158542	54
5991	6494	1276.756409	48
5995	1120	1492.276137	93
5997	732	355.7196365	133
5997	3197	322.6969769	129
6001	12267	354.3510348	174
6012	4397	1088.883737	69
6026	11213	563.0756206	142
6031	5406	1277.000058	84
6031	10600	1594.055365	75
6037	8525	487.5972896	138
6043	3269	533.0149313	124
6045	9224	1011.894947	51
6046	3946	885.6143776	106
6061	5328	4358.19991	60
6064	9105	241.268614	96
6065	7641	240.7054552	122
6069	5033	610.3556898	103
6074	2445	563.9788554	89
6075	1445	1049.935374	107
6095	11937	3229.81981	55
6113	363	636.0505791	125
6113	1360	637.3863439	131
6116	7530	1038.154694	81
6119	997	577.4550123	64
6122	11961	1965.593346	56
6123	2601	521.6633128	41.21271655
6124	11641	3406.588842	42.1285547
6125	9025	2827.65164	18.68098611
6125	11695	3174.361454	17.87759777
6126	3492	1105.989426	129
6128	2013	984.6713504	53
6130	8084	5292.869539	40.31678793
6133	3773	208.8123799	202
6135	1124	737.0469004	33.08095687
6138	6773	5017.826414	46
6138	7458	4843.495779	44.02173913
6144	7322	1085.896095	52
6153	8282	438.6476835	129
6154	518	2919.65771	58
6154	9817	3687.454265	61
6154	12582	3789.845975	60
6155	1229	15914.32171	81
6161	6719	3049.152353	60
6168	9441	544.5693245	140
6173	4436	2399.186367	73
6173	6319	2489.732034	80
6176	3056	230.8677929	103
6190	609	1635.362235	72
6192	9803	962.4214513	135
6192	10314	859.93966	146
6194	818	1259.895571	76
6194	6544	1223.672639	76
6199	9067	941.7314619	80
6202	9368	327.2588346	100
6222	3374	429.3610707	187
6223	12468	937.6562023	94
6230	10530	776.8164507	62
6230	10696	842.1857196	61
6232	646	398.6879468	143
6236	7825	2156.10864	54
6246	2803	799.7076332	86
6246	3039	610.4187673	96
6246	9973	628.5263036	96
6249	11199	720.5398412	142
6250	6362	2769.798438	66
6251	4317	655.952722	80
6253	2804	1121.316905	99
6254	1021	2106.100502	69
6258	1650	645.5690345	132
6261	14	776.6427292	56
6266	388	244.7902567	99
6268	9189	379.2978784	94
6272	12123	1227.990768	122
6274	4721	3488.786201	28.99386789
6277	10213	614.4694837	113
6283	9776	1480.44126	8.848282679
6285	5170	2091.996785	60
6302	6964	447.3734703	54
6305	467	1168.329286	116
6309	9093	2283.637693	17.48895434
6311	2637	1049.595341	108
6313	10200	1027.17568	78
6316	3785	858.6730782	100
6317	3916	565.2573395	144
6320	3251	452.1594062	149
6322	7482	234.3596682	180
6325	1431	483.1442727	69
6328	1088	225.1045582	205
6332	10765	2591.270326	52
6339	6478	438.5036756	133
6340	5614	1186.574641	79
6342	233	16326.06655	64
6343	9950	13782.73192	78
6346	1283	1464.760304	12.57720313
6355	6626	4508.009576	11.77465311
6358	10553	953.8538685	160
6369	7217	954.8467141	96
6372	9575	1593.097662	86
6373	7340	318.7512873	141
6377	1158	4218.470215	82
6382	916	1358.397785	82
6388	10697	3778.033425	30.97006447
6392	5134	1197.015112	46
6395	9878	192.4969816	147
6396	3093	608.0544839	136
6406	5001	940.4395379	127
6406	9492	940.4395379	127
6407	11062	1861.215329	55
6410	11977	368.9719916	155
6412	7424	1115.643642	93
6414	522	1404.90024	77
6414	7224	1280.836437	85
6425	6040	224.1231966	87
6429	2067	437.9537976	72
6430	4956	1292.943667	57
6430	7407	954.0912495	65
6430	8466	1071.066632	62
6443	7104	1507.64239	125
6444	4364	4675.96262	88
6457	1361	2063.322713	50
6457	5427	1816.234672	55
6473	5017	2508.613169	72
6474	10500	1397.941051	93
6483	6928	757.4389647	97
6483	12345	784.4032024	90
6484	1473	1208.828334	85
6484	6271	1187.926333	79
6489	7923	797.8944807	183
6489	11065	704.7444657	178
6490	4911	300.2501497	104
6511	11636	260.1717095	112
6524	7660	620.457429	100
6525	3665	801.1242397	150
6531	8777	1201.430608	76
6533	1817	1551.241353	89
6538	9181	970.580516	112
6540	4838	2595.840693	111
6540	6281	2504.792481	110
6544	332	386.5251485	103
6545	9025	2944.173481	16.37298599
6545	11695	3292.067282	15.66885474
6547	6529	650.2322264	74
6549	3560	636.9618896	126
6549	5124	870.2754689	123
6551	8922	388.0228952	90
6553	9150	370.4606851	75
6556	8491	793.0125176	41.21271655
6557	11984	2872.119569	57
6562	7307	669.8438415	116
6567	1935	1172.07956	54
6567	4949	1172.07956	54
6569	7234	616.8060829	55
6569	9605	616.8060829	55
6572	2631	619.6503028	112
6587	7699	949.1836129	76
6591	7833	2244.243073	9.661404388
6597	7432	458.0030968	121
6599	9054	755.4699787	49
6600	1165	1379.89214	76
6615	6493	1654.855947	36.92365229
6615	6698	1779.910428	36.1209642
6631	9716	1247.796264	93
6637	7888	1144.268589	32.36180563
6638	11934	644.3945415	107
6639	6272	2920.300896	92
6640	1469	351.77541	52
6645	6301	1140.609277	29.63817606
6646	3002	883.2300361	141
6647	8279	847.7108878	45
6647	9177	768.1768858	45
6647	9422	847.7108878	45
6650	3659	1729.072921	118
6650	5728	1725.725636	114
6650	10986	1717.845338	113
6655	5515	2545.945397	43.0647448
6655	5947	2766.685102	43.0647448
6664	8955	422.023284	190
6667	3355	715.9985337	132
6667	5143	734.9760618	136
6671	261	1276.767728	76
6672	5808	542.0915531	117
6676	6149	487.1740191	127
6678	2	301.440368	81
6681	6104	542.399249	88
6681	12255	482.3380054	97
6702	427	1770.507835	58
6705	8919	219.6619106	141
6715	5009	696.0239024	130
6716	4269	1491.529168	95
6719	866	1535.828751	75
6721	7742	221.8069537	136
6722	4356	1439.860229	90
6724	1276	1659.660538	81
6724	3984	1348.506783	84
6728	2047	1557.019786	104
6731	7750	1344.976493	83
6747	9517	1170.856648	126
6753	585	2493.927399	40.31678793
6754	11944	1371.374636	99
6756	4748	1673.430316	46
6801	2691	4309.336186	63
6808	6636	333.600078	142
6811	785	385.7122643	105
6812	12398	3550.396481	36.1209642
6815	927	2620.962237	35.33572585
6822	10440	312.8434307	93
6824	11597	780.1719282	85
6829	942	724.0966238	82
6835	10269	1545.030248	57
6841	4445	829.0324565	101
6841	9493	1018.260783	88
6841	11147	997.1813545	89
6847	11201	426.8479115	123
6849	653	193.270517	77
6851	9044	3019.029611	35.33572585
6852	6227	868.9458984	70
6857	2224	527.8389213	113
6860	4817	401.676153	117
6860	12289	530.4522343	98
6862	3376	428.1064471	129
6866	914	1019.333242	70
6874	8927	490.3384429	99
6878	10552	283.5541224	143
6882	629	1548.260439	35.33572585
6882	4005	1487.938066	34.5675579
6882	8659	1487.938066	34.5675579
6883	12272	843.4240172	111
6889	7576	350.6111157	71
6892	3418	1802.627723	89
6902	163	3090.227343	63
6911	5080	481.2784266	130
6913	7095	618.4880659	75
6917	10226	1750.522722	65
6923	3540	525.4741418	123
6925	11066	2218.214184	40.31678793
6926	4004	746.9489052	111
6936	8838	424.4632071	80
6936	12278	461.2544273	80
6941	6546	763.0339787	107
6952	10405	430.501705	114
6959	12291	1785.427846	25.41173093
6960	7759	2403.300833	30.97006447
6960	10409	2365.575696	30.97006447
6961	1039	822.1820776	36.1209642
6965	6306	2602.626654	62
6970	4537	1391.020643	76
6979	145	265.6989551	187
6981	2174	259.6167405	176
6981	9000	268.6142517	166
6997	161	242.1048089	165
7005	7640	1384.792146	90
7017	4445	751.5601134	105
7017	9493	1159.421548	75
7017	11147	1156.704048	79
7021	3489	778.448572	78
7029	8918	1264.14033	102
7033	5626	1167.793537	27.1437722
7037	9523	2415.933951	42.1285547
7038	6201	1750.123924	103
7039	1565	2521.641777	117
7049	6078	454.0947352	103
7050	3087	610.4279177	70
7052	1287	420.3243231	97
7052	3646	451.8622968	101
7052	6260	360.8052342	106
7057	11256	1697.746936	95
7059	3820	965.2923817	81
7070	8157	1562.579742	74
7070	10921	1432.654918	75
7072	7055	4825.643644	50
7074	167	584.5998554	117
7074	1871	550.3380645	107
7079	7661	252.0739679	83
7082	7289	940.184538	72
7083	1037	1142.093757	64
7085	8057	902.762362	101
7086	8638	1016.534314	67
7089	11621	394.4662953	75
7099	5431	1611.348171	88
7103	10558	616.1010883	116
7106	4433	1695.653458	58
7106	10133	2210.691508	50
7115	12196	2538.573012	72
7117	7143	236.2283561	163
7124	4567	466.6821465	172
7128	221	1381.244781	59
7128	12174	1046.99444	64
7130	9345	1206.633969	71
7140	2892	1191.420752	105
7144	7479	803.8281138	81
7150	2068	1437.579862	22.27216015
7150	5250	1451.941666	20.85097594
7156	3907	604.0402645	83
7156	9052	606.9529851	83
7156	10975	617.1373044	82
7158	11264	294.3214796	98
7166	12233	931.59334	112
7167	4510	940.3176824	65
7167	10620	940.3176824	65
7169	4209	1770.008731	74
7169	5692	2173.286695	65
7170	8921	1686.603627	73
7171	6035	1666.733455	117
7176	7208	2768.066571	115
7184	417	1035.797727	84
7184	2377	836.6279698	95
7184	11521	867.7386536	89
7184	12261	841.864591	87
7189	5636	774.0558456	105
7205	4424	614.3486444	78
7213	1311	1367.69254	112
7216	733	211.6433187	69
7216	12053	211.6433187	69
7224	594	1075.18234	44.02173913
7225	7375	1953.38288	64
7228	11549	928.246882	44.02173913
7235	2870	438.8093728	116
7238	286	595.2746292	124
7248	6805	791.0382343	50
7256	5706	1064.135258	78
7256	8110	1065.890262	83
7261	2110	2676.186409	40.31678793
7269	10647	571.3305712	105
7276	10399	1257.398941	101
7277	811	486.2639925	101
7277	12162	529.7359437	111
7283	9121	589.8246478	111
7289	11359	2156.515411	24.31888239
7290	8533	583.2805088	110
7295	12612	392.5840864	109
7299	10628	1501.024505	95
7301	5841	208.6480167	126
7308	2627	281.9701601	180
7310	5292	605.7371477	119
7311	6258	775.4966276	108
7312	9568	371.1535022	166
7317	2605	525.0598869	120
7317	2809	639.4253723	113
7317	3510	733.2906359	103
7320	7402	261.7014859	186
7322	7741	504.8791729	100
7331	7359	404.2528757	155
7331	8528	436.1879891	162
7333	8175	1730.929372	59
7334	3966	611.2527412	94
7340	3960	2096.394139	58
7346	734	233.7711439	261
7346	9600	233.7711439	261
7355	10688	2036.863598	60
7361	6047	1137.219046	68
7369	2670	584.1020159	106
7369	6382	942.4205476	94
7370	8451	254.2138256	132
7371	192	5843.947764	27.1437722
7374	10538	350.4768616	87
7378	4178	6041.059884	66
7383	8425	448.6667451	108
7386	6957	287.0657126	165
7392	3254	1085.13404	32.36180563
7392	12149	1095.807438	32.36180563
7397	10944	348.2831298	192
7398	11792	1378.533832	100
7399	108	2558.414325	35.33572585
7399	999	2611.203216	34.5675579
7399	6096	2131.84651	33.08095687
7403	5636	902.8851133	108
7412	4750	2590.429139	32.36180563
7413	398	446.9310679	44.02173913
7416	7472	926.168458	47
7419	12459	1358.651042	135
7421	3269	445.4861695	130
7424	202	1030.827491	71
7435	540	987.6968694	20.39769385
7435	3644	1278.744921	21.78798276
7435	3998	1285.744205	22.27216015
7435	5739	983.6641674	21.31433096
7435	8417	1280.60901	23.27303253
7436	7159	1639.00507	54
7436	8116	1398.864588	55
7444	3598	961.6570062	96
7453	12390	869.0963958	102
7454	12591	297.1825443	152
7461	3073	1451.764722	18.68098611
7461	8899	1538.229756	20.85097594
7469	10376	915.849601	116
7472	2631	472.0802973	129
7477	1795	1576.285692	36.1209642
7480	938	1049.328972	147
7481	6390	346.9178071	176
7485	6714	2113.886912	108
7490	4776	413.8846544	75
7491	447	4443.649087	47
7491	3181	3295.503995	52
7491	7936	3109.332335	52
7499	763	2147.193642	136
7510	10081	1749.204369	92
7517	11283	332.4187869	141
7524	2456	264.98546	89
7525	12092	611.6654606	120
7526	10816	620.2931181	123
7530	11035	316.111346	92
7536	12156	1342.06429	100
7547	11418	641.0620782	66
7548	2074	473.5486809	201
7553	1750	464.5905197	130
7556	535	594.4735352	46
7566	144	1027.099464	93
7577	7706	846.6917144	69
7581	4377	2604.553457	53
7582	86	2447.413427	108
7582	9219	2447.413427	108
7596	7517	2263.040668	87
7605	6514	903.3905642	103
7611	9731	5261.785099	52
7624	5895	2414.226098	140
7631	3134	386.6982018	108
7641	2450	1347.929391	22.76709704
7641	7916	1515.314052	24.859302
7643	12271	821.6028284	93
7645	7122	756.4391991	147
7646	2979	1669.0597	55
7649	4220	1833.97758	81
7652	11257	4530.996141	28.99386789
7654	1321	472.466872	178
7664	2758	691.3856368	24.859302
7665	6292	572.9483733	115
7665	10602	572.9483733	115
7676	1987	3072.537712	52
7676	12525	3312.458908	51
7682	978	703.9475419	52
7701	11299	1901.228343	62
7702	9641	191.447266	199
7707	1388	1653.854196	57
7724	4842	473.7054253	82
7734	7125	2112.560986	85
7736	5703	1289.573722	44.02173913
7742	4171	1540.919858	107
7746	7093	780.8924363	101
7751	10249	1792.109333	82
7754	2508	1757.353927	99
7756	10036	388.8404054	103
7758	715	2245.573071	82
7758	2725	2245.573071	82
7759	7221	2106.637971	51
7760	9352	1551.300147	79
7762	11327	310.7291254	241
7764	9595	240.1626275	295
7766	6034	1603.523981	64
7768	9218	682.1581945	55
7769	8885	398.3727406	87
7771	3353	3929.583716	53
7775	3645	3338.28414	40.31678793
7776	10859	1567.829256	60
7785	6591	3654.04576	52
7791	8881	5105.620872	37.7441779
7792	9317	2771.620478	85
7799	9077	2915.733599	59
7801	10472	278.7975489	193
7810	1061	944.5852087	96
7812	8284	254.7645415	144
7813	9519	1319.066135	85
7818	1187	8171.734161	82
7820	1674	2006.227125	106
7824	6613	518.4305908	127
7830	10209	283.2405417	163
7834	5916	609.3337006	102
7835	10472	299.4762568	201
7837	7338	732.0983731	104
7838	238	243.1443722	222
7838	953	243.1443722	222
7838	3474	243.1443722	222
7838	6987	243.1443722	222
7840	11854	181.9022182	192
7841	10489	1933.684006	90
7844	5052	2372.794604	63
7851	5505	1107.650324	67
7852	740	1581.572537	39.44033602
7857	9849	923.8169428	93
7859	6817	3182.861374	101
7869	5133	309.6306241	106
7878	5673	598.1910649	124
7882	2085	495.4868499	132
7890	12075	2564.363397	50
7891	9620	1448.431282	106
7895	4303	2671.84598	106
7896	1170	311.3569177	138
7896	4528	313.4841536	139
7901	10544	766.6042299	124
7911	1584	560.9906276	99
7916	12080	411.7761392	81
7918	8270	1196.211483	78
7918	11840	851.7937053	83
7923	5113	4416.996181	51
7926	6461	307.2147936	72
7935	972	200.9263068	173
7936	3108	416.7132816	145
7937	4373	1126.1942	114
7945	6610	188.2025898	177
7948	11504	1680.907204	98
7949	9598	1336.586669	99
7956	9733	285.1244776	111
7959	2447	1166.288388	144
7959	7732	932.2843546	143
7966	5355	897.0614244	66
7966	11171	897.0614244	66
7967	9943	770.9429277	102
7969	5315	4619.665903	42.1285547
7976	10343	1387.474494	51
7982	6236	3189.878105	11.02331373
7983	11663	4109.561371	50
7986	12426	744.4598191	159
7987	10311	2303.278587	91
7988	1041	520.8978679	33.81608925
7990	3318	240.6549003	208
7999	3345	1507.848802	75
8004	10465	2727.507933	38.58293741
8005	2487	2500.488716	63
8008	5484	1894.094956	9.661404388
8008	11645	1750.631146	9.451373858
8010	9241	1700.721678	49
8011	3310	218.7804065	214
8027	1707	3151.881342	54
8029	4672	2219.722138	33.08095687
8031	5975	782.265239	83
8031	8945	782.265239	83
8032	6488	833.437426	36.1209642
8033	6501	1747.816702	21.78798276
8035	9524	517.3051195	126
8035	12529	554.4351254	124
8042	167	578.0018904	116
8042	1871	640.9059059	101
8043	7100	4214.220882	43.0647448
8047	2903	3672.480962	57
8053	2208	3598.453224	51
8055	7559	1956.504556	82
8055	11500	1951.868922	82
8058	4739	490.3681758	141
8064	2018	1112.674198	85
8067	3791	1241.813355	109
8068	1358	5072.556527	19.09611913
8068	9612	5754.145545	16.01705151
8076	7384	3667.015343	88
8077	10587	3417.789099	57
8079	4922	1321.328303	79
8080	4347	366.8764519	109
8088	6661	1532.798403	69
8092	10326	874.9174602	67
8097	7354	4499.600827	70
8098	8368	601.2762912	83
8099	2128	997.8981854	72
8108	4988	632.2208968	59
8115	11574	566.3322622	69
8124	2313	1250.19404	135
8125	590	599.9805097	107
8134	9701	1019.444964	75
8140	5298	1033.532507	93
8151	11883	836.4849733	66
8156	738	1128.272565	100
8158	5571	865.5147801	118
8170	1547	1337.464796	43.0647448
8170	8401	1184.047565	52
8170	9706	1279.275288	42.1285547
8178	2328	639.3191651	17.48895434
8191	4547	258.4117031	170
8194	6758	3309.104987	27.1437722
8197	1673	438.805691	91
8199	6936	737.2458857	109
8220	149	824.4976074	135
8220	1205	824.4976074	135
8220	12556	824.4976074	135
8221	9547	1061.137222	24.859302
8228	8742	263.1484733	156
8229	3236	671.7885909	92
8229	5959	723.6481443	98
8229	9640	550.3524246	90
8229	11450	595.5340729	100
8229	11692	752.6535329	96
8229	11812	598.9041948	95
8240	236	3284.986635	27.1437722
8244	7565	4083.828242	80
8255	1254	691.2364424	93
8257	9050	313.8261991	238
8286	4878	3034.10322	16.37298599
8287	7699	1050.423156	81
8288	7242	2339.964361	60
8291	131	588.2826641	52
8294	4092	778.8221129	117
8296	9246	2987.872007	45
8297	7160	889.6619411	145
8302	6520	1108.399814	35.33572585
8302	12317	950.0219612	26.5536902
8307	9024	1820.766604	118
8309	8697	310.9770634	167
8313	10828	438.1294562	59
8313	11386	438.1294562	59
8314	1726	13313.53898	75
8315	3818	1118.097916	39.44033602
8324	1408	509.8163881	127
8338	8180	276.7791472	96
8341	10343	1377.418788	51
8344	7854	193.5198505	223
8346	9603	1536.081294	60
8347	1631	581.687024	95
8347	2370	429.8799067	90
8347	3075	519.3777899	103
8347	7301	528.2268099	96
8351	9644	935.997794	28.99386789
8354	458	655.535309	84
8359	9620	1454.191984	106
8362	10177	1064.991209	98
8366	9377	4218.565592	57
8366	9785	5000.318162	55
8367	2633	1399.4419	66
8367	11310	1415.446916	71
8388	611	637.6250032	141
8402	1586	441.781496	137
8402	6101	247.1888103	156
8402	7305	356.900438	151
8402	12519	360.9533161	114
8415	8678	730.7158931	98
8430	2862	2158.829495	27.1437722
8430	4836	2251.935631	28.99386789
8430	9987	2251.935631	28.99386789
8430	10237	2387.239441	28.99386789
8431	599	2250.982051	19.95426572
8438	287	841.1316045	99
8453	4431	698.1975806	91
8454	7547	2083.271567	36.92365229
8454	11074	2266.498287	36.1209642
8462	1990	941.8936648	61
8462	4953	941.8936648	61
8462	6427	941.8936648	61
8462	11250	658.6069142	65
8468	5329	571.5200936	29.63817606
8471	3878	649.231543	110
8475	8302	780.717507	103
8486	5164	3986.241539	7.755094268
8488	1029	1113.0003	32.36180563
8490	286	587.1257571	123
8492	5504	944.5877547	76
8492	10617	704.1073126	76
8499	10931	586.6089594	78
8500	3108	349.2255757	162
8502	10461	962.2252995	59
8505	1305	213.3205433	131
8517	1930	562.9088949	54
8519	3613	675.8663376	76
8531	9595	181.6163065	306
8540	11475	860.0555699	146
8551	8284	287.7851437	149
8562	6530	1082.044997	149
8562	7813	1502.942522	140
8568	196	936.7620961	62
8568	11220	972.0928505	64
8570	6586	1239.367351	126
8572	4501	885.3611722	52
8578	7842	1692.018518	52
8581	2194	1332.781521	115
8586	5610	2253.168209	72
8586	8100	2255.960409	72
8586	11300	2211.975332	72
8587	6195	3880.226934	36.92365229
8591	3602	1737.493953	45
8595	2736	569.5787182	102
8598	648	980.3310405	137
8607	2229	608.6823665	116
8607	11757	717.5767829	120
8610	11594	249.3126619	161
8612	1046	3682.610904	49
8614	9423	888.9550791	118
8623	7872	1391.236325	71
8629	9650	3296.635662	60
8635	2128	999.456615	72
8642	5656	2252.998166	72
8643	11538	1168.162058	92
8644	3443	1667.72703	46
8668	10749	1907.51837	99
8674	1813	600.176811	119
8678	4849	667.5849959	60
8680	3920	3478.877617	44.02173913
8684	2704	1042.031376	75
8686	9963	3875.734315	44.02173913
8690	2104	685.1596499	114
8690	2244	641.270866	114
8695	4869	784.768537	92
8695	8272	534.265344	94
8695	10700	784.768537	92
8695	12408	792.8739108	92
8700	5532	1630.476225	85
8725	4532	1354.585762	100
8725	6294	1223.083648	105
8725	8843	1223.083648	105
8730	3020	3568.565251	59
8733	8249	640.5024873	90
8734	6407	1114.215757	79
8734	9463	1007.645308	74
8739	11702	843.0946961	124
8745	6536	2426.022515	88
8752	6725	614.2263119	117
8762	5286	544.7580926	127
8764	5280	548.2668681	94
8764	6266	762.8704363	79
8765	879	760.3999084	144
8775	11032	746.9492721	72
8778	6163	418.4508738	95
8779	10055	566.6006294	91
8783	9136	1337.870399	58
8784	3236	801.1765513	82
8784	5959	890.5773463	82
8784	9640	620.3084991	85
8784	11450	655.530651	84
8784	11692	824.7610385	85
8784	11812	688.6280948	92
8786	7575	4655.355231	54
8795	510	269.5236482	182
8797	7881	958.1000051	129
8798	7270	3676.713052	10.54924872
8808	1129	819.5176277	53
8819	8151	978.5979578	89
8820	12343	6399.47346	48
8821	5225	1675.261134	46
8835	9111	393.8553074	129
8843	1823	5786.508283	55
8844	4801	12521.73924	43.0647448
8848	2198	653.7235407	71
8849	3262	1401.349917	40.31678793
8855	3493	1446.783547	23.79021103
8858	10729	778.6456586	78
8861	311	1118.358004	84
8861	4037	1087.081405	85
8863	1921	818.2938047	91
8872	4246	1448.829345	8.467756344
8884	4141	2856.040616	63
8887	7176	189.3052091	168
8893	11095	231.6792762	159
8894	11777	770.0396559	92
8895	4916	287.9954695	89
8903	5372	478.6296717	155
8903	10586	539.4467366	143
8903	10590	520.7270668	147
8907	11397	2304.342533	92
8908	5585	764.8477365	92
8908	8793	764.8477365	92
8913	9838	3041.360436	46
8916	455	2525.799906	23.27303253
8918	10662	367.4795698	153
8932	3889	856.3118753	91
8934	7334	847.4114024	91
8939	473	264.3556207	119
8940	1088	244.8055143	198
8942	1125	333.5046914	74
8944	10555	287.9180925	159
8947	808	2078.668135	91
8947	1913	1841.196714	86
8950	218	807.953066	115
8950	5240	606.5801132	117
8951	12211	3822.151595	62
8952	3959	574.8299715	122
8952	4254	345.3503697	133
8955	10209	337.4319876	156
8966	8435	279.2509499	121
8967	5733	282.3245952	104
8968	8322	463.6386259	122
8972	6426	1304.704299	95
8972	7504	1255.161862	84
8974	11697	2548.991362	56
8980	12199	1636.240615	51
8988	5951	1998.672082	75
8997	11925	4574.997436	45
8998	1559	726.4876249	86
8998	4860	502.9704472	93
8998	9363	632.1747836	97
8998	10578	611.489233	93
9003	4948	3606.392133	106
9005	12283	492.452729	126
9007	6772	667.0449998	165
9014	1548	563.0877091	43.0647448
9024	2657	1338.303387	0.04944973435
9024	6623	1724.40571	0.6911974251
9025	1047	500.133535	201
9029	5444	272.9740846	131
9029	12290	277.4891003	143
9032	1147	932.1335781	99
9032	6138	876.7452423	102
9046	2626	1272.608519	95
9048	9273	1102.422909	136
9056	11389	1101.375422	94
9061	3460	191.6882824	144
9062	2227	188.062587	187
9065	3144	399.0081984	173
9066	6866	3231.645734	81
9074	1533	659.487487	106
9076	9923	4246.088662	82
9086	10588	309.2415514	158
9088	3085	2764.467481	75
9092	11391	1024.540769	123
9095	7048	306.1009492	129
9095	9115	300.9972684	130
9095	12259	298.2248323	134
9117	12472	1694.70445	71
9117	12620	1519.927542	67
9121	8628	2394.199656	51
9131	3441	402.5560798	112
9131	5890	431.163717	116
9133	4717	635.853711	156
9135	9267	424.2075179	100
9136	1752	490.207157	74
9141	805	1672.994848	74
9143	5301	2167.797223	57
9155	3321	1418.885929	100
9156	3376	518.3928108	127
9162	12323	3760.705751	75
9163	4260	524.6087584	148
9169	9423	740.8010725	127
9184	10782	334.4538128	142
9193	2374	1048.173836	115
9200	11647	1619.363439	111
9211	7805	2110.911896	36.1209642
9212	5109	483.3358686	149
9214	9315	874.819364	53
9217	7496	1377.366458	153
9230	4706	11299.16849	60
9231	10013	403.698138	99
9232	4574	972.3135021	103
9233	9803	759.3443046	146
9233	10314	849.2573906	143
9235	84	2097.017229	52
9237	9096	266.2216088	88
9240	11414	518.6037665	97
9245	10326	1242.743368	60
9250	3200	1059.432728	118
9250	12460	1090.734151	118
9261	5980	1312.499046	50
9263	10516	484.7246188	70
9268	8902	1521.379421	67
9268	11409	1611.210483	72
9273	6697	1351.345472	80
9282	6310	281.4057567	156
9284	10555	401.4234278	143
9297	10662	319.0162139	168
9303	4027	2239.485096	43.0647448
9304	2497	492.9155777	147
9308	9903	1234.849705	93
9314	1653	357.1918397	92
9322	7853	532.6215168	49
9331	4871	205.1073783	254
9333	4666	1187.028051	47
9337	5961	1045.399936	121
9340	1954	185.4736769	197
9341	5651	314.0695576	119
9347	11988	1369.277666	42.1285547
9351	4931	995.3540425	117
9367	10003	641.8408196	113
9369	3606	492.699667	99
9369	11347	486.8865227	110
9372	3154	1476.176764	55
9377	4777	1192.515573	77
9386	4655	191.6459465	190
9386	7550	195.1700028	190
9387	3022	1405.54939	121
9390	5900	187.4596665	182
9395	898	478.4431659	76
9396	9405	2248.620189	97
9399	10825	559.4721871	92
9418	7634	518.5736898	54
9420	5927	300.5065424	88
9431	11749	398.0872595	86
9450	7785	1311.584779	41.21271655
9451	4920	1048.517106	102
9452	5499	683.5139197	84
9454	4077	2136.080138	119
9455	167	545.1389943	118
9455	1871	578.2303973	104
9460	8707	939.6919999	77
9464	6732	965.8184758	96
9465	3746	883.0109246	87
9468	11449	219.4519945	195
9472	11957	1913.894995	85
9485	7182	480.2815571	58
9486	433	1569.388245	14.35013486
9489	1096	1815.388515	83
9489	12060	2155.225128	79
9490	11276	431.9472446	63
9495	5541	577.2706456	84
9497	12454	621.9802119	181
9498	5564	800.2487413	58
9504	11933	238.0650703	135
9507	7227	1165.963577	118
9508	1577	2166.368078	33.08095687
9513	5130	1130.344803	99
9518	2660	2067.992129	49
9527	4119	830.1645294	127
9529	2961	1512.719389	33.81608925
9529	4766	1459.210953	39.44033602
9529	7117	1549.049857	38.58293741
9532	5441	1287.32797	37.7441779
9532	8903	1046.393368	43.0647448
9534	7977	1603.637795	128
9542	8311	1341.593672	86
9556	2571	3000.425504	36.1209642
9560	8033	262.2180985	290
9563	6861	1068.112155	55
9565	5382	1594.458287	78
9570	5747	297.5783423	149
9579	8511	437.4196479	130
9582	8625	513.0127551	90
9587	11377	1866.626919	77
9594	1676	1039.585198	74
9601	2312	2665.86841	47
9601	5359	2607.678043	48
9606	9771	1049.818734	86
9613	3819	2058.859985	125
9615	6547	959.2484358	92
9616	6291	1142.757032	57
9617	9390	1641.164694	0.7065573679
9617	9526	1586.32445	2.167497687
9623	11750	2007.608592	41.21271655
9628	11228	862.8942934	98
9630	11051	706.1493068	118
9634	6811	946.0350446	39.44033602
9640	4051	4733.217086	55
9650	456	829.2990779	103
9653	7710	908.6954092	104
9655	7233	879.6803206	78
9655	8810	907.6741691	78
9657	12419	412.5577906	91
9660	3428	538.6892238	129
9660	7984	538.6892238	129
9676	5294	472.1427833	43.0647448
9678	10217	813.9907837	116
9682	796	836.3865455	141
9683	8049	802.7362529	68
9686	4731	980.2441538	95
9686	5736	925.9450606	97
9686	9643	980.2441538	95
9687	10189	682.0997524	44.02173913
9688	9032	842.2980497	99
9695	5715	1554.142952	82
9700	3247	489.7749305	68
9701	8918	1271.645561	96
9702	4980	1357.601746	15.66885474
9702	7158	1002.600557	16.73683012
9708	9996	776.4326453	73
9713	4007	4531.543769	76
9713	10535	3432.199397	78
9717	8616	2391.572229	94
9734	5456	1079.553479	114
9735	5140	239.8981058	167
9741	2254	269.940141	80
9747	402	609.9904038	132
9752	6094	1453.808292	80
9752	8099	1988.659438	69
9757	10828	457.2709118	60
9757	11386	457.2709118	60
9772	10662	370.8063505	154
9776	12107	907.9991518	96
9777	11782	2462.041779	43.0647448
9783	2679	957.7069253	100
9783	5731	955.0487389	100
9795	4534	1378.344228	100
9797	8853	1022.949531	107
9799	9868	5771.24029	43.0647448
9801	8434	361.5362584	115
9804	5054	975.6042332	74
9806	1226	397.7478852	158
9809	7150	1112.178664	96
9817	12533	2137.829254	38.58293741
9818	1546	683.8174475	74
9819	8670	582.6716451	99
9827	8494	3726.563084	22.27216015
9828	4320	603.6008064	111
9828	11433	651.0566426	111
9837	43	799.7047129	67
9840	1227	512.1072618	100
9856	12434	904.9000217	50
9858	6224	993.7058259	102
9861	6199	489.5424206	111
9866	10519	326.3970325	115
9867	1653	357.1918397	92
9873	4251	1178.622261	77
9873	10910	1141.045433	77
9879	8647	669.6516871	134
9894	1332	804.6750944	112
9895	12358	745.6013634	135
9903	9846	1335.505015	85
9915	6712	1253.119934	112
9917	4556	1487.648041	24.859302
9927	1830	2231.338604	125
9927	8059	2231.338604	125
9929	10826	373.0152024	120
9932	8306	1257.565203	17.87759777
9934	9043	964.8350439	60
9944	11064	1226.297087	94
9945	3070	303.5363596	135
9948	3217	1309.848354	91
9956	7783	655.3120199	79
9956	10660	843.9105685	64
9968	6469	1247.278389	114
9973	172	811.9768628	123
9977	12112	1376.257423	42.1285547
9979	3715	1062.777459	77
9985	1056	3339.636998	91
9988	3780	887.8549094	87
9993	7751	1230.656237	44.02173913
9997	2972	220.3741065	260
9997	4725	220.3741065	260
10006	5869	854.8777499	121
10011	11580	1202.037348	75
10014	963	1170.801416	31.65828812
10015	8989	486.8893121	167
10017	9533	2424.193259	68
10018	4959	979.4967039	25.97643606
10031	3542	455.582105	136
10041	437	2078.350096	90
10046	5909	956.8709424	92
10052	4752	1194.85916	13.43445426
10077	11215	794.1021502	83
10079	3910	4102.02902	20.39769385
10082	278	3055.340561	90
10096	4428	2606.07167	31.65828812
10103	7606	3037.331611	55
10105	212	236.6723026	195
10107	6788	1156.900994	73
10107	8182	1113.600332	74
10110	6034	1654.024133	61
10114	6139	2599.898264	49
10117	9620	1464.125621	113
10121	3942	1312.081316	106
10124	1323	300.5121355	225
10128	4562	822.3022945	51
10128	5391	979.230284	56
10128	8896	828.1414265	51
10134	9803	1001.429042	127
10134	10314	1006.461924	132
10137	2737	1424.869474	109
10147	3943	5499.399386	39.44033602
10149	4496	619.5487637	106
10149	9851	564.8185766	105
10157	6701	5268.091662	19.95426572
10157	11319	5345.091716	20.39769385
10159	1131	1792.171475	112
10160	7390	181.3375597	284
10162	11454	712.8831023	121
10169	7939	271.3089514	158
10171	1199	2283.750662	51
10171	11721	2283.750662	51
10174	7144	621.4900444	124
10182	9025	2955.281848	16.01705151
10182	11695	3303.329972	15.32822746
10183	9042	1306.547883	100
10192	4047	351.9755712	138
10194	637	1477.082918	63
10194	1405	1364.502631	64
10197	1602	1167.05787	151
10202	8219	1941.008516	81
10202	9048	1402.656947	88
10202	9144	1629.813019	86
10208	2131	425.6003278	108
10211	2640	3099.253356	120
10211	10284	3517.035319	117
10212	8686	1201.721488	131
10213	5609	319.9524586	117
10214	9207	2422.282348	107
10223	11526	1281.435843	103
10225	9075	834.14994	131
10228	4762	1321.845627	131
10230	6865	572.2768674	124
10239	12088	540.9938228	176
10246	81	2705.570545	20.39769385
10248	8335	692.5801217	112
10258	5605	726.4471322	42.1285547
10260	6280	690.2514468	69
10266	877	2119.012974	133
10275	7002	1042.156773	86
10293	11891	562.4496776	58
10298	11940	2341.321467	82
10306	9186	1418.877285	72
10307	7245	210.6374368	114
10310	6359	375.352997	159
10313	6587	812.4923219	112
10313	10676	1035.575987	93
10318	10372	1129.695171	53
10330	1643	1589.856911	80
10330	3458	1589.856911	80
10333	2346	1339.552244	118
10334	4788	2287.510946	55
10334	5041	2062.025044	53
10335	7570	358.5828959	159
10336	7087	1223.822462	91
10337	5061	2806.960278	24.859302
10338	2055	862.8135482	27.74696714
10340	513	345.0591955	111
10341	7717	1124.805774	94
10344	4224	207.2685278	165
10345	9515	412.9282785	128
10351	10413	632.7837627	100
10352	292	1157.6248	83
10356	1252	1415.781755	87
10364	579	485.6750945	109
10366	3269	411.979173	140
10376	9488	414.5041659	116
10384	7534	459.3374616	57
10392	928	574.403997	115
10393	10560	575.8275002	151
10394	7161	1652.069157	32.36180563
10408	8091	769.1250743	40.31678793
10421	2394	656.6518726	91
10421	3716	739.2285123	95
10421	4629	739.2285123	95
10421	11137	739.2285123	95
10421	12130	739.2285123	95
10434	6656	1294.677495	86
10437	56	1130.263728	61
10437	1328	1385.792042	57
10437	4064	1282.785014	61
10437	4676	1037.608243	56
10437	8820	1370.498081	57
10437	9829	1443.252862	63
10439	3274	1071.402963	34.5675579
10439	4928	1058.590594	33.08095687
10442	11451	510.8180249	66
10443	2391	443.4079046	102
10445	8687	2028.700452	115
10461	5606	369.1771642	149
10465	10116	1285.347164	109
10480	10481	268.9683114	149
10482	6487	2212.342403	63
10482	11444	1941.255208	67
10485	11518	3069.229161	74
10499	8112	5300.666546	132
10502	2386	2845.330627	11.02331373
10502	5324	2890.282326	12.30378567
10502	5686	2362.883232	12.57720313
10502	9514	2856.298656	13.43445426
10502	9735	2393.579168	11.26827626
10516	503	1546.075343	105
10517	1762	628.314774	164
10517	1864	752.9079671	162
10519	3355	779.5143059	127
10519	5143	1023.084231	110
10520	4028	605.6734242	102
10536	506	999.4659702	53
10536	2095	687.2838983	53
10536	5112	948.2973263	57
10541	865	411.1838037	145
10541	10144	549.8973274	132
10541	10152	473.6866905	143
10547	8748	300.4483043	143
10549	7859	474.3306614	187
10560	2802	3705.437917	49
10561	8352	1041.311059	64
10566	2868	931.1584471	132
10580	6006	233.7028978	130
10582	3912	375.6510218	178
10582	7505	617.4787367	177
10585	4211	331.3098685	157
10585	7824	543.4524679	144
10585	9258	472.4331027	144
10591	6304	303.1559404	125
10595	7959	1088.374887	26.5536902
10595	8181	1228.804187	35.33572585
10596	8827	474.9741754	115
10620	4459	564.5294834	109
10620	12370	655.6829464	99
10623	803	370.6478989	106
10623	9341	387.9740883	112
10627	2276	420.8181782	134
10627	2860	597.3416531	123
10649	2053	1049.95533	135
10649	12347	881.3462056	141
10651	4576	1846.144911	86
10654	11734	1100.657801	104
10659	10471	366.5339654	149
10662	1472	885.285313	91
10669	2882	572.6530495	177
10675	11895	1805.168209	71
10683	8753	827.1072849	121
10684	5104	691.6744493	47
10686	2706	4435.107667	3.149408876
10686	4545	3657.445157	3.36406982
10686	8198	4467.166159	2.884348785
10686	9936	4396.962006	3.438826927
10690	12635	732.8562081	57
10695	3206	1612.391725	100
10695	7205	1353.396764	101
10699	186	607.1418126	111
10702	3355	774.7573559	125
10702	5143	1008.774567	108
10708	8325	408.0412327	178
10713	6231	342.6518664	182
10718	6789	723.1297897	98
10724	1450	1920.660219	114
10729	11505	910.7804024	66
10735	717	1207.777067	67
10739	4584	965.8528469	134
10743	11851	871.1461919	70
10748	7300	853.3377245	66
10751	2649	569.6536598	100
10755	9082	798.57887	90
10757	5785	226.350159	102
10760	2947	1526.543957	95
10764	11475	912.9470561	139
10777	2588	976.7436621	105
10782	11835	320.9278722	60
10783	8640	243.7199219	121
10792	582	1360.062553	30.97006447
10802	1623	1113.844066	114
10810	8257	1233.155505	89
10811	2846	700.8380605	94
10812	4667	5443.533479	102
10814	3875	1054.572552	98
10814	12076	1054.572552	98
10814	12435	1054.572552	98
10817	7586	1320.363331	118
10819	5226	494.3708286	175
10824	2615	297.7401491	125
10824	4711	306.9392302	121
10828	10902	2063.981732	77
10831	7222	1613.092386	14.35013486
10840	4637	1843.887026	117
10841	35	1463.717554	69
10841	2354	1583.44699	64
10841	10658	1475.766292	68
10845	6556	2489.699442	73
10852	3899	1979.498391	65
10856	841	2067.639412	115
10861	4260	508.7331316	148
10863	3062	279.6579186	205
10869	12458	1687.002384	57
10872	3680	480.68805	99
10881	583	583.652837	139
10888	1367	220.7427995	251
10890	6666	1572.406689	99
10892	5288	1152.579998	105
10896	9667	1029.363738	82
10907	1087	766.5301435	68
10910	1053	2501.557187	2.884348785
10920	8093	1095.683236	93
10921	4180	2704.454157	134
10924	5825	2043.280744	76
10932	3236	752.5181668	79
10932	5959	847.5548269	84
10932	9640	630.9859107	80
10932	11450	609.5708644	92
10932	11692	780.9973077	89
10932	11812	631.0120198	89
10940	5559	4839.745461	44.02173913
10953	1487	829.2154506	67
10953	12143	1013.724473	71
10954	5082	997.7603279	201
10960	2069	1299.322094	74
10961	1600	2179.340754	52
10961	11301	2179.340754	52
10963	3304	2387.857564	61
10971	6225	2465.819625	31.65828812
10984	2976	1659.946	95
10991	3402	846.2494523	67
10991	11590	735.8133702	67
10993	298	491.6580579	91
10997	4040	928.2216721	61
11013	8255	600.5658622	114
11019	10999	2131.309132	33.81608925
11020	83	951.9497559	70
11026	9681	1397.543015	92
11039	9455	3832.950982	93
11044	7347	397.5112483	193
11050	2472	1429.056505	29.63817606
11050	6695	1960.816474	33.81608925
11061	8764	1066.902088	73
11065	3890	7073.295464	36.92365229
11067	5303	2806.962457	88
11068	7012	2693.811305	95
11073	7847	223.5034722	131
11074	1828	7682.970738	27.74696714
11074	2864	5965.579707	27.74696714
11076	3957	604.5724726	50
11077	9328	1531.527714	58
11077	9906	1576.071765	58
11084	3685	1543.379849	46
11084	4181	1577.696677	46
11087	679	743.5203053	60
11092	6851	1474.973092	77
11098	4806	828.9998115	71
11101	9561	1071.669241	91
11102	7445	320.7978733	117
11114	4260	506.4543362	147
11121	4116	630.2931085	132
11128	5066	339.7258737	136
11131	12118	196.5079475	183
11133	1838	785.8947623	49
11133	5838	774.1210541	49
11138	5516	3715.741894	24.31888239
11139	10717	748.5722982	67
11143	10987	250.6901845	136
11151	3344	376.6153609	66
11165	2645	1091.063449	95
11166	2931	3567.819677	21.78798276
11183	11044	4147.546916	45
11190	1829	1609.468639	90
11190	4453	1605.414387	91
11190	5939	1482.704034	92
11190	11768	1609.468639	90
11190	12078	1609.468639	90
11192	3534	225.8086862	156
11194	7975	1000.532611	5.957214891
11194	10300	1000.532611	5.957214891
11194	10370	996.2083093	5.957214891
11196	1939	3423.581894	54
11197	320	2207.149984	59
11198	8689	609.9202636	144
11201	11855	4630.243552	21.78798276
11211	1423	2978.581025	36.1209642
11219	8968	2184.100405	62
11222	10382	1261.068569	55
11224	10830	2236.479776	59
11227	3595	1384.4328	94
11240	1295	1091.481724	126
11257	9466	704.5593119	115
11257	10160	425.3190742	120
11259	6079	4174.309886	50
11270	10278	220.672519	214
11271	7149	408.6539756	139
11275	2142	824.8324747	46
11282	1820	530.3943588	132
11288	7334	732.7342994	97
11300	2195	1668.344097	106
11302	6865	802.2324948	122
11303	353	573.8319691	108
11305	8441	627.3160239	123
11305	11727	630.0489208	125
11307	3331	623.0823084	115
11307	3839	702.3679292	125
11307	12443	637.0768633	122
11308	12368	714.8825879	95
11309	306	1391.78481	42.1285547
11309	11476	879.8187863	47
11311	1078	875.4977263	58
11312	8658	651.9032928	135
11313	5336	654.158676	98
11314	5986	193.8315397	139
11319	12609	3715.577177	74
11323	5275	1416.847541	106
11332	12353	421.2977828	68
11335	5777	1779.703885	68
11341	5423	354.7122968	107
11341	8797	354.7122968	107
11349	8669	2541.649899	67
11361	11374	668.7112543	182
11366	9433	1381.81815	60
11372	7309	3361.718032	37.7441779
11383	1078	856.0349591	51
11384	3160	1374.059175	42.1285547
11386	7417	1432.474811	102
11402	5370	1042.688476	81
11407	10518	1284.579765	99
11422	1466	939.9351369	107
11423	8513	4049.739445	49
11425	4593	1668.665793	103
11426	2513	562.4905769	76
11429	5005	2539.41574	84
11432	785	405.2318425	96
11433	1066	1021.67362	79
11434	5190	1701.226604	52
11446	218	799.0935764	99
11446	5240	553.577784	109
11448	1084	1269.978112	69
11448	9886	1411.273625	68
11449	6161	932.0690933	97
11449	9350	897.9496647	97
11459	10327	965.3771527	112
11460	2984	763.3959357	138
11460	10709	780.1017913	136
11463	6746	1029.196373	66
11463	11239	1098.524492	77
11471	11198	2674.0893	83
11482	4914	1865.404218	17.10875968
11485	11634	188.2096368	167
11487	2147	919.2591448	8.283674685
11487	8592	888.612286	10.31991723
11498	6183	409.285157	114
11507	7877	2007.337595	81
11510	11862	1411.696952	70
11518	5446	553.3290624	78
11519	6087	410.0453579	130
11522	11891	714.2061633	50
11525	9085	263.3104503	109
11540	9301	1069.990583	84
11546	2954	3069.961618	46
11546	7580	2608.718115	49
11551	8223	963.398734	85
11555	1837	746.7849319	13.1424009
11559	6375	680.2299366	105
11564	1355	955.5486584	39.44033602
11567	1063	1131.777649	52
11568	5074	983.5969613	103
11574	8481	438.7807734	118
11576	10408	1963.372145	94
11582	9797	1104.919841	72
11583	11080	1110.032352	70
11587	5331	1078.790309	47
11595	4713	569.6636805	108
11606	154	874.3697614	157
11611	10705	411.7297483	63
11613	46	1250.377651	77
11617	2349	574.0152325	68
11617	9915	411.7944636	71
11622	2857	2823.926419	27.74696714
11624	4017	2873.432708	115
11624	8292	3287.229	121
11624	10772	2299.075505	112
11633	8406	832.6131388	119
11634	12557	475.5132139	109
11636	3305	5324.641826	60
11639	9666	926.6199197	96
11639	11949	926.6199197	96
11648	1134	1166.502826	96
11650	10472	293.1697197	187
11662	5600	5199.876735	58
11663	1092	215.2673374	210
11664	2204	1036.475397	109
11670	4759	1768.258511	72
11670	4894	1279.148196	73
11674	11589	1897.299292	69
11675	799	2264.23406	27.74696714
11679	4975	237.4604006	208
11691	8978	2126.102197	58
11693	1959	242.361503	78
11704	4866	1367.533232	55
11709	5373	1444.440252	82
11716	10719	1765.627855	95
11721	9390	1599.60048	2.120378172
11721	9526	1644.64198	0.7065573679
11724	5976	611.7294637	91
11727	356	4942.410645	4.476660231
11727	5271	5115.651089	4.57614157
11731	367	669.3832636	101
11731	3011	672.3065576	105
11737	2435	1364.205555	141
11743	3793	3127.796012	36.1209642
11748	2103	243.1328761	157
11757	10891	441.7072946	68
11764	10391	356.9202283	150
11774	4898	4265.464489	48
11778	1147	827.8283564	104
11778	6138	770.1817329	103
11784	12262	1230.65342	116
11793	378	1365.187602	82
11793	11627	1293.447197	83
11795	10888	2119.195122	74
11797	9799	3331.509984	53
11798	11648	292.5226154	113
11799	8955	434.5440196	190
11809	2954	2957.555086	49
11809	7580	2552.578868	50
11812	11105	1113.951537	70
11816	9500	3213.400512	28.36356641
11821	8974	2813.035023	55
11834	822	294.6277028	169
11838	8561	2193.794907	93
11844	1113	1358.120691	22.27216015
11852	7541	3404.517752	33.08095687
11855	12626	1061.901713	57
11856	6100	591.3153408	94
11860	11691	4776.403331	56
11866	1545	3062.712489	23.27303253
11866	9989	2736.882614	24.859302
11871	1373	469.5203238	88
11871	4002	469.5203238	88
11873	5358	643.0338536	118
11876	8363	1125.532578	50
11876	10453	1202.789815	51
11885	10354	1829.072135	112
11897	10978	937.0699241	27.74696714
11900	7724	184.7823601	157
11902	10050	1627.273339	149
11907	5498	3933.061141	2.167497687
11907	6263	5236.204956	1.665002262
11907	10105	5404.231741	1.818009296
11913	10015	563.9525767	112
11917	11790	2557.242643	105
11922	6729	1328.947383	29.63817606
