3	9979	2281.351584	55
22	8008	864.5202819	122
28	16272	187.5046824	237
32	14454	607.620806	131
73	7179	237.7096821	160
103	18121	323.3282719	145
117	2018	377.723842	118
120	8255	1084.204743	98
122	9527	1672.381798	48
135	3613	236.47682	190
154	3192	311.2344652	138
154	7546	302.2249366	129
177	1103	796.0477283	105
185	11949	540.3932683	131
217	16433	1287.303673	88
264	16561	816.9926665	107
273	438	450.2501807	155
273	3352	496.1139154	152
273	6195	477.4136121	153
273	6630	385.2845564	152
273	7896	417.6949585	153
273	8035	410.4143564	152
273	14988	395.554083	158
273	15995	476.55672	148
282	8987	1307.336245	87
291	18326	330.3383872	145
335	4269	354.330393	120
335	7397	425.4125773	104
335	17893	347.8384752	121
344	17003	742.9083083	96
344	17432	713.459382	101
345	5559	385.9979023	160
348	730	1453.794735	105
353	664	1666.946927	92
353	6491	1646.735947	92
382	6710	905.7790625	137
382	16030	913.0172013	135
384	16255	317.4752948	155
385	205	324.6652356	203
385	17972	272.0113796	222
399	3688	187.2040976	194
406	13865	508.1063686	124
419	16510	1573.087038	69
425	9585	1238.189618	96
425	12671	1192.794701	97
448	3836	452.6391098	166
448	4933	425.7909403	184
455	9441	258.1917069	155
463	5142	386.6779046	189
463	14390	446.1275323	178
464	5424	358.9655607	192
464	14633	328.6862452	185
464	18285	391.9346304	197
474	6004	326.2517015	171
474	16886	488.9215363	159
480	7298	648.2232856	123
480	18353	640.2163069	123
509	11080	320.2829718	125
511	17830	359.7620262	168
517	5790	186.6425175	235
533	9627	1190.713895	90
536	184	288.2487078	144
536	10070	473.8028512	125
536	17083	428.2538618	130
541	13207	295.8693305	126
552	12433	358.5504873	107
556	15753	262.8084931	135
574	13030	239.7261446	220
615	16341	686.5316036	154
616	5925	923.6643038	94
630	2290	476.569168	129
636	3905	770.6674979	139
665	2026	693.8599541	102
694	12430	801.5082944	103
721	1276	897.4614627	119
721	17791	871.5072853	116
737	16891	1108.700051	102
740	751	434.5008936	132
740	6084	449.3323479	130
752	1005	373.134715	95
796	12604	197.5544443	206
830	450	231.8676756	130
848	6416	379.7510897	119
848	8970	543.6884751	111
855	7700	214.2406874	164
857	3192	334.8712378	146
857	7546	238.3963296	144
858	581	1589.94477	75
858	14597	1595.175251	74
870	4694	1061.690453	78
907	377	214.7970744	207
913	207	363.6747578	167
917	2578	605.4165188	72
918	13095	1000.788669	87
969	5495	213.3696707	180
972	10978	1457.456643	87
972	17598	1362.201896	91
977	16538	272.4569708	134
991	5574	1546.052514	75
995	12788	1030.495031	60
1003	1235	276.8733405	163
1022	6314	207.3224675	163
1040	9553	424.4098571	152
1053	10117	802.7658405	114
1063	2513	703.1312024	88
1072	2379	2036.382331	69
1072	11128	2012.014317	71
1072	12816	2188.274421	65
1093	2654	414.0114776	105
1110	16875	191.2311281	147
1125	12376	953.7904279	126
1125	16597	937.3499845	125
1159	2847	421.9318139	126
1187	833	2903.620749	35.33572585
1214	16066	520.2067347	138
1215	6707	406.0160364	145
1219	15648	1064.267656	71
1225	13549	327.5269264	133
1227	11950	204.6488728	229
1229	4976	757.7551669	96
1229	10644	728.3036993	97
1236	15299	599.354566	96
1242	15344	313.8221289	126
1263	15492	1328.381744	79
1275	7333	3837.508142	69
1276	16674	187.2431869	161
1299	1014	1189.795231	85
1302	7654	470.0333668	107
1306	3848	2502.909442	48
1308	2224	307.8109943	163
1313	9281	748.8108338	106
1315	3688	214.3406418	187
1358	5923	277.439541	112
1361	11950	209.1876407	198
1364	17917	208.6981403	169
1373	17830	296.7229806	180
1374	8536	2001.21257	106
1374	10255	1952.295035	104
1374	16624	1953.499393	105
1374	17056	1952.295035	104
1391	8563	891.1696908	101
1392	10636	450.7487864	92
1417	1635	193.6715059	179
1417	3430	199.7365801	186
1417	7872	199.9173644	186
1417	14540	221.4035242	188
1500	3807	1795.200076	71
1507	7005	1122.68828	72
1508	16164	1098.936114	101
1523	9803	825.5608644	98
1523	10361	1053.870187	91
1545	17863	2297.04026	64
1551	10576	2228.998119	94
1570	14498	703.7357801	90
1585	527	1132.540249	72
1592	14181	680.31642	66
1606	16510	1443.620136	73
1612	11475	1562.386456	84
1634	6327	1673.475738	69
1636	680	289.5696075	135
1636	1482	262.0229716	142
1638	15006	499.399785	118
1652	15183	1312.065413	67
1656	8682	196.7770643	128
1679	14851	397.53365	122
1703	10567	258.4950745	174
1703	10758	298.5365759	186
1709	780	2700.840793	84
1709	7569	2675.270824	86
1709	12736	2600.510928	87
1709	13924	2625.115373	86
1757	4117	962.2443772	106
1776	4103	2375.365528	58
1790	9841	491.5233012	132
1794	16883	309.8855019	150
1838	2931	320.5906248	174
1844	11629	903.6231857	74
1845	3683	181.4841739	217
1862	12752	413.8067578	136
1872	11828	348.7478901	196
1872	13797	257.3013148	193
1904	3026	1141.597041	89
1922	8479	533.5567505	122
1922	10056	554.342084	141
1922	12618	599.634856	132
1922	16501	545.5784054	135
1924	10291	252.716733	128
1944	11962	648.9287428	95
1945	17003	643.1679053	103
1945	17432	662.9339549	101
1948	16258	828.1120408	78
1959	10567	220.6035205	199
1959	10758	210.4341212	212
1967	5371	1579.143796	104
1967	6833	1568.804816	105
1989	4475	253.9138299	165
2036	15559	1489.394172	105
2040	2135	462.5817135	181
2041	364	256.7875157	158
2053	1517	236.1535684	150
2055	2164	782.8004325	93
2080	7933	300.0471378	254
2080	9471	258.6714492	266
2092	15682	779.663678	94
2096	5466	228.103609	106
2110	3366	279.2739247	188
2112	3733	324.2619143	154
2112	4680	326.6089405	154
2112	6960	286.817874	149
2112	7623	300.1385075	148
2112	17796	315.8422601	155
2117	14628	1146.396824	89
2130	1555	339.4366384	180
2132	8501	998.3820695	87
2167	133	379.4170103	110
2167	11178	354.3089154	111
2173	438	432.8357718	145
2173	3352	549.2010256	136
2173	6195	432.0361363	157
2173	6630	373.1504696	147
2173	7896	470.9510859	147
2173	8035	402.4345951	147
2173	14988	375.5697099	154
2173	15995	451.3167964	147
2175	10783	1044.976802	96
2227	16733	400.6025378	140
2243	16072	1203.532056	97
2248	3963	327.1661897	124
2293	4407	2389.91277	57
2304	13237	684.5415169	120
2331	11351	828.526638	137
2338	9956	331.2384725	146
2338	14081	332.2712055	139
2340	776	813.6235605	132
2344	17532	1874.309776	74
2348	2159	625.0667237	102
2357	8505	442.2123077	89
2357	12337	442.2123077	89
2359	9895	495.1152009	103
2364	6321	240.8760285	162
2365	424	1134.477354	96
2365	6604	1043.149612	105
2365	7297	988.0060892	101
2368	10783	1024.553083	95
2370	15719	926.4028034	92
2424	5559	409.7824917	150
2434	12439	610.3755512	102
2451	7749	402.9655404	72
2458	8544	785.3772721	103
2465	6533	185.7664867	212
2477	4371	1039.195803	83
2477	10143	1076.353839	79
2501	15355	800.5336682	123
2511	18144	229.8641479	158
2517	16897	915.9616372	117
2525	16241	435.0988885	118
2547	6728	1727.824274	57
2559	15280	2006.21858	92
2573	16191	278.1193502	129
2578	9512	202.8757242	182
2582	1547	683.9175048	100
2593	16132	223.160543	136
2605	9670	1385.794605	53
2608	4189	584.6940657	128
2621	4097	248.1662403	206
2621	8478	199.782445	218
2641	2012	718.3357683	117
2644	5985	832.7618412	105
2644	13733	821.7366257	104
2644	16871	847.8918916	100
2649	4510	644.7178667	101
2651	5580	1686.054358	65
2651	6992	1594.771388	68
2651	16294	1730.650067	65
2666	17830	292.5146189	174
2686	11430	889.1433075	99
2690	3942	695.8574506	71
2690	4267	716.3254141	65
2690	9280	475.0124188	76
2690	11006	602.5513694	75
2699	6464	191.3630355	243
2704	12391	507.3098561	132
2705	205	320.8785513	206
2705	17972	281.8692628	208
2708	1970	613.6720889	160
2708	2948	604.6122503	162
2708	7516	576.1932873	162
2708	8265	645.2711877	147
2708	11791	635.3426703	156
2708	14121	689.9157458	146
2711	5424	432.1249887	185
2711	14633	410.2147132	185
2711	18285	426.6379838	167
2716	1755	466.7228989	120
2728	13810	484.0285996	122
2736	2939	190.2103436	202
2766	9647	594.8806343	145
2771	9221	1886.902531	69
2794	14596	191.2307945	271
2853	4514	280.5072054	193
2908	11080	446.6840106	127
2911	7557	581.5755055	146
2951	8045	927.2757023	98
2958	10618	817.8327143	110
2968	2238	184.72784	137
2994	7167	1041.422073	94
3003	6937	427.5808407	115
3003	9474	387.3789591	110
3009	1283	1306.472613	88
3025	15999	1252.567197	95
3036	8311	627.7383537	118
3042	6707	478.9641593	133
3046	16880	321.3809352	117
3062	3535	620.1201211	125
3062	8808	738.4428946	119
3065	2263	292.9893785	122
3090	14233	377.5866959	159
3117	7180	895.1744839	106
3123	9841	540.7824355	125
3139	18225	790.1044347	154
3146	9864	1068.2446	117
3146	12313	1062.755913	116
3190	446	1678.429447	87
3236	5559	425.8143719	149
3244	13959	1223.802766	90
3244	14051	902.3954533	82
3253	5806	932.3739629	97
3268	12635	214.2654146	224
3310	8	386.8070264	120
3315	1980	265.7466422	84
3339	4230	967.2262433	75
3351	4614	565.7507744	178
3351	6874	558.043253	180
3368	10546	875.3205945	98
3372	16036	1070.536778	105
3382	4062	554.7918695	152
3407	2520	1452.840306	78
3426	7935	2769.262808	53
3462	3571	2098.844447	92
3475	7590	529.4807535	146
3477	205	290.9831767	210
3477	17972	294.8584755	203
3516	5404	369.4837275	201
3540	4290	220.4222374	189
3541	5638	932.9514435	122
3542	57	184.3090289	152
3556	1934	232.3824979	112
3557	4475	262.7094848	158
3600	15363	1155.876859	86
3605	12994	511.943255	117
3632	13470	230.7332241	165
3647	6416	360.4924861	120
3647	8970	439.8115844	126
3652	883	997.3458	99
3652	2280	1139.304754	101
3667	17917	184.7471785	156
3693	1866	195.8364107	154
3700	5005	851.6213701	110
3703	1116	1303.450327	83
3703	12227	1441.192049	77
3712	91	1232.931457	112
3712	6038	1358.873388	104
3712	14156	1321.642837	103
3717	776	878.296374	127
3725	6031	475.0261419	75
3752	10861	2117.405655	67
3755	12291	972.0397584	105
3759	10881	307.8097116	115
3778	17434	2810.189564	88
3813	1593	884.1574043	81
3813	2189	858.8219622	85
3813	6827	856.8906633	85
3813	8106	771.6998799	85
3813	17152	761.2538652	91
3820	4848	243.1078727	120
3864	7766	296.2557874	108
3869	13095	911.5542288	95
3888	10486	221.626851	154
3890	5859	480.2316884	82
3892	438	522.1872928	140
3892	3352	596.152437	130
3892	6195	534.4779298	140
3892	6630	499.9777594	132
3892	7896	548.4947342	130
3892	8035	527.1260999	133
3892	14988	501.2553061	131
3892	15995	554.4585351	134
3905	17434	3146.496227	91
3932	3100	4657.089224	70
3936	1970	322.2895399	185
3936	2948	303.0836298	183
3936	7516	296.0665145	194
3936	8265	258.5346071	202
3936	11791	250.8173724	180
3936	14121	264.3944293	210
3942	4256	559.8188323	104
3942	8588	595.2287057	103
3945	18376	268.5039825	155
3959	15128	301.1177443	172
3966	17950	1664.364098	82
3977	9585	1605.578819	84
3977	12671	1432.353777	96
4042	6464	339.521629	203
4054	9742	838.0179855	122
4080	16292	215.161956	172
4091	4798	1057.348851	118
4091	9861	1085.773608	120
4091	18299	1069.096536	121
4095	2947	1135.939511	97
4105	771	984.7315996	120
4105	1174	818.8096815	115
4109	7298	600.4153912	135
4109	18353	581.8299389	134
4122	424	950.7023309	105
4122	6604	888.1027825	109
4122	7297	849.1911348	114
4153	9356	1039.993027	111
4159	5009	216.2282601	169
4169	4991	1718.602363	104
