1	5233	776.2694542	112
11	928	690.7440114	92
15	1569	958.1231652	74
18	7307	640.8386413	96
21	7235	556.2390391	131
23	9432	1088.881703	92
32	3699	741.7527239	112
41	8383	1395.969634	95
44	8865	455.8111507	139
62	8320	289.2954408	118
65	3569	585.9729829	68
65	9133	562.8799545	67
77	4979	991.6714658	75
78	6178	1236.595121	98
80	8566	855.1331432	86
95	4646	779.7931917	145
99	1098	1083.933093	111
105	4684	661.8277533	135
112	5140	498.6590168	115
117	1374	2326.840149	79
120	5417	1075.05738	104
124	2575	3830.327203	66
130	2869	1116.493791	78
130	3359	710.5313861	91
132	4637	3512.583332	54
135	9618	616.577796	172
146	8071	2334.274851	71
147	9557	1044.430851	101
157	9578	1019.17566	92
157	9776	1067.46297	90
161	1130	2410.254309	52
164	1316	1538.622002	99
164	4186	1422.700437	99
166	3866	1823.403499	66
169	4393	316.599033	136
177	7600	713.6820712	86
179	2440	963.5791553	85
189	4877	375.0101015	116
191	7530	304.4441143	139
195	5335	655.6622538	73
201	5705	652.9365706	137
209	1007	702.0807585	111
214	5578	970.9271406	103
218	1627	225.7369014	85
224	7732	598.248978	117
225	3423	1320.316917	75
227	9584	848.8491449	97
228	2483	738.0462999	105
232	471	2213.834578	48
240	1363	1277.159884	121
240	6273	1142.577377	126
242	409	784.7142039	112
244	3897	2855.831043	78
245	640	1450.211901	69
249	3651	289.4518534	110
257	4325	832.2273396	93
264	222	487.076626	78
275	3768	312.6296832	123
277	454	517.7291721	93
294	9109	2089.229852	51
298	2074	216.8558203	125
302	5154	4684.041913	36.92365229
309	5047	857.3331476	92
316	2514	452.9318659	74
332	3087	998.7973047	88
339	4834	1182.559554	67
341	2622	3234.987513	38.58293741
348	5264	3474.329328	25.41173093
349	8034	285.9124835	97
357	9557	920.0094073	105
359	9905	1256.148854	93
377	9809	488.5770012	98
380	3569	596.2602381	69
380	9133	558.4012041	72
381	183	1086.180211	29.63817606
398	8494	410.289368	88
401	2264	525.397189	116
404	9057	2685.008253	55
412	58	692.1345363	97
414	8378	342.1109028	138
420	2960	757.1133447	92
425	1316	1854.870284	89
425	4186	1767.63787	84
427	2165	2070.866084	96
428	7802	307.9930573	84
432	9884	336.36123	133
447	2786	374.588697	155
447	6876	334.3814679	160
451	1778	397.9657254	105
457	9578	733.8297052	114
457	9776	963.9655636	94
463	6463	2148.739001	61
467	3262	204.9688131	135
475	8699	1260.837038	122
479	2718	1053.029254	87
480	8034	291.0000597	94
483	5122	210.0347862	103
486	2484	181.2373165	179
494	140	2119.346315	80
503	877	401.912673	109
506	87	291.9323246	154
510	8453	1421.53513	80
518	8034	291.2759522	93
519	1903	380.5077331	128
522	3706	915.7305011	108
525	3579	192.003451	155
526	6023	358.1602172	121
541	217	732.0530205	107
543	8547	1511.317979	100
545	2264	523.9169792	115
546	7079	1651.362515	119
551	4598	373.266374	95
553	7769	967.4188076	110
554	2417	294.4454125	150
556	8404	804.8440085	86
559	3122	496.9566585	162
568	9765	1118.05794	87
569	2955	841.6680663	80
573	9591	351.4970547	116
575	5507	553.208615	115
577	5400	1063.274987	63
580	3676	226.4389671	112
582	4193	379.483886	103
587	7503	1411.326982	61
592	7878	630.5500518	109
593	5897	595.488502	100
599	893	1143.274143	82
602	2064	242.9849157	137
603	5805	205.6454021	122
606	3835	1440.096606	101
615	7727	2385.54089	47
617	6691	223.3055673	96
622	5348	379.3128035	135
623	6633	1746.336341	81
624	3765	1721.156922	70
625	770	878.9941796	81
636	8979	817.70064	53
641	8946	992.76212	52
646	7535	1042.839676	99
653	3335	1257.91999	99
694	4446	1167.000406	117
694	7706	1077.064375	116
699	3661	419.6616349	166
703	7602	210.720973	178
707	1939	571.6261957	81
717	8099	375.1137548	172
732	7436	1549.561999	66
734	7356	197.239481	173
747	7755	746.3226666	102
757	9470	344.407557	139
759	2137	287.7964389	133
759	6568	324.3661502	139
764	4442	2293.237515	111
776	1432	434.4582668	106
803	4273	244.2002444	213
803	8860	183.6696992	244
807	4508	290.1067843	152
807	5943	233.3755342	176
887	1004	1176.882361	76
887	2815	786.7933688	87
889	6511	486.1073584	123
890	917	706.6168138	102
890	1286	675.4483919	116
892	4956	256.4961275	138
892	8626	303.6151943	137
892	9330	279.7112161	143
899	3187	616.8984438	131
919	2903	1482.566386	70
939	1896	323.0252036	131
939	3896	598.1231027	95
939	4081	364.9193542	119
941	283	695.5083585	120
945	8128	484.7646829	113
946	8089	1874.070046	87
960	6319	564.0189088	125
986	4582	283.2623183	106
1010	3703	522.7414989	146
1010	9608	464.008544	154
1014	5067	502.0449355	142
1014	9226	485.5424428	138
1018	2427	182.814601	116
1019	807	270.582119	158
1019	4267	273.0021484	165
1019	4686	353.4484753	163
1019	5350	321.8291156	142
1023	8609	350.2106895	127
1047	9470	299.6768269	148
1059	1428	873.4911341	112
1059	9460	938.1628976	106
1061	1675	1296.999327	93
1061	1685	1417.721103	89
1061	4797	1201.426525	97
1061	5078	1148.562469	96
1061	6738	1339.861997	92
1074	3706	732.7212306	113
1075	6500	272.9879259	131
1083	2710	280.381126	149
1094	5272	322.5840396	179
1095	442	1360.487867	94
1095	786	1387.056012	93
1095	5881	1065.613021	114
1095	8372	1374.13143	98
1098	6011	1116.703452	116
1098	9272	1085.88312	118
1115	7436	1429.599944	72
1127	4029	1384.962495	104
1127	7793	1534.045437	94
1154	1804	268.3541135	115
1163	3909	1226.16263	108
1166	3665	491.9684377	139
1166	4068	626.1446099	127
1166	5442	526.2424652	131
1166	6612	544.5447495	131
1166	6662	674.7050337	121
1181	1896	261.6917776	148
1181	3896	481.2890764	109
1181	4081	211.3862642	149
1202	352	274.5217738	153
1205	5629	226.2656382	214
1234	7771	1012.733939	95
1234	8921	870.0781422	103
1236	4882	413.1232525	105
1248	2912	207.7672761	204
1248	4871	225.8491691	199
1248	6001	337.0913249	186
1248	8677	188.6775781	190
1261	4509	1150.598687	91
1264	3577	536.8654109	114
1273	5834	884.1214656	135
1285	2949	283.3103156	134
1290	7461	648.5077557	123
1290	7562	733.5903256	123
1302	1580	584.8688816	121
1316	2032	212.0840694	169
1327	1329	593.4089047	117
1327	6932	691.1950578	104
1338	6086	824.1691976	115
1371	3934	467.7686126	141
1387	1499	374.458771	96
1394	8194	485.2337345	127
1395	5579	203.4430592	261
1405	6522	917.6193807	92
1407	1593	226.9114211	132
1407	4001	271.5493913	132
1407	6501	259.2654061	143
1423	3696	472.3995731	122
1451	3604	1430.919445	77
1452	7305	765.930591	108
1460	4396	533.3566024	104
1460	5524	374.8955893	104
1460	8867	284.7138666	123
1462	5664	251.7820989	149
1463	2246	470.5164557	99
1468	2505	643.5455312	108
1475	9821	250.5213363	131
1484	3047	1150.349716	80
1488	445	498.3166512	105
1509	5398	345.9263598	154
1509	5405	430.8139296	137
1511	2063	298.5666914	226
1514	79	1038.562149	136
1514	9316	1108.880119	128
1542	9082	266.8530455	169
1548	2830	219.2056656	156
1550	5388	593.5329081	151
1552	9806	220.1411537	196
1564	1485	981.9511892	115
1574	4089	347.0282653	138
1576	2548	1694.443196	91
1606	6855	472.1720908	141
1615	2944	288.5666002	161
1618	3569	600.4955922	69
1618	9133	532.4804074	78
1620	571	390.8525835	127
1623	766	817.9198458	106
1668	2237	268.9396641	142
1669	4645	182.3645689	212
1691	4352	1850.712788	52
1729	620	311.3161314	152
1739	6203	1451.162952	106
1801	9639	486.4165369	107
1805	4958	287.3800036	124
1805	8762	409.307149	115
1809	4967	2581.622682	67
1823	2606	481.5423624	156
1823	2692	521.2084832	157
1823	2926	502.1758863	160
1823	4708	584.4711022	152
1823	6657	543.8670982	139
1823	6973	447.8390013	165
1823	7558	541.3030225	149
1824	1585	1648.613693	76
1852	4777	487.8179441	89
1861	5834	1050.970719	125
1864	9175	3645.709207	44.02173913
1865	8708	767.6969297	101
1866	3511	339.8518003	213
1874	3293	344.6233733	107
1883	3123	708.1426782	112
1883	4776	603.4643255	122
1888	2803	1190.602651	65
1896	3442	221.3651909	222
1900	7905	971.274763	87
1904	1716	876.8965642	102
1924	807	220.7422941	170
1924	4267	190.4166153	185
1924	4686	287.6486429	151
1924	5350	273.4930282	153
1932	1526	219.6323497	209
1932	9329	268.6746302	177
1932	9914	297.0357742	179
1938	8555	412.7156458	155
1945	1896	289.3456262	130
1945	3896	561.9653135	101
1945	4081	374.3714629	94
1949	9903	282.0411655	160
1960	1534	1557.590142	95
1962	4640	193.3330695	195
1966	745	233.15286	114
1969	1329	537.1162594	114
1969	6932	570.9557389	115
1975	6401	360.9593436	82
1977	5195	447.5119711	111
1979	1961	521.0019995	112
1981	1585	1637.970591	78
1995	3168	412.0626139	116
2002	8438	185.4463849	169
2023	3951	850.4569537	94
2030	3312	1377.63531	74
2052	2606	565.6779458	163
2052	2692	516.0249216	177
2052	2926	522.7358923	181
2052	4708	582.6435248	166
2052	6657	530.9455569	159
2052	6973	479.8118859	155
2052	7558	624.1608477	144
2059	4632	866.9654943	75
2079	9726	281.4095785	137
2087	7446	254.1337327	145
2098	9781	182.7567198	196
2105	1728	202.0073921	186
2107	1735	471.7859127	102
2113	6012	272.8922734	125
2143	1851	331.1104953	118
2143	2932	328.0906966	126
2143	3554	328.3151392	115
2156	273	563.139075	123
2156	7250	422.171725	145
2161	4646	876.3902126	146
2175	6590	1954.842871	90
2175	7902	2096.168376	85
2199	1482	1720.711057	65
2202	509	314.4707509	97
2217	9131	1500.20097	79
2220	2685	246.4696713	133
2254	7656	273.3570115	165
2258	3519	2066.046054	77
2260	3311	294.0107083	213
2260	4056	325.4479561	201
2260	6371	300.3503046	210
2263	203	228.65324	112
2263	5472	284.4137228	100
2315	4036	482.4237032	100
2323	446	1039.009751	110
2326	1960	306.4117603	177
2326	5341	190.9168934	194
2339	5834	957.3508849	128
2358	1186	437.995723	119
2383	3236	287.5670425	111
2397	20	181.672662	148
2397	128	207.9119099	145
2430	5833	1096.920544	117
2430	9505	1143.503612	117
2440	4839	2646.730592	42.1285547
2447	6757	280.5256164	101
2449	6140	287.1843952	112
2466	7845	339.1115468	117
2521	5664	279.6668504	130
2533	2280	212.5878088	161
2570	3690	1232.846848	108
2579	807	311.6293247	147
2579	4267	302.8309217	152
2579	4686	344.7247498	160
2579	5350	246.0738093	154
2582	4185	411.1207637	154
2588	2710	278.5850664	150
2620	2572	486.5182717	146
2664	1329	658.2414847	107
2664	6932	594.9389072	108
2670	446	934.45591	115
2695	2244	244.906333	149
2703	2137	290.3519374	119
2703	6568	374.7474867	102
2721	2498	2574.978672	95
2724	9001	931.3402831	88
2740	4121	354.4757064	139
2740	6900	501.8886	123
2740	8096	305.5928403	156
2740	8741	548.3934827	117
2740	8969	392.9890881	119
2742	4963	221.1862246	187
2747	2820	1060.503995	90
2750	2755	187.0147249	153
2752	7714	256.3131574	190
2758	480	484.8434103	151
2758	4736	495.06729	175
2758	5839	516.8428399	154
2758	5873	524.8517681	161
2758	7315	439.2569918	187
2758	8390	425.4794932	172
2775	9159	314.1013696	102
2778	300	273.8108798	154
2786	1988	275.027785	148
2808	7488	214.7698054	153
2809	135	609.2546162	120
2810	6500	379.5088722	130
2818	1926	651.2610489	141
2819	2845	537.0814948	154
2819	9588	695.7078638	135
2827	5480	899.285753	90
2840	3650	282.3765047	133
2840	5159	518.931509	112
2850	807	202.2536856	176
2850	4267	224.2872578	157
2850	4686	291.734847	174
2850	5350	192.2591423	175
2873	8930	1249.169047	99
2876	3222	981.9597196	104
2880	3242	971.7890347	118
2883	8300	864.7479915	116
2895	8582	1323.151429	110
2901	4185	479.4114189	136
2909	1486	611.3032917	149
2909	2563	500.0680947	154
2936	3861	371.8140304	156
2939	3368	3035.680658	71
2948	4165	813.3497234	124
2950	3222	999.1645411	106
2951	3222	1107.821006	100
2963	3778	381.5077496	124
2987	6500	300.2237782	137
3038	5887	1380.781024	62
3039	4563	6341.854622	67
3050	1896	367.6886098	128
3050	3896	444.7646128	119
3050	4081	290.8964479	134
3053	6161	456.063472	124
3054	4995	459.1078915	154
3082	9574	2764.711065	52
3085	979	197.7072508	127
3091	9047	239.8453077	135
3111	8367	2783.078631	80
3114	4273	218.6492046	182
3114	8860	280.9144987	208
3118	6155	657.119689	106
3119	6277	197.4947487	172
3134	5702	440.5699483	129
3134	8214	453.5459644	128
3154	895	813.074368	84
3157	7356	206.1087139	168
3161	3605	322.3549531	141
3168	9255	2031.771398	157
3175	2193	435.0370619	121
3175	5268	468.4000765	118
3179	551	639.9793034	148
3180	9276	451.2852504	140
3204	7134	349.0121543	131
3204	9092	421.9762146	118
3206	6233	424.6298681	109
3207	98	615.8235177	132
3236	7384	499.676427	110
3247	631	1445.124597	79
3251	844	334.91201	188
3251	6412	213.3172607	213
3251	7982	290.1631554	203
3271	495	395.3607392	128
3271	521	370.2684152	134
3271	3279	364.2828498	133
3278	1714	190.6132658	167
3300	6277	199.9969922	165
3307	340	273.8887236	134
3317	2103	233.2833679	152
3317	8689	283.3574542	150
3341	3565	1662.09153	44.02173913
3350	8927	2017.014869	74
3350	9633	2189.313422	66
3354	6667	181.6977743	209
3363	4027	314.4111875	165
3364	7251	185.4361511	179
3366	2326	201.3093518	170
3375	203	181.0295539	127
3375	5472	313.4397366	116
3376	571	408.9866663	130
3377	4185	370.4807668	154
3394	5834	967.4767146	122
3444	8742	795.8498739	106
3448	4880	210.2205064	212
3449	7818	199.0209922	138
3455	9836	269.5242248	175
3459	2057	542.9862399	121
3491	5045	752.2249216	109
3498	745	351.4090409	97
3499	8632	2050.361856	63
3508	3175	1283.053495	96
3508	5859	1511.564842	83
3525	4391	2057.273516	59
3530	475	482.2016267	96
3531	2030	726.7822212	135
3539	6443	938.288422	128
3557	3083	862.7787573	102
3582	8939	1093.764152	81
3596	164	895.972468	94
3596	4294	894.473722	107
3596	9076	913.5687458	106
3621	3886	541.2147611	80
3655	5481	207.2113808	150
3658	2647	1128.675315	75
3685	4777	539.6501567	78
3703	3658	1165.23746	89
3703	5206	1146.036876	90
3711	4037	394.7330286	153
3721	7907	690.8541326	117
3723	20	196.2876905	164
3723	128	250.921836	143
3732	1534	1236.603856	106
3734	4268	342.3636057	128
3766	530	369.8009159	124
3766	1924	350.0905331	135
3766	2549	216.2777055	157
3769	233	189.4741019	137
3799	6311	1433.676325	69
3802	6805	282.555009	147
3867	6500	432.6859544	124
3880	8448	1100.209182	92
3898	3311	307.6067466	215
3898	4056	294.9210305	227
3898	6371	325.1877564	181
3910	4338	484.2540395	151
3919	4858	328.4506752	149
3936	5584	442.3311846	148
3937	1550	960.9112655	125
3937	5653	668.2492797	143
3956	1058	192.3866578	142
3968	2568	1826.95398	84
4024	7891	244.5423078	192
4024	8284	214.0165571	181
4031	4859	243.4556869	207
4052	5587	263.5015043	174
4087	5473	232.2569335	171
4090	442	1740.380978	83
4090	786	1577.61448	89
4090	5881	1487.077385	92
4090	8372	1758.393133	84
4095	7327	716.5765313	168
4100	9561	1259.414751	90
4112	530	578.6224297	103
4112	1924	493.4632487	115
4112	2549	445.8133528	125
4120	9430	924.2252173	94
4131	748	467.3498764	135
4139	2810	236.5959645	122
4141	6522	923.0664882	96
4162	446	1194.031787	99
4165	3886	609.0150109	80
4197	7461	913.1561853	115
4197	7562	947.6427286	112
4217	6018	293.799543	140
4223	6860	996.2183237	92
4238	5089	295.6591804	140
4240	7695	215.8144209	162
4241	9793	900.9658572	89
4257	442	1533.286414	90
4257	786	1482.140977	92
4257	5881	1360.783178	91
4257	8372	1485.442947	95
4281	4718	1267.451044	104
4287	2676	847.6373511	121
4290	1585	1749.012504	70
4317	339	230.9854048	168
4328	4768	331.2576343	177
4329	3650	442.6784862	101
4329	5159	545.3098961	102
4336	1904	1785.793266	92
4336	1968	1709.232786	94
4336	2194	1467.98571	107
4345	9685	386.6792613	75
4419	2912	212.5883177	194
4419	4871	280.6668612	179
4419	6001	252.6022947	173
4419	8677	241.0507781	193
4434	5743	1845.592216	73
4447	897	240.1929297	162
4447	5882	225.4923938	170
4450	8300	813.3405449	119
4451	1157	1500.074273	45
4463	768	419.7269041	153
4463	3795	450.9995215	159
4488	7134	380.6820007	119
4488	9092	432.2952765	114
4501	341	602.9646561	119
4501	3646	624.7624216	128
4501	3948	575.221982	112
4510	5834	1053.083201	123
4529	2151	653.2781093	101
4535	4396	569.4259878	109
4535	5524	417.4147076	103
4535	8867	310.8969693	112
4547	2912	270.4806878	187
4547	4871	214.8831733	224
4547	6001	359.9301227	166
4547	8677	227.0484554	180
4554	4292	541.5907963	109
4554	6862	569.846747	115
4560	2944	220.975777	181
4587	4405	213.7306023	173
4591	3945	3660.655453	45
4592	1023	1525.190908	64
4592	3962	1494.749507	62
4604	2845	465.3398894	147
4604	9588	661.6583826	141
4609	6694	290.3657627	165
4629	7262	299.037462	184
4630	696	867.8923553	100
4639	2944	245.0458305	159
4645	1182	586.8606838	105
4652	9793	996.9525137	85
4660	1107	208.7933729	113
4660	4935	227.048895	108
4662	3880	338.8031283	147
4674	1124	1927.993963	60
4678	3609	498.7616589	80
4683	3597	647.4908689	133
4688	7310	353.5493418	131
4690	4814	238.1620376	129
4690	5801	213.8940421	149
4690	6883	247.3334447	130
4692	5447	1283.476914	97
4727	4685	1178.624573	83
4729	124	1016.777095	70
4734	56	501.4878075	117
4734	5717	525.3648481	130
4746	7845	466.0073544	112
4757	9293	492.518992	181
4766	6277	256.270271	163
4770	3541	575.9458014	132
4770	6547	588.3746038	136
4775	2547	929.0246406	114
4799	7964	612.7515626	102
4815	9183	344.2216116	126
4823	3531	183.6229815	143
4825	7817	258.6120786	132
4834	8397	640.5350766	103
4834	9791	337.9937729	116
4846	8654	817.0375884	114
4895	4396	521.1060412	112
4895	5524	346.3245835	127
4895	8867	217.0429417	147
4907	8034	285.2297547	96
4925	897	215.3625386	190
4925	5882	231.2581303	174
4936	1197	899.1532343	102
4936	1471	909.9351937	104
4936	6017	933.1983326	104
4936	7121	966.9637511	99
4949	4288	183.6009051	144
4952	3555	674.7792273	123
4953	7907	603.3826931	121
4976	8759	339.6867488	105
4976	9687	394.8402037	98
4987	3564	631.4822644	115
4987	7954	729.5302126	97
4989	7134	356.5615759	130
4989	9092	376.3284964	130
5009	8099	372.0172042	179
5018	3650	399.764317	120
5018	5159	602.2228844	98
5027	1234	410.5728874	130
5027	3641	468.488781	117
5027	8538	447.7596327	121
5032	4958	191.1566865	143
5032	8762	321.898061	128
5036	2169	279.3806409	139
5067	1565	701.5092206	134
5081	8275	222.3501835	158
5084	2061	361.6001912	165
5087	9748	204.2665855	168
5103	3237	359.3711748	144
5110	6063	274.1707219	157
5110	6551	267.1822059	153
5123	5480	814.8186569	92
5156	7251	249.8792444	152
5186	2433	209.3716812	202
5199	4554	185.9587878	176
5257	1872	200.5252718	157
5260	6047	618.754524	107
5261	7656	365.42642	142
5268	745	286.7236894	119
5277	4379	217.6272596	107
5281	443	253.2168321	249
5288	6638	293.5422485	143
5301	4288	237.9459778	141
5320	1675	1358.049419	87
5320	1685	1563.458388	81
5320	4797	1440.660377	80
5320	5078	1360.242019	82
5320	6738	1569.787887	77
5327	1965	792.5050133	73
5333	4925	1784.6303	64
5349	3175	1304.259418	91
5349	5859	1539.240102	79
5353	7436	1676.106207	66
5367	6714	376.3535294	152
5371	2845	459.0926301	164
5371	9588	606.6492719	129
5374	810	252.5657002	172
5442	4136	207.355964	223
5442	4162	221.4277363	234
5443	4931	267.2471326	165
5465	2382	396.532778	118
5465	6015	641.6965152	136
5467	3715	1049.553829	116
5487	530	564.9033621	106
5487	1924	544.5840892	104
5487	2549	341.6309626	128
5501	1939	570.521594	77
5503	7448	205.2013237	212
5513	9296	358.0523432	114
5535	3213	545.1023812	99
5535	6106	534.4043077	103
5535	7659	460.1617428	114
5568	7269	238.4375507	197
5584	3539	979.8816808	91
5595	2387	486.639796	134
5595	8038	520.6862908	139
5597	9024	392.935671	129
5600	7164	824.570084	97
5612	2234	567.2715576	126
5616	4232	630.4851504	134
5635	2237	206.6284915	162
5637	3311	207.3427676	212
5637	4056	226.1461758	208
5637	6371	228.1034273	204
5638	1138	601.722841	100
5638	2119	640.5306103	98
5638	3246	598.8922559	112
5642	2572	789.7786718	128
5688	4902	1743.284609	49
5689	3900	399.1537625	132
5702	4121	269.6022787	150
5702	6900	374.2453301	143
5702	8096	280.1927321	141
5702	8741	452.3946483	136
5702	8969	347.1669941	133
5732	8041	199.5481925	253
5746	4249	227.405362	121
5746	5260	279.8591288	116
5747	6987	297.7093771	138
5758	6395	224.2967518	188
5769	1735	449.6983352	107
5795	6280	242.055267	159
5817	4697	549.9798503	96
5819	3242	1134.803642	109
5840	1857	201.443768	220
5842	4175	194.3913905	176
5858	9257	181.818302	149
5870	8034	274.2290696	100
5901	4768	361.6357534	172
5905	5982	676.6664426	76
5919	3145	712.9556217	91
5927	9829	1359.820451	104
5930	1896	456.2693097	115
5930	3896	609.3774557	94
5930	4081	341.8695088	126
5931	1716	667.2682954	118
5934	4268	373.9086942	130
5943	1975	263.300377	145
5959	8776	365.0925747	146
5968	8044	187.1262875	217
5975	4699	786.0462233	106
6008	3442	185.522927	201
6012	2865	234.412931	226
6015	6253	1240.621875	83
6032	6618	222.3937297	206
6037	2939	422.7012331	155
6039	2944	240.0220542	178
6052	480	598.4372844	135
6052	4736	761.0371444	127
6052	5839	859.59517	121
6052	5873	603.7946565	160
6052	7315	792.2603235	135
6052	8390	581.0660689	141
6082	4268	413.6076471	122
6116	8582	1302.579797	112
6127	8089	2012.757985	82
6130	291	244.2942518	125
6133	3714	1021.87564	126
6133	8285	1107.543206	125
6143	6618	262.8423424	212
6154	5927	1245.309433	85
6154	8755	1085.825037	93
6163	2672	248.4429173	206
6167	6606	381.451228	115
6170	2030	396.6855519	149
6194	1079	484.8850305	166
6194	5813	303.9308131	201
6194	8602	388.4974099	176
6194	8706	454.5395113	152
6199	2169	243.8400865	150
6213	8853	344.407885	146
6218	3152	182.4859911	173
6239	9045	888.5510747	67
6239	9358	874.6059384	64
6243	8543	958.3090391	86
6275	5866	191.2524472	219
6278	2605	205.2874491	175
6285	692	1038.898139	80
6289	300	388.5500295	125
6294	7570	204.0784723	129
6309	5745	1966.05481	75
6319	341	532.5550854	124
6319	3646	675.0894621	118
6319	3948	527.8961182	118
6327	6012	362.8030259	113
6341	845	241.9019612	210
6341	9173	227.1493621	209
6380	831	1107.826217	101
6380	3449	1021.5787	100
6380	3615	1163.241627	88
6381	6002	254.9739822	184
6415	7338	772.4735549	130
6422	7309	2536.081911	62
6428	829	304.9228333	126
6431	111	1362.31918	50
6454	341	580.9972104	104
6454	3646	703.6558106	108
6454	3948	478.7792726	120
6455	617	287.8061829	148
6460	4760	1991.149439	58
6462	7169	997.2285786	122
6471	8658	356.3385388	156
6489	7	191.6292471	188
6514	2313	1306.100452	107
6522	964	778.0134228	99
6523	6825	1120.766341	86
6523	9049	1199.450232	84
6526	6277	196.9967933	159
6534	4102	603.2098777	96
6544	2755	193.7387775	147
6580	3242	1044.177605	113
6583	9769	2369.84528	36.92365229
6583	9790	2044.578634	44.02173913
6591	8395	621.7759409	122
6594	1975	228.8208976	159
6610	498	290.9748814	176
6618	5515	528.1226453	101
6620	6694	406.0852243	164
6627	5605	181.2688523	197
6639	4121	303.0996031	145
6639	6900	363.781269	154
6639	8096	234.6705033	177
6639	8741	350.9449462	137
6639	8969	326.9852674	161
6641	821	1038.800338	89
6645	4979	946.257524	79
6652	2533	338.0547185	171
6653	1197	710.117706	119
6653	1471	785.173319	106
6653	6017	905.4474963	97
6653	7121	769.1446823	108
6666	4374	287.9920394	138
6678	7634	302.5277435	160
6694	2947	456.2086567	120
6694	5693	410.6809705	128
6694	8540	480.8382706	129
6723	3650	408.4593086	108
6723	5159	465.9539191	117
6729	6277	184.943437	175
6734	2483	760.1308491	99
6750	5605	233.2302133	179
6765	3665	495.2358068	141
6765	4068	689.0872582	122
6765	5442	741.2318662	114
6765	6612	579.2033416	122
6765	6662	639.0979109	126
6804	6846	521.0822704	106
6821	4992	212.0239291	109
6827	2970	186.493973	220
6829	2606	574.4286282	162
6829	2692	598.5495573	152
6829	2926	520.020233	162
6829	4708	679.1910391	149
6829	6657	576.1047894	160
6829	6973	493.6775423	161
6829	7558	595.583032	149
6832	501	890.5608446	123
6832	665	903.6457502	120
6862	6638	292.987707	140
6868	1969	857.0158479	80
6878	1197	787.4556541	111
6878	1471	886.4025249	98
6878	6017	904.8054238	95
6878	7121	883.5119244	102
6885	8641	933.9720601	98
6891	1337	1701.575323	71
6899	8669	1608.284283	75
6901	1619	911.6784536	135
6901	7797	735.9379201	147
6936	3863	244.3953978	101
6939	3301	2044.140762	52
6943	7251	200.820427	161
6947	6512	195.3228789	174
6952	9499	363.387487	139
6953	4869	291.2221303	133
6954	2141	1195.459917	114
6964	8685	278.9392318	122
6974	2939	445.3257937	140
6976	1220	460.6274672	132
6981	8116	927.8655906	125
6984	2606	573.813218	158
6984	2692	592.3783082	155
6984	2926	590.8942832	157
6984	4708	735.1509199	145
6984	6657	554.4014591	147
6984	6973	518.0695004	166
6984	7558	567.8911437	149
7023	1090	429.3258705	115
7030	5276	280.8346677	139
7047	2672	246.748529	197
7052	8194	429.5785628	138
7058	6338	319.0770344	213
7070	3696	500.6865108	120
7117	4782	416.7968603	150
7125	8420	425.2816009	151
7136	3236	367.613009	113
7169	5805	203.7137034	126
7170	4814	290.7770364	111
7170	5801	223.9691224	168
7170	6883	224.6843729	138
7178	2244	309.0855983	135
7183	1017	2176.576723	77
7199	9748	210.1302332	174
7225	750	271.4412217	139
7232	4893	211.8089518	207
7252	3333	1143.103995	77
7257	341	583.001049	118
7257	3646	605.3629643	131
7257	3948	566.4166958	116
7259	3482	948.3030862	88
7262	4080	875.9300984	118
7286	3446	252.7912192	85
7289	7929	399.650367	153
7290	2533	327.3420209	167
7310	5089	247.4198731	151
7311	3564	646.1151563	100
7311	7954	629.9532911	109
7313	6500	328.9409806	138
7334	7964	550.0408076	106
7336	8397	371.4380634	132
7336	9791	192.5561421	133
7345	1079	340.6798039	168
7345	5813	329.086274	167
7345	8602	363.5486758	177
7345	8706	337.9142465	159
7359	2280	250.1495989	161
7383	3730	628.6665589	148
7383	7411	545.0011653	154
7401	2849	387.04436	121
7437	1072	961.2148718	185
7437	1934	932.7793997	193
7437	7743	1276.677738	183
7442	4723	600.977891	146
7459	7356	256.4536164	160
7464	5046	190.1671344	190
7479	3880	265.9494158	151
7502	2346	1084.305889	78
7502	2392	1197.926062	69
7538	7907	656.4007144	124
7548	2845	499.2038156	158
7548	9588	593.9831547	144
7558	1904	1593.683262	92
7558	1968	1476.479984	97
7558	2194	1660.896434	96
7593	486	237.187195	225
7593	547	200.0578081	215
7593	569	238.7498003	212
7593	3104	194.5154901	202
7593	8106	201.978276	222
7593	9154	228.5578831	202
7593	9823	219.9737238	218
7608	5131	653.9600572	127
7609	4645	321.169525	180
7638	9065	190.2229971	240
7665	849	425.4401797	180
7667	4782	342.6330601	146
7675	7626	399.1353816	174
7675	8070	430.5601392	159
7694	2479	925.6484773	131
7695	4931	199.7564407	178
7712	3539	981.7667862	91
7719	6694	436.2739992	152
7729	9082	221.9331196	144
7736	2944	271.3514176	157
7738	9590	378.5593927	170
7750	498	385.63516	156
7760	5887	1592.962164	54
7808	1580	561.6715624	123
7810	7436	1553.88146	70
7826	3665	573.9600501	125
7826	4068	730.9060037	116
7826	5442	736.4620829	107
7826	6612	692.3236441	111
7826	6662	724.3289439	114
7837	1593	451.3233244	108
7837	4001	331.7163183	128
7837	6501	511.0617049	108
7857	5710	515.96585	97
7857	6382	443.5724594	91
7859	2741	381.6098756	194
7859	8073	555.7781242	184
7881	6952	848.2666624	88
7881	8700	751.1281055	91
7887	6761	282.0593327	143
7901	1417	368.0901518	125
7901	3221	386.2391524	120
7902	4416	402.6370169	87
7963	3661	408.0731417	167
7968	2947	633.8348294	102
7968	5693	439.7247042	117
7968	8540	648.2583372	102
7980	1220	510.6598615	122
8013	519	475.1753026	115
8021	3222	1058.093787	107
8026	3095	1290.84119	111
8046	4681	442.178283	154
8055	6674	429.4673775	151
8069	7586	296.2436443	122
8102	98	631.1975686	131
8107	5089	212.1775803	140
8111	3661	408.4975841	158
8131	6660	372.3395748	131
8146	530	382.640039	137
8146	1924	272.8004592	157
8146	2549	333.2933764	146
8147	1613	194.5112719	160
8148	4392	1620.436475	88
8148	4689	1649.180261	78
8148	6866	1586.055708	87
8158	384	2113.681379	63
8163	4338	383.5512445	166
8197	6486	421.5360003	110
8204	8207	1188.420682	110
8223	8190	431.3560916	66
8233	5825	622.4229947	86
8241	2947	383.6353118	141
8241	5693	307.9367721	129
8241	8540	402.8759112	128
