1	12348	2060.988754	67
2	1571	1072.126873	74
4	13847	530.1076958	118
7	7051	1118.524945	87
8	3065	511.7220908	86
11	10978	967.2402064	84
13	1833	226.9067609	136
15	772	1260.107909	61
17	2039	386.2483676	71
17	6453	431.9954633	70
21	13744	1489.778961	77
28	15375	1735.48533	61
29	15509	589.4833427	85
33	8273	1310.417732	53
40	6196	403.961906	136
41	10907	1474.273689	86
43	12043	444.9392793	60
44	995	525.0765152	142
44	7371	465.4091803	138
47	8212	763.6733501	112
53	8328	512.835507	136
60	3676	671.737871	76
60	10739	667.2318499	76
62	16758	325.4250353	105
63	1234	1236.483233	90
63	15299	1207.818532	94
76	1629	2439.932402	65
78	1913	1256.816169	108
78	3402	968.5487064	107
84	1278	774.8602353	105
86	1171	669.9288822	84
86	6300	771.2048794	71
86	9944	770.4997281	71
87	5764	530.5998401	98
88	7660	694.7422781	97
89	7800	1317.886478	51
90	6019	1103.640422	63
94	10261	838.8599451	120
97	5860	1133.245828	86
99	8176	1153.419154	100
99	16779	1257.556992	99
105	16961	955.626324	134
113	9318	1328.952628	55
115	5957	1107.063488	108
117	9291	1852.825014	99
117	10230	1897.462071	100
119	1113	818.8345458	82
130	5589	1056.041223	81
130	10690	1030.054184	75
132	595	3932.827032	51
142	9419	1859.345739	65
143	5044	585.0859134	58
152	697	840.813348	44.02173913
153	7980	606.4285594	72
157	12993	870.345332	101
160	130	945.9331574	88
161	15375	1845.717716	57
166	10711	1215.56197	92
169	2692	650.7863897	125
172	14733	585.7676374	113
179	13492	908.704488	88
188	13335	742.8366321	119
191	16390	366.3849721	123
204	16742	3044.837309	60
208	853	1013.156539	92
209	12196	710.8664516	114
214	1869	1041.475817	104
219	11997	454.3081145	185
225	16579	1240.64253	70
227	8444	955.0880377	102
231	13768	566.9050508	61
232	7661	2271.654474	48
234	877	429.2382497	160
234	14871	458.4667495	149
242	12840	786.5903227	103
243	389	651.873079	78
245	3739	1623.568926	67
246	2696	389.4799353	140
264	16950	793.7640057	46
269	13479	978.9020377	76
272	14242	375.1826573	124
275	3901	366.8718931	125
277	10449	574.7843646	88
281	10127	1746.597647	65
283	8329	701.3353463	108
285	15455	1104.696318	61
288	11451	1206.809211	67
294	16703	756.2433493	94
310	16252	320.2649314	141
311	1272	198.0566447	118
316	8744	427.4473373	84
321	1508	310.5784572	171
321	2431	376.2961786	160
321	5635	418.8052063	160
321	9063	335.0011863	166
321	10203	312.6738115	168
321	15774	379.5956425	168
323	5095	463.663749	160
324	2408	461.4619602	80
324	16825	577.2036548	66
339	4428	1332.781806	61
341	4542	2839.725917	26.5536902
344	17126	391.0658895	99
348	9089	3618.106001	23.27303253
349	17218	300.2529936	104
350	1508	399.5280117	163
350	2431	430.6722578	157
350	5635	522.2791445	142
350	9063	421.4019045	144
350	10203	354.4051858	154
350	15774	470.5662349	157
352	4477	648.6316704	87
359	5009	856.2685782	115
377	10941	537.8731756	88
381	14098	1269.432483	18.27487772
383	5633	498.2451168	72
385	14571	312.9072089	127
394	5874	3622.253348	69
398	5511	404.6484776	93
404	12863	2609.687377	58
406	10580	496.8238817	115
412	12039	809.1660255	86
414	3931	409.44978	127
421	1366	335.9357088	115
428	13184	305.6523782	84
447	10964	618.7954408	129
448	8925	1263.463162	58
451	4613	508.2429457	90
455	5337	591.1076764	61
457	12993	822.6102203	100
467	17332	212.6578183	123
470	8002	944.673929	107
474	14597	4207.950525	65
478	5437	890.3276882	61
479	13172	916.8710898	100
480	17218	308.586478	102
489	2482	371.8274901	129
489	3818	397.2736204	123
493	14834	219.1036673	178
500	15161	705.8195503	114
503	2073	319.5215808	112
505	2379	387.3147557	147
510	16121	1317.665324	86
515	2849	393.9956149	151
517	8667	3454.423146	25.97643606
518	17218	321.1377523	95
519	6041	492.8606823	112
522	4009	632.598723	105
522	16118	866.7195633	109
524	13492	881.5062999	92
525	10468	300.6123963	126
526	918	689.1496491	94
527	1598	576.4333348	95
527	2726	578.8353626	93
528	14965	692.2282543	124
541	181	821.3402116	88
543	606	1518.350152	101
543	1611	1320.980448	107
543	7795	1541.820863	101
543	16424	1583.432257	97
551	15422	458.6152879	122
553	13890	1151.450988	88
556	16075	1016.182787	70
561	1508	329.2195044	169
561	2431	378.9612512	167
561	5635	439.6359082	155
561	9063	350.3600237	157
561	10203	348.4832389	155
561	15774	390.6945349	164
574	1113	917.6787917	72
575	3632	529.9343339	104
575	5218	562.3793219	117
575	5606	628.5633985	116
577	5096	1218.42614	51
578	14769	901.541461	64
581	9048	834.1100509	109
582	6289	359.3152304	108
582	7287	319.9682091	116
582	16877	373.099954	104
590	1181	663.2996671	100
591	11520	751.9328604	86
593	11697	608.5784619	99
594	6799	621.5585871	106
597	16727	767.684429	45
602	13880	446.0177485	99
604	11821	540.2740846	89
606	14802	1559.708791	89
607	12294	471.5584913	129
608	7395	3896.523133	17.48895434
613	8397	551.6419266	122
615	16687	2430.335113	44.02173913
616	1913	1314.043523	103
616	3402	1034.260986	101
619	10478	1189.531396	90
624	8009	1676.189824	74
624	9550	1647.866184	78
627	415	1308.808469	62
635	17580	211.3993494	128
636	6966	1227.763012	39.44033602
654	16	491.2277366	124
686	10660	343.3136903	146
689	8697	1057.848129	131
699	6543	430.9670293	164
717	7780	506.168117	170
720	11429	1116.528207	107
720	14253	1316.894307	95
720	14682	1112.710713	114
728	2274	456.5316229	142
728	3654	570.0385834	128
747	6099	883.6257993	100
752	2683	1237.685942	55
754	7953	362.1259335	69
784	10566	419.0308531	173
786	4579	2881.90888	88
786	6317	2883.942475	84
795	6998	446.6064933	165
795	16222	411.3657607	174
803	8664	314.8986891	170
805	15355	720.2218167	79
807	4947	315.5576883	165
831	12338	779.2470673	115
840	16843	1805.225555	80
843	14745	286.4950231	104
844	12440	483.6940537	117
861	7777	664.0541504	131
868	7819	721.7697577	111
868	9663	841.6864082	99
870	7819	805.5701627	107
870	9663	700.0246234	118
878	3073	668.7192185	120
878	3819	593.0355666	121
878	4899	520.0901791	136
878	5070	636.4890339	135
878	7246	692.6447413	116
878	8413	655.5659353	133
878	10306	544.3165831	120
878	11009	704.3383832	125
878	13012	731.6781261	117
878	14506	700.1132977	125
878	15435	646.4943883	116
878	16587	664.9614773	134
878	16836	590.2882728	132
887	12477	1420.113368	65
889	12179	427.4428433	137
892	15633	382.1733758	130
899	968	678.7019916	121
901	16265	546.0760056	118
907	7608	338.5572945	88
908	8504	439.2957387	99
926	2568	648.686521	99
926	5507	811.0561127	97
931	639	1021.878137	135
931	14356	895.7125526	144
949	2811	278.2882222	170
949	2928	432.6478945	105
949	6075	433.314524	103
949	9621	303.4114444	162
951	12640	378.3555826	156
983	1526	376.7902032	126
983	3798	367.9379901	124
983	5677	422.5086966	116
983	9147	471.9649308	118
983	12213	386.6593758	111
983	13221	410.6254493	118
1001	5569	425.6677623	147
1010	3210	490.2646677	145
1010	6646	455.7445081	148
1032	11520	615.720997	98
1052	8777	566.2241861	93
1066	10560	187.744728	197
1067	14906	193.856318	186
1070	655	447.678934	142
1074	4009	545.7179869	115
1074	16118	640.3981878	119
1083	10925	327.8445327	113
1095	12527	1074.864227	112
1124	1618	1152.095049	62
1133	8504	378.8497145	117
1166	4155	589.4346885	102
1166	13572	726.2865364	111
1166	14537	695.0314227	127
1176	9341	714.5947728	68
1177	5014	5732.289288	60
1182	2203	656.3934578	110
1193	14638	211.5441315	186
1194	7313	3824.005889	76
1205	832	211.2775187	286
1225	11312	267.0398806	126
1236	1007	265.7461123	136
1261	2684	1526.287832	75
1264	16193	471.3055839	140
1277	15212	274.377692	228
1285	11827	808.4107481	82
1286	12371	767.2692801	105
1348	5089	272.388401	127
1368	3415	185.1396236	167
1371	7232	241.7761093	165
1376	16707	425.6887346	131
1395	15472	222.6605777	225
1399	3014	182.1816854	161
1416	3073	708.6232394	109
1416	3819	652.2180238	117
1416	4899	468.577476	132
1416	5070	651.9954317	128
1416	7246	777.1291952	106
1416	8413	693.7309215	124
1416	10306	606.6762947	120
1416	11009	925.840315	99
1416	13012	831.350613	111
1416	14506	897.4871603	102
1416	15435	615.0637123	130
1416	16587	658.0207397	133
1416	16836	632.645492	127
1424	3073	722.2934445	121
1424	3819	766.4857541	106
1424	4899	630.7191903	112
1424	5070	697.02232	127
1424	7246	846.1488973	108
1424	8413	745.7782589	118
1424	10306	555.9156943	132
1424	11009	929.1018051	108
1424	13012	978.0261992	104
1424	14506	842.7784149	111
1424	15435	810.5464531	107
1424	16587	793.3323022	111
1424	16836	609.7125083	128
1426	10740	662.6926174	92
1430	4059	1205.1392	108
1430	4211	1281.922713	105
1451	2207	324.5191462	145
1452	2392	780.8228117	112
1462	2811	376.9751767	141
1462	2928	265.0982863	163
1462	6075	271.6013207	161
1462	9621	423.9444961	136
1463	2408	435.8133121	96
1463	16825	538.2544835	84
1468	817	672.2339493	114
1469	9009	476.191357	112
1476	13811	320.3439577	190
1493	11414	191.8658951	166
1503	1526	477.6629525	108
1503	3798	428.6964447	123
1503	5677	437.4275535	112
1503	9147	512.0237289	112
1503	12213	410.3959466	105
1503	13221	435.0875577	112
1507	13938	200.5986867	167
1509	2319	403.4997333	126
1511	13477	341.4197429	201
1514	3393	1308.605241	126
1515	860	674.026687	115
1520	2027	545.1347098	142
1534	5379	254.8501252	295
1548	4181	257.6806385	164
1550	5483	420.757975	145
1575	2811	467.7529225	133
1575	2928	334.5350265	148
1575	6075	335.2314782	147
1575	9621	527.1828682	124
1576	4205	2514.969709	64
1576	6202	2478.724083	64
1576	8835	2265.053775	69
1578	2923	1126.353331	131
1578	12389	1094.67911	134
1583	14031	336.3925215	84
1606	1745	507.3825071	127
1620	3526	423.6817704	134
1620	9523	347.042938	142
1623	11982	1113.011613	88
1627	10766	336.4774324	127
1676	3038	834.7683376	67
1690	14091	344.6805562	131
1705	3073	601.1367714	118
1705	3819	671.3635558	119
1705	4899	568.2261017	121
1705	5070	514.0530882	133
1705	7246	545.2681359	132
1705	8413	670.5010423	126
1705	10306	495.9054741	122
1705	11009	597.4122181	119
1705	13012	634.4797367	127
1705	14506	718.5333767	115
1705	15435	598.7530728	116
1705	16587	639.3860114	129
1705	16836	523.7086386	130
1719	7672	269.6232551	148
1748	4044	226.8209167	115
1752	17001	971.396809	80
1762	449	458.1585714	120
1773	14057	1088.066683	97
1795	8785	244.5930676	123
1801	13611	473.6949713	93
1805	5260	354.8732393	120
1807	2274	460.5301786	136
1807	3654	340.2727577	158
1809	8380	2578.640999	69
1810	13148	199.9142445	197
1823	10223	982.2382456	108
1827	2095	1148.006418	47
1829	16925	803.9102002	96
1865	252	966.5757987	93
1871	15310	666.2759665	111
1874	10126	1427.862458	49
1875	1316	290.6070742	138
1875	15622	276.252108	154
1883	15333	459.2149796	143
1892	13159	428.216603	116
1896	1089	249.5596926	228
1896	3372	239.8776057	206
1896	11466	285.5766629	211
1914	5866	1022.679396	91
1919	15977	912.1109057	73
1932	13278	368.8842124	177
1938	11103	652.9812047	153
1949	5722	334.8293241	176
1954	11606	378.6616566	118
1966	15977	1080.409879	62
1975	11630	716.0329911	43.0647448
1979	12539	644.6171186	120
1983	14304	203.1278739	169
2007	15401	806.9589209	92
2030	5675	1560.765638	68
2052	10223	1205.566082	104
2062	3073	583.4687045	130
2062	3819	572.8615866	128
2062	4899	524.3069841	126
2062	5070	713.4850135	110
2062	7246	583.8579984	137
2062	8413	622.1703708	126
2062	10306	627.4166959	110
2062	11009	743.9114319	119
2062	13012	797.587826	108
2062	14506	757.9776649	111
2062	15435	740.4695631	104
2062	16587	721.163657	107
2062	16836	572.8993544	125
2065	15668	953.6197975	118
2088	6590	1260.917912	76
2111	6580	2134.14614	53
2133	6775	557.4256415	140
2135	12338	835.7957248	114
2142	12120	1188.38254	144
2143	13722	399.3644863	116
2175	17476	2949.819915	69
2184	16955	732.525591	93
2197	9818	181.6465171	276
2199	15903	2453.621538	40.31678793
2199	15948	2519.595932	39.44033602
2213	2420	371.5045354	134
2217	7538	1951.361755	64
2220	16	390.9205721	123
2230	16564	254.4796271	202
2241	4685	895.3717152	78
2245	6580	2280.246717	47
2262	9933	254.5298982	183
2263	780	291.021868	95
2263	3921	231.6183982	127
2263	5129	253.3379877	110
2263	8479	310.8342952	92
2263	12040	293.1640353	104
2279	12878	605.2075843	106
2292	11606	402.1458003	116
2302	3073	648.4779651	132
2302	3819	668.9468459	121
2302	4899	503.0555145	137
2302	5070	557.8177244	149
2302	7246	632.8528483	128
2302	8413	705.9882836	126
2302	10306	459.8186873	145
2302	11009	753.6396326	124
2302	13012	818.8508481	113
2302	14506	765.1100578	110
2302	15435	554.9481031	143
2302	16587	779.9390969	108
2302	16836	491.5174108	146
2305	17079	1208.74981	91
2307	8134	345.3117068	140
2307	10032	330.5734042	136
2307	14302	318.6644325	143
2314	15571	631.8631165	113
2315	10185	896.6536081	93
2323	3742	951.5085904	118
2323	16737	677.8399723	105
2329	8494	279.4733044	140
2337	13564	921.1373544	68
2337	15019	823.0674023	67
2338	11728	219.5911717	247
2397	10092	198.4625951	164
2406	8807	422.8814593	149
2423	37	228.2333449	165
2423	1203	260.2237746	150
2436	17533	1336.865876	55
2440	841	2687.159497	42.1285547
2454	10681	782.8611205	104
2459	17119	425.3166287	105
2485	3073	576.6802255	129
2485	3819	725.0647041	107
2485	4899	549.5319158	122
2485	5070	720.60595	124
2485	7246	764.7247841	120
2485	8413	819.0525085	115
2485	10306	751.3471282	110
2485	11009	848.3168537	107
2485	13012	788.9152022	115
2485	14506	753.8730641	115
2485	15435	1048.950772	88
2485	16587	717.7268252	124
2485	16836	616.1143539	138
2491	11429	1033.973015	111
2491	14253	1171.622123	103
2491	14682	1038.294087	110
2496	140	276.0342011	121
2512	2274	478.1747559	137
2512	3654	403.3858843	144
2521	2811	370.3681894	140
2521	2928	248.3659517	174
2521	6075	263.551125	159
2521	9621	324.1641925	147
2527	12014	493.8730949	141
2566	4992	1978.777805	51
2579	12774	325.4233569	160
2588	10925	327.8445327	113
2598	12120	1180.511	149
2609	14011	585.2488308	118
2620	4405	198.4513056	188
2630	3727	355.2890997	184
2645	11769	293.0734551	165
2661	1508	450.7084439	145
2661	2431	504.5126182	146
2661	5635	510.4498083	141
2661	9063	468.0346515	146
2661	10203	368.6692572	152
2661	15774	483.0961008	156
2664	9943	547.0261052	107
2667	11248	1669.764956	104
2672	3944	291.1634929	187
2695	13494	1523.22065	62
2696	8784	679.9420658	89
2700	16361	869.9908626	114
2703	2111	347.1513369	122
2703	16299	394.9316526	110
2721	17420	2484.54795	99
2725	3073	682.185689	123
2725	3819	707.3810914	103
2725	4899	561.0087477	113
2725	5070	647.0299159	133
2725	7246	754.3663096	108
2725	8413	759.1229744	116
2725	10306	502.9573524	135
2725	11009	901.0154877	104
2725	13012	807.7920639	115
2725	14506	854.8912498	101
2725	15435	718.1773108	117
2725	16587	783.5694346	110
2725	16836	594.3780628	123
2738	5174	1998.171774	47
2740	5889	438.6347747	119
2741	16845	1171.351001	102
2746	12509	340.8147115	166
2752	11337	299.7723044	204
2762	4044	221.2051064	124
2775	8866	367.0363312	98
2778	2490	266.5250602	150
2800	9238	208.626009	187
2800	13195	208.0138193	175
2814	11560	309.0837868	152
2821	12890	682.8137229	114
2822	8072	335.5149742	101
2834	6351	261.8944271	166
2840	16043	495.9856219	114
2843	10560	220.9215514	189
2850	12774	274.4446367	171
2876	10872	2196.961206	56
2878	5569	323.0259783	166
2883	6537	810.6513424	133
2887	10732	263.4544324	183
2909	543	665.0660237	136
2909	5638	651.2366683	135
2921	14940	218.9651878	172
2934	1529	639.1296578	107
2936	668	353.8160484	157
2936	8716	360.9571095	164
2937	6940	251.522159	175
2937	16098	236.4615577	171
3008	3073	680.5978458	127
3008	3819	728.2820728	109
3008	4899	600.135868	116
3008	5070	559.8840236	147
3008	7246	653.6403796	124
3008	8413	686.9535768	122
3008	10306	486.5891557	134
3008	11009	812.8929882	110
3008	13012	809.543713	110
3008	14506	717.4059374	122
3008	15435	730.4949458	116
3008	16587	705.3190119	124
3008	16836	580.3503516	131
3023	15609	439.2733303	96
3036	6124	784.0720896	104
3038	6905	887.5514066	94
3053	16679	400.2250096	137
3054	14834	403.1699756	159
3082	10593	3175.541248	38.58293741
3083	8792	2321.3108	37.7441779
3111	547	3046.022685	81
3111	8337	2808.097833	83
3113	2054	353.842349	129
3118	12310	666.9833443	104
3127	1781	379.1428468	159
3132	13622	366.8972846	179
3133	12878	575.2880229	111
3151	2420	277.9200443	159
3161	13678	374.7740012	147
3178	16310	197.8443476	212
3179	6266	609.5165196	154
3179	11500	585.1736596	169
3179	17498	634.6646219	154
3205	14829	993.8606013	110
3206	11694	642.6635711	102
3207	12585	360.2275786	166
3209	15766	1777.24825	61
3265	2000	904.7653489	124
3265	10308	636.3814585	140
3269	6026	2313.755307	42.1285547
3271	13807	465.9370251	111
3271	17607	499.7160521	130
3275	10608	200.7237916	202
3305	17079	1146.312454	89
3307	14700	265.0327502	157
3310	10585	825.2788612	109
3316	12640	342.2271444	170
3317	10145	341.4353456	146
3318	13662	298.1241733	133
3323	9009	488.584404	107
3325	4810	310.2808373	149
3341	14865	1650.891901	39.44033602
3345	4112	291.5556464	152
3350	15815	2280.744439	61
3354	5836	207.9877409	243
3354	11971	267.3137037	226
3356	263	1612.348885	88
3356	2264	1764.380131	81
3356	5419	1574.083541	89
3356	11001	1606.428622	84
3375	780	192.5614698	124
3375	3921	325.9573807	112
3375	5129	190.7990309	122
3375	8479	196.6915926	124
3375	12040	325.685706	108
3376	3526	383.8224479	136
3376	9523	393.5333903	152
3393	13069	1227.142579	68
3397	15242	1129.731246	86
3448	1110	212.2246428	254
3448	14539	204.6879553	218
3454	12618	222.4467536	151
3455	6775	587.8401703	135
3477	1415	185.9325885	193
3477	6635	186.7734683	198
3481	11232	499.2048984	135
3483	2923	1127.691109	120
3483	12389	1125.838993	132
3492	6577	196.0573259	209
3513	9298	826.522107	129
3528	2811	317.3604344	143
3528	2928	247.7095488	150
3528	6075	242.0777505	154
3528	9621	304.0222024	134
3551	1960	187.9796525	169
3556	7735	572.3852265	129
3565	11509	344.4487043	133
3582	1774	904.4055153	127
3606	605	2215.719456	84
3606	6676	1985.690095	83
3611	8986	185.3111332	136
3638	7236	807.6938967	67
3641	10634	600.6658982	95
3643	10809	251.1524801	154
3644	1508	405.0695357	145
3644	2431	456.1128249	153
3644	5635	510.968169	149
3644	9063	460.1745271	155
3644	10203	367.6552029	163
3644	15774	433.2944803	147
3655	8547	312.9074307	151
3655	10610	210.8216323	158
3655	12909	239.8340925	155
3673	8260	271.9434588	120
3705	14304	201.404677	174
3723	10092	243.8716439	156
3728	9306	408.8622431	155
3737	13350	191.6424954	120
3738	12599	390.6860721	142
3759	2274	400.2848975	133
3759	3654	543.0621832	138
3799	2534	1417.863511	70
3803	6620	616.781928	63
3831	7593	1144.063061	60
3860	1529	734.6193979	94
3869	7551	445.194038	104
3871	10373	722.4406806	104
3875	7840	957.2725391	87
3880	5384	986.2278743	81
3893	11588	457.0241303	62
3898	11337	265.0527999	185
3905	14745	270.5706992	120
3918	2274	428.5374219	136
3918	3654	597.7263644	125
3925	14827	496.3024311	178
3938	15310	591.5059088	119
3945	13943	2811.014089	49
3949	8206	272.7893693	210
3951	10236	671.5569279	102
3962	6403	2093.566524	51
3963	13563	1337.546092	99
3965	1508	365.3230742	155
3965	2431	413.8392212	141
3965	5635	406.232166	152
3965	9063	383.2020623	147
3965	10203	366.8584403	151
3965	15774	399.4382758	156
3976	12774	248.9450781	157
3977	2923	916.6615149	126
3977	12389	745.744235	147
3988	13202	450.8456904	142
3991	11429	980.0549939	109
3991	14253	1120.100112	107
3991	14682	934.7208426	123
3997	2783	225.9076892	190
4003	11683	331.778591	159
4017	14995	1090.241845	58
4031	13903	219.4850777	218
4034	10634	666.4202079	84
4037	7212	241.1912017	181
4041	130	1141.747292	75
4049	2277	1263.944697	75
4049	5994	1285.231647	75
4049	8595	1297.568516	74
4055	10047	679.586525	95
4063	326	1350.502538	81
4086	6403	2053.88996	54
4090	126	1473.050032	91
4090	8186	1704.863022	83
4090	9880	1682.310054	85
4090	15186	1645.776254	88
4090	15323	1762.173525	81
4090	15589	1767.629308	81
4094	14011	655.0450023	118
4096	5652	820.1457581	82
4096	15757	780.2368865	90
4101	1935	227.2430997	211
4106	11429	1085.65058	111
4106	14253	1435.722458	92
4106	14682	1150.928341	104
4120	10768	399.7277727	125
4120	16791	453.5603183	119
4131	12795	836.8711126	97
4132	3581	228.5377837	171
4135	12900	1210.120142	132
4144	827	698.1516418	111
4145	12120	1084.272151	150
4155	2811	447.7851483	134
4155	2928	283.0176219	149
4155	6075	271.5475267	156
4155	9621	424.9843149	134
4162	3742	1146.873804	97
4162	16737	947.730198	91
4177	9001	275.1468314	185
4223	15185	1135.882854	95
4241	463	899.396453	100
4241	12663	859.6087904	105
4248	4789	221.5331217	146
4254	13069	986.9548906	72
4257	126	1316.156647	96
4257	8186	1634.189064	84
4257	9880	1586.452476	84
4257	15186	1622.019496	83
4257	15323	1697.699636	82
4257	15589	1753.534592	78
4265	17568	1207.633876	115
4266	16741	1163.637762	133
4271	11606	391.8775339	118
4273	12922	257.7320167	160
4287	8834	1068.524292	106
4287	9982	1056.821736	106
4309	2165	3019.386552	27.74696714
4313	2811	406.081356	135
4313	2928	278.5696342	157
4313	6075	281.7100591	161
4313	9621	408.2579312	143
4315	8206	260.6235382	214
4329	16043	561.4621795	101
4335	13993	359.0683134	150
4339	4546	1576.264048	54
4341	2379	298.6484495	137
4358	3073	551.7430996	134
4358	3819	503.1095071	129
4358	4899	321.0276338	153
4358	5070	535.7970885	143
4358	7246	523.1695526	143
4358	8413	596.3522616	127
4358	10306	393.7178958	138
4358	11009	657.5012868	114
4358	13012	626.7250029	126
4358	14506	489.1991451	150
4358	15435	492.4918867	140
4358	16587	649.0816005	126
4358	16836	422.7449435	155
4363	7735	530.8248176	129
4381	2923	943.2173648	147
4381	12389	945.4898143	140
4390	8613	1046.208331	97
4400	16243	770.0016825	70
4406	14764	320.8491237	134
4424	17342	974.2587228	99
4431	8360	336.6782509	112
4436	3772	192.642338	116
4450	6537	795.8754552	131
4472	15355	677.247402	81
4475	12443	1630.829876	32.36180563
4482	5306	234.5867354	194
4482	8530	251.0986569	184
4490	13515	1042.65221	84
4503	3073	536.794507	132
4503	3819	649.3761147	114
4503	4899	625.9018085	123
4503	5070	494.8159124	155
4503	7246	577.762168	134
4503	8413	559.7019034	147
4503	10306	545.5984096	129
4503	11009	650.7404852	131
4503	13012	595.7549205	134
4503	14506	747.1446417	118
4503	15435	582.2923195	133
4503	16587	659.7131031	129
4503	16836	442.7725002	151
4509	11739	914.6105353	99
4519	16477	497.2064462	171
4525	7777	835.8660736	116
4529	6114	602.0145956	111
4554	5553	812.5021074	101
4554	7252	729.3375986	110
4554	7985	854.2334593	97
4560	13244	876.5679313	83
4561	3073	594.7238295	136
4561	3819	725.6829448	109
4561	4899	477.3868603	134
4561	5070	668.485306	126
4561	7246	614.491784	126
4561	8413	699.9568966	118
4561	10306	587.8217243	117
4561	11009	781.8475867	113
4561	13012	710.2848138	122
4561	14506	739.8301991	114
4561	15435	810.9906683	103
4561	16587	730.5086195	120
4561	16836	579.4230058	131
4575	16291	1477.968046	65
4587	9001	283.9958738	174
4593	2923	1073.841044	128
4593	12389	1063.131745	132
4598	674	311.190164	183
4611	2668	199.1089333	172
4623	7236	819.4960358	65
4625	4396	493.6479962	149
4638	3073	445.0679317	141
4638	3819	522.2516119	119
4638	4899	308.3531098	166
4638	5070	407.7442876	139
4638	7246	489.8690058	141
4638	8413	441.5402591	163
4638	10306	262.0916498	173
4638	11009	431.3607894	157
4638	13012	437.5070468	162
4638	14506	439.3321702	142
4638	15435	404.9963701	162
4638	16587	425.811794	153
4638	16836	365.9761674	134
4648	6667	517.9215923	207
4648	7604	498.0738938	218
4652	463	879.8198878	98
4652	12663	861.0601261	99
4662	4902	528.5556043	144
4665	1033	551.430904	103
4671	2616	225.7965478	122
4675	8807	398.5611768	136
4678	1012	345.5685198	126
4678	6872	370.4933188	103
4683	8477	839.4829727	112
4683	11699	876.9858543	111
4684	674	317.8966415	186
4713	3959	1345.982265	78
4714	9575	782.8797081	113
4714	12679	980.6338177	101
4727	10431	1475.833751	77
4748	12338	732.0526367	105
4750	14981	1575.193078	65
4757	64	447.9597765	184
4757	3607	501.2718261	179
4757	4083	420.0320816	182
4757	4227	438.4553338	186
4757	10167	445.5933662	185
4757	14616	473.6936613	185
4757	16428	479.3389806	172
4775	13265	1232.003416	102
4799	4366	721.8656202	124
4815	2811	379.1016877	145
4815	2928	285.6679263	141
4815	6075	301.8028825	141
4815	9621	412.217844	141
4818	17547	782.707268	122
4825	11312	346.7878862	113
4834	5769	998.3198334	85
4836	13114	456.8331048	112
4899	11320	1030.490187	81
4907	17218	346.5999612	86
4925	7737	520.9501838	141
4929	3073	746.9718656	111
4929	3819	728.2830453	101
4929	4899	582.2820023	111
4929	5070	657.6529984	125
4929	7246	817.6098473	107
4929	8413	754.4709513	116
4929	10306	539.6244813	129
4929	11009	966.9281147	99
4929	13012	900.0416667	103
4929	14506	908.6282295	91
4929	15435	644.769651	122
4929	16587	733.9594384	119
4929	16836	598.3437094	130
4935	11160	593.3067111	141
4941	9191	449.6390116	125
4946	7737	261.2807546	169
4970	4876	761.5458584	102
4976	14272	548.5746643	84
4977	15943	632.3123507	98
4982	16274	2604.93893	34.5675579
4991	14493	891.9464868	73
5009	5626	492.7803341	169
5012	9245	275.723023	133
5018	16043	610.6003796	114
5024	3505	496.8200216	131
5028	1563	202.8844639	207
5068	659	455.2725882	110
5069	13574	203.5854327	199
5070	8072	236.8238835	120
5083	10740	603.0882066	103
5095	13520	350.1292691	176
5095	13725	334.4775556	180
5095	14394	381.3829776	168
5108	7735	685.8768729	122
5109	8510	440.8727779	121
5113	6124	823.8902405	100
5116	3073	535.7582981	135
5116	3819	573.4460725	122
5116	4899	516.2430098	126
5116	5070	525.3122842	149
5116	7246	539.0274173	139
5116	8413	571.2817226	124
5116	10306	327.7120052	154
5116	11009	573.586411	143
5116	13012	598.0533727	135
5116	14506	622.1191088	125
5116	15435	601.7468154	128
5116	16587	549.0216716	148
5116	16836	471.3980663	132
5118	7449	192.6088357	132
5124	4569	187.6588312	206
5132	9532	1950.66801	71
5134	14329	278.0452578	136
5144	3073	695.7942931	125
5144	3819	752.2993796	108
5144	4899	639.970462	113
5144	5070	771.4682425	117
5144	7246	680.7077905	121
5144	8413	879.7043148	107
5144	10306	637.0140545	115
5144	11009	946.4195683	99
5144	13012	875.2914248	107
5144	14506	984.2631539	93
5144	15435	835.2158181	111
5144	16587	889.1774003	102
5144	16836	687.1389942	121
5166	10529	197.5283924	172
5173	16227	650.0917596	70
5200	11433	819.6336086	124
5200	14726	873.2721394	122
5223	442	581.2444076	27.74696714
5234	819	594.786637	125
5254	3073	706.7798672	110
5254	3819	687.2236728	111
5254	4899	596.5226908	122
5254	5070	715.6101573	116
5254	7246	648.3960161	130
5254	8413	718.9412913	120
5254	10306	621.4520293	122
5254	11009	811.9493648	105
5254	13012	744.1186945	111
5254	14506	920.5411647	90
5254	15435	764.0025555	113
5254	16587	774.470569	112
5254	16836	576.3657023	123
5266	13650	186.173491	214
5267	8032	955.1792349	69
5281	6472	187.4104728	272
5285	5095	570.7663217	150
5289	9532	1737.39597	77
5299	5517	495.6792042	125
5305	15684	424.9691427	93
5306	659	410.4943008	103
5316	11719	182.4062463	170
5328	3073	659.8288769	117
5328	3819	743.496702	104
5328	4899	626.1374139	105
5328	5070	646.4631328	133
5328	7246	662.2571226	130
5328	8413	670.6811622	128
5328	10306	579.2227756	120
5328	11009	831.0581631	103
5328	13012	934.8832567	97
5328	14506	711.6843479	109
5328	15435	755.0398466	115
5328	16587	722.3384405	117
5328	16836	565.8882756	123
5333	12428	1725.302298	41.21271655
5337	3073	448.6027898	148
5337	3819	416.5898819	141
5337	4899	350.0364409	155
5337	5070	510.9865397	129
5337	7246	571.8031526	136
5337	8413	519.9188656	120
5337	10306	287.3193864	162
5337	11009	478.9722936	140
5337	13012	543.3686659	128
5337	14506	485.5911912	143
5337	15435	414.3664696	136
5337	16587	486.7459478	143
5337	16836	415.485923	154
5347	13442	366.7719656	153
5350	2957	329.1975397	127
5350	10031	353.5129412	111
5350	16567	373.0561472	121
5364	2274	321.0200301	152
5364	3654	341.563944	151
5374	8487	567.5784016	152
5374	12067	560.179843	151
5408	13628	623.0001782	99
5410	4059	1143.860736	111
5410	4211	1220.831395	108
5416	11606	315.5493591	139
5419	14745	329.9931941	100
5438	13961	943.8636056	139
5443	7232	204.9950651	169
5450	344	1424.047753	78
5450	2462	1621.763108	76
5456	8704	254.5534469	158
5462	2274	425.4398372	140
5462	3654	426.5037152	158
5467	14898	1291.802433	91
5487	2811	472.1324966	119
5487	2928	421.7868588	117
5487	6075	434.5139679	115
5487	9621	328.8108149	153
5496	860	597.9167834	126
5498	10827	1101.521123	75
5500	10560	303.3329578	175
5501	14277	1149.731062	52
5503	6351	206.1327279	174
5510	2348	389.4148359	146
5515	14244	227.5855103	118
5515	16747	324.1849641	116
5522	8693	195.5759948	222
5539	14152	364.7429422	142
5564	10732	196.3372198	180
5575	3073	691.554377	118
5575	3819	745.1120438	109
5575	4899	551.3183719	126
5575	5070	645.6496497	129
5575	7246	582.2590113	131
5575	8413	676.8231745	124
5575	10306	557.8489812	127
5575	11009	711.2532564	118
5575	13012	741.5206904	115
5575	14506	824.302139	103
5575	15435	625.7426697	121
5575	16587	761.9765943	119
5575	16836	585.8628079	128
5584	4271	346.000292	148
5592	10766	333.5163097	148
5595	9720	355.6842747	148
5611	12367	548.2088513	163
5616	8812	1255.776673	87
5621	14809	2227.268715	43.0647448
5624	9272	852.3945489	54
5642	4850	844.7280581	137
5677	11433	888.6595821	123
5677	14726	842.313261	126
5678	640	1971.526034	36.1209642
5680	13069	1028.602602	67
5687	4530	956.9343878	106
5688	16452	1736.390704	50
5689	11759	255.9332272	190
5693	10660	282.3032191	158
5709	5174	1971.423629	49
5723	6737	295.6755069	175
5732	10033	200.0575234	261
5732	10871	185.3120776	257
5736	10369	367.7671179	119
5746	4113	506.1296801	108
5758	13278	528.082644	157
5761	2045	426.3640671	148
5770	14304	204.1804195	171
5772	2598	1712.153607	48
5796	10379	990.7167909	110
5807	14764	253.0243079	166
5812	2811	239.1028347	180
5812	2928	246.6223877	132
5812	6075	220.3971983	144
5812	9621	348.1984544	150
5817	9051	518.9820986	130
5817	15940	578.2795965	127
5824	3073	609.5184605	134
5824	3819	589.4787809	114
5824	4899	481.5244318	115
5824	5070	606.5750073	133
5824	7246	631.0470121	127
5824	8413	652.9901838	124
5824	10306	437.0910631	134
5824	11009	623.3427328	125
5824	13012	726.5217365	113
5824	14506	663.7317019	124
5824	15435	642.8635689	118
5824	16587	639.6122263	128
5824	16836	444.7808722	138
5840	3387	337.3686531	182
5842	2345	189.0710039	201
5852	12527	852.7469826	109
5867	8853	368.6749452	215
5870	17218	314.0218461	96
5893	7735	647.6636339	119
5901	11108	2028.836843	73
5919	880	799.7645177	90
5927	16979	1382.486928	108
5945	2994	435.7008098	125
5951	4271	373.3071328	153
5959	2918	428.452278	147
5966	8494	261.4513768	143
5968	7247	632.4627991	136
5972	8863	191.9575635	202
5973	14906	241.669004	178
5975	2001	824.4814942	108
5980	3420	365.954752	118
5980	6331	276.1675576	133
5980	7330	316.3030048	127
5980	11656	318.081364	120
5994	13103	602.2198145	120
6001	3073	731.1201724	112
6001	3819	656.6916431	105
6001	4899	646.828148	98
6001	5070	578.5211992	134
6001	7246	789.1695595	108
6001	8413	705.5425397	122
6001	10306	598.7515353	117
6001	11009	954.378623	97
6001	13012	885.9339779	106
6001	14506	843.3593636	101
6001	15435	547.2882124	133
6001	16587	823.3288567	107
6001	16836	661.7761642	119
6015	180	1138.47877	90
6037	1666	1072.205715	81
6047	15223	421.5354043	123
6050	3073	690.6245878	118
6050	3819	693.6964861	109
6050	4899	510.1015116	122
6050	5070	655.0913576	127
6050	7246	739.0734093	112
6050	8413	670.6345186	117
6050	10306	533.9267254	128
6050	11009	788.5861829	105
6050	13012	875.7962769	100
6050	14506	850.0780483	103
6050	15435	710.1529416	117
6050	16587	698.361883	123
6050	16836	524.7282583	135
6057	16156	939.9327097	113
6058	7753	197.179905	182
6087	16266	1519.92808	62
6108	4992	1986.319481	58
6111	16821	201.8668432	133
6113	1516	335.4665975	175
6122	14719	339.7537277	136
6126	8807	437.7839022	138
6129	6070	632.6187901	126
6133	740	970.5015687	126
6133	5045	853.3145356	123
6140	14427	210.1922623	181
6143	5836	185.4919107	254
6143	11971	272.0971573	230
6163	12531	293.8400801	177
6173	14214	1294.439218	77
6187	2811	487.4065187	131
6187	2928	410.8596508	124
6187	6075	409.684306	124
6187	9621	565.5339509	122
6200	1235	490.8052545	125
6205	2274	398.1345402	141
6205	3654	370.880059	153
6239	2377	828.0953546	65
6243	10731	1162.373647	74
6251	11079	567.6926799	113
6271	3073	739.6195122	116
6271	3819	636.7404229	120
6271	4899	545.7445637	127
6271	5070	702.8120233	120
6271	7246	765.2875047	115
6271	8413	839.2381281	110
6271	10306	576.8899545	127
6271	11009	901.3290565	102
6271	13012	801.6404428	112
6271	14506	942.7996183	94
6271	15435	692.7115213	125
6271	16587	776.1190486	121
6271	16836	717.5903187	112
6285	10022	1122.100957	83
6285	11493	606.5592292	92
6285	16566	692.2187719	100
6289	5169	776.0858042	92
6297	7092	844.984693	106
6307	12120	1221.862269	147
6309	14957	1886.292886	74
6313	11448	287.8669254	161
6318	2379	288.5261017	145
6319	4940	1739.40897	58
6341	7247	609.9732504	144
6347	10678	927.2709937	110
6360	15355	648.6942078	90
6361	5836	222.8999915	220
6361	11971	198.7947903	255
6377	15278	611.3930835	145
6380	12063	1134.480357	103
6415	11815	752.3111608	133
6422	15382	1619.860366	64
6431	8801	1459.677894	45
6456	6070	677.3905019	121
6459	10766	292.9451382	134
6481	827	755.1581923	111
6506	15355	636.4091498	93
6510	14057	1172.851221	93
6514	12527	1165.351686	117
6523	10055	1182.469463	87
6523	12902	1268.629715	81
6524	13613	949.5028725	79
6539	1508	339.6924699	167
6539	2431	368.817339	164
6539	5635	425.9546758	152
6539	9063	361.2861422	166
6539	10203	337.8300933	166
6539	15774	390.5589812	162
6555	16057	204.5848829	81
6562	7603	802.7099493	99
6586	6965	798.5478663	139
6586	11696	685.1162419	151
6586	15285	723.5982162	144
6586	16614	666.4025537	153
6599	9991	183.5853171	164
6619	16064	390.3533697	67
6635	410	1484.081232	84
6666	10521	195.6457282	179
6678	7804	283.9775412	160
6678	11850	269.3749771	164
6689	2811	400.0948209	138
6689	2928	326.3903443	155
6689	6075	318.7247988	163
6689	9621	543.8417694	116
6692	4202	278.5050968	186
6694	13541	636.1024477	102
6694	15315	496.5361016	116
6694	17227	514.1705404	111
6723	16043	647.8915214	98
6730	13986	437.2777802	157
6731	813	713.5402138	68
6736	3073	563.9688518	139
6736	3819	674.0110939	121
6736	4899	633.3730477	116
6736	5070	624.9661319	136
6736	7246	537.3265065	143
6736	8413	716.6602729	126
6736	10306	491.2799879	133
6736	11009	717.2075529	122
6736	13012	769.3775953	118
6736	14506	621.4271135	131
6736	15435	518.4477226	143
6736	16587	695.1339398	122
6736	16836	494.7865804	143
6745	17231	287.8921568	97
6757	2054	332.059808	141
6765	4155	972.8986769	87
6765	13572	823.5949593	103
6765	14537	846.5202929	109
6782	3073	474.8219458	152
6782	3819	534.6861668	127
6782	4899	456.3335796	142
6782	5070	500.3993006	140
6782	7246	502.6980429	142
6782	8413	630.2147953	130
6782	10306	413.850497	130
6782	11009	639.7893357	122
6782	13012	675.7094119	125
6782	14506	536.344418	137
6782	15435	520.6067269	140
6782	16587	508.4138701	141
6782	16836	518.1080157	144
6804	5897	440.4399218	126
6809	11606	268.7685757	137
6820	556	2040.667743	84
6828	2466	963.0236502	39.44033602
6871	8994	1233.798487	130
6878	9916	2007.956316	45
6885	3013	923.6920766	99
6885	15779	940.4989337	105
6891	8713	1714.723229	73
6896	13159	534.4596434	94
6902	7634	682.6790845	59
6924	4747	696.321687	100
6926	8509	429.5058346	114
6936	1455	493.8691011	65
6939	3240	2169.412497	49
6939	14565	1990.320973	56
6947	13687	217.8617687	165
6954	7067	1501.93769	95
6955	5707	361.583918	131
6959	4948	1471.554787	67
6962	10545	621.0901739	127
6969	16308	804.627939	140
6974	1666	1154.914075	77
6976	12936	539.8380127	115
6984	10223	1376.93953	95
6994	11606	300.60184	141
7005	29	888.2930621	135
7023	15288	619.9909572	90
7025	7601	229.9424777	110
7026	13069	1178.101766	69
7047	12531	315.5565899	168
7050	11719	192.222926	168
7079	4566	1935.35952	61
7081	11606	397.4068375	124
7098	14852	1989.537328	77
7102	13069	995.9804502	72
7117	11926	757.8009721	120
7136	1941	573.8545144	101
7138	5095	556.5821492	150
7157	10529	247.1932208	168
7178	9615	378.5777609	146
7183	16478	2119.694039	78
7208	3073	713.7218863	121
7208	3819	555.737561	129
7208	4899	581.6184543	118
7208	5070	660.0753433	135
7208	7246	807.4098654	109
7208	8413	863.2328761	104
7208	10306	613.4313051	125
7208	11009	793.2966124	114
7208	13012	787.0631156	115
7208	14506	773.0510083	119
7208	15435	680.0289092	125
7208	16587	719.8822922	129
7208	16836	647.8718832	120
7213	8942	1054.900065	113
7230	5783	513.6738156	127
7230	12055	478.964382	142
7243	659	471.2256772	95
7252	4926	908.3042247	87
7271	1030	337.8402604	149
7315	7301	691.7176778	125
7332	5783	690.495206	103
7332	12055	503.7626505	132
7333	13650	208.2341354	202
7334	4366	780.1778891	119
7343	13622	319.0361386	176
7349	2348	383.6091751	147
7350	8807	571.7548766	123
7388	8994	1115.797716	132
7403	13076	220.1474375	154
7404	3083	395.3577984	87
7407	2762	912.8050701	120
7438	659	448.1574522	106
7442	11952	771.7817536	120
7464	2181	191.9787143	165
7487	4123	553.4495048	157
7487	4210	551.5287133	163
7499	9656	573.1437364	90
7500	5866	1064.984449	89
7502	11809	1369.68443	64
7509	11320	1097.839736	72
7513	8504	420.1983976	104
7515	8575	769.2070071	148
7542	779	203.1442872	167
7551	12340	1308.09761	139
7561	17079	981.0956353	97
7568	2379	312.6198479	136
7581	1445	357.9915912	232
7595	1621	1254.698324	67
7595	4458	1276.390819	70
7605	15184	710.474321	84
7615	12338	675.7135679	122
7623	10379	934.0781737	117
7628	17074	481.8398567	109
7630	13159	448.8998276	112
7635	14660	234.0728254	165
7646	13754	420.4194748	96
7649	8250	191.5465719	223
7667	11926	478.3414282	126
7704	1257	2313.429602	64
7711	16265	431.7147606	127
7720	4106	1645.722092	104
7730	15073	201.5469674	139
7734	11940	401.0761494	136
7734	15890	280.8738647	147
7738	12113	1220.878322	110
7760	6905	867.9709725	101
7769	12269	276.9735999	113
7801	12585	377.828696	175
7805	15810	385.0730246	124
7812	9933	331.5634567	174
7820	8032	868.6079517	77
7826	4155	841.0434363	99
7826	13572	876.552938	101
7826	14537	901.9513206	104
7831	11606	261.2577522	144
7845	12900	1153.243664	132
7855	514	294.0382933	159
7859	3624	330.2904997	178
7887	2012	368.2195406	134
7892	6254	1947.251271	58
7921	12338	818.1977864	107
7929	10681	1032.846943	98
7941	5836	248.3960575	223
7941	11971	282.4280526	255
7945	12890	440.6502611	115
7947	4837	632.0896116	109
7950	16265	442.0134339	125
7959	9073	476.4846772	73
7963	6543	475.4403606	150
7968	13541	669.5778218	110
7968	15315	539.8829423	135
7968	17227	523.6383114	141
7975	8504	396.9375107	108
7980	12936	699.9274506	99
7990	15310	639.3789077	123
8004	12890	537.1737956	129
8008	4581	1946.429562	64
8021	8977	1140.74646	77
8026	13121	1352.088004	101
8028	7777	669.9996557	127
8034	7121	784.108186	100
8034	17655	839.5649851	98
8052	15103	935.694911	48
8055	3131	425.9563359	139
8057	15278	453.9819288	152
8065	6719	1126.548313	82
8068	17310	211.6192977	156
8073	8002	840.6149894	113
8089	11429	1350.994711	99
8089	14253	1446.151579	97
8089	14682	1243.27438	101
8102	12585	320.4627637	155
8107	2811	262.7642764	174
8107	2928	246.4133746	127
8107	6075	254.4795076	135
8107	9621	251.0065283	138
8111	6543	386.9319623	159
8147	11483	264.5222657	198
8151	9009	521.3058651	113
8155	126	1462.214794	87
8155	8186	1868.39223	76
8155	9880	1747.695564	81
8155	15186	1744.535202	80
8155	15323	1866.695144	77
8155	15589	1857.814723	76
8158	3724	2144.718396	60
8161	1087	806.8394135	111
8162	2811	306.0658967	162
8162	2928	243.083053	178
8162	6075	250.6785926	185
8162	9621	346.7407791	161
8186	2811	328.1206936	138
8186	2928	238.4359068	148
8186	6075	255.718402	140
8186	9621	220.3172154	169
8193	3073	541.0179804	142
8193	3819	676.7649401	116
8193	4899	450.5422792	134
8193	5070	637.3886834	126
8193	7246	476.7689768	146
8193	8413	536.5250588	142
8193	10306	511.0727454	129
8193	11009	668.658932	113
8193	13012	690.2158824	110
8193	14506	739.3119763	116
8193	15435	512.9057085	123
8193	16587	643.015048	122
8193	16836	382.5376212	164
8197	6478	845.1502262	90
8203	17310	208.0915075	175
8204	2677	1714.562055	83
8204	10954	1151.454694	92
8209	2095	1130.724554	48
8220	2237	687.4107068	103
8231	10156	222.998224	136
8232	11833	1074.034748	64
8241	16	493.2583941	118
8250	3959	1620.940159	70
