3	10936	1141.373212	48
5	13900	515.3313283	95
6	266	392.5296562	157
9	2998	460.443061	85
10	5048	3073.065529	27.1437722
14	327	1011.507914	76
18	1268	758.9830309	81
19	7102	1440.892928	11.26827626
20	4610	1215.540255	81
22	2119	2790.573739	63
24	3135	878.8446981	80
25	8362	1132.345377	103
30	12996	922.3816739	67
33	7523	2513.774081	109
35	3996	187.0203963	170
37	439	465.9569432	122
37	6540	563.8092267	123
37	7269	300.1885854	149
46	1634	1074.828527	41.21271655
50	124	701.6589234	58
53	7433	730.3561337	79
54	4810	918.2600541	110
55	3982	414.7185588	162
57	4733	2644.419316	91
58	11488	1096.411305	79
60	7123	1393.904904	88
62	12908	2605.79418	77
64	12928	288.0486699	122
66	3451	1124.102568	82
67	6625	1115.541815	27.74696714
70	4953	546.3041119	128
71	1405	1013.24352	90
74	6838	3727.155236	59
77	6875	1420.848953	122
79	7165	3352.25395	36.92365229
84	11608	3545.684355	37.7441779
88	11619	2224.317045	28.36356641
95	1266	1395.17039	107
99	10139	897.6104265	94
104	266	390.7931398	153
110	5091	3319.106957	72
113	8124	2500.99751	82
118	5427	706.2220302	169
118	8330	550.9286642	168
118	11614	764.2561803	172
120	11853	514.7471501	109
122	14354	460.5629473	107
123	10644	6093.808835	23.79021103
124	7554	483.8850314	122
127	3329	349.3761726	126
129	1628	528.5136233	118
132	822	518.2245628	113
134	9384	682.6469169	115
142	3998	300.7019347	236
146	5459	1423.353474	91
148	4767	369.0572877	127
150	11464	789.3127453	137
152	6100	877.6835534	96
153	4773	3066.642605	28.36356641
161	9386	220.8277339	133
165	6967	457.9464367	130
165	7817	644.7952087	113
166	13574	407.6898649	117
168	3357	1959.701245	68
172	2100	354.3513919	69
177	6367	1337.750757	79
181	1911	1007.192084	115
182	13324	1783.721269	68
184	4387	1454.493997	69
192	10905	1512.806164	82
193	13414	2952.805008	46
194	11469	988.0637707	21.31433096
195	4064	2547.222815	55
199	4794	434.974807	122
201	7167	1214.596866	104
203	10767	2964.192535	70
205	8597	1885.822911	29.63817606
207	6823	4845.341485	43.0647448
208	3357	1940.001419	69
209	8228	1717.777926	67
212	4957	1336.617996	66
215	5619	508.5922015	150
220	6609	1245.813661	89
221	11571	3211.399449	72
225	13053	3135.272416	98
234	6072	455.8876743	157
234	11347	419.5858982	173
237	4442	3900.940807	66
240	2730	2242.699217	47
243	5575	285.0244495	202
244	2333	2016.459086	134
246	3354	345.638642	127
249	2317	1359.268984	86
250	8458	256.7208422	166
251	560	256.8526468	146
253	10117	398.6368375	152
254	13639	426.9462781	87
263	7894	1889.063796	77
267	6448	246.3456651	206
270	2871	827.7653014	129
271	2188	648.4927444	138
276	10339	386.213383	121
278	2937	1657.693472	30.97006447
279	5705	812.2944199	35.33572585
281	826	1534.947344	63
282	3365	1551.238831	86
285	8508	4566.994555	21.78798276
286	4264	364.4921993	267
286	7606	444.7217744	241
287	158	209.2098247	154
290	8542	2198.226381	81
294	647	1182.723671	78
295	2918	262.9225259	82
298	3859	1829.770237	78
302	1045	1782.500865	77
304	895	718.7236775	94
305	12902	704.3231641	136
306	439	464.7261527	122
306	6540	617.3373002	117
306	7269	373.2997444	135
308	909	1190.041753	68
309	208	3374.451986	77
313	14344	3470.621483	26.5536902
318	129	479.4723994	136
321	13207	650.7551454	124
322	5898	1037.692544	102
323	2000	1297.115158	99
332	5000	890.9701199	99
338	13373	1389.897817	69
341	8249	2690.968029	57
343	4004	315.3472449	117
346	3032	560.8981625	35.33572585
347	11625	6205.275731	25.41173093
349	9726	904.4814498	101
352	16	782.385057	146
352	3042	812.106665	148
352	4476	888.4928288	148
352	8327	685.3111768	150
356	8116	853.7103081	113
357	9181	317.2782389	126
365	3151	648.4268251	142
365	4070	765.5884592	130
365	4158	445.8592294	158
365	5189	771.8047481	129
365	6014	555.7632101	150
366	11799	492.6211673	102
368	7441	1122.809084	41.21271655
372	9098	8440.521451	31.65828812
373	5296	497.9208139	87
375	372	2114.214855	99
375	13415	2009.858761	99
376	13736	269.9468008	154
387	7665	1702.831472	84
391	2155	764.4052087	73
392	5051	1407.532697	101
393	12896	2045.397723	40.31678793
395	3736	3433.365647	50
400	6344	640.1209574	195
404	8302	229.8674406	166
407	11351	2401.784708	60
409	11017	1717.184445	64
410	6956	767.5321327	59
411	14085	362.1764043	156
416	8794	671.9895173	153
417	8902	2153.521663	51
418	2506	340.5312725	109
419	442	2127.690934	31.65828812
420	740	227.9356358	133
425	3762	439.6102049	123
428	12067	478.5951028	109
429	5890	1952.7728	44.02173913
435	11331	628.8253161	125
437	11691	363.2861828	106
438	13054	454.0648977	73
444	1264	2607.966308	25.97643606
462	9442	295.6819903	153
463	13391	1510.291927	62
467	6942	1754.058985	85
470	1138	405.7347867	146
471	809	881.592754	84
475	7342	1488.192892	58
476	8028	770.9350822	130
478	11402	1756.342624	89
479	11360	2333.796609	66
484	2802	2153.142308	67
487	6344	631.0146338	197
490	10443	1443.688913	90
494	7090	344.3857481	118
499	262	1379.358692	19.52047734
503	6230	1051.308124	83
506	9937	323.9516849	170
510	11850	481.584302	209
512	3620	2492.496133	36.1209642
514	3124	1454.477101	51
518	9862	1213.595461	89
519	8524	913.2747553	93
521	3996	185.9459984	170
522	9976	693.8549146	110
527	2185	920.420009	120
527	9786	978.7609216	119
528	13992	756.2657705	85
530	5949	1359.159047	127
531	7643	602.7075139	136
534	10559	898.0750424	84
535	8290	1398.889697	57
538	16	819.9070729	137
538	3042	883.365262	133
538	4476	791.8899338	149
538	8327	594.1537671	171
540	13904	238.2510081	130
542	10494	3781.872234	71
543	13334	537.1861417	82
545	1665	1113.255379	79
548	1399	1676.734537	88
548	10923	1729.414722	87
554	7733	626.2530944	146
555	2234	270.4091701	105
556	7467	1181.239602	60
561	5527	546.7567603	84
562	13736	256.7037671	153
569	10054	423.6720453	185
570	11464	797.5975517	138
572	12052	606.2259842	60
573	1600	261.5590878	160
575	4378	1343.083702	59
576	7134	546.967788	127
577	13125	718.2037112	106
578	8450	981.3863374	11.51868239
583	2126	1643.327097	54
585	1626	282.6980613	185
587	2060	628.340079	62
592	6512	1402.966587	105
595	2738	534.7783162	165
596	13595	2763.935207	69
597	1983	2106.904258	62
598	374	4615.603917	49
608	3866	2086.042343	92
610	8192	893.5348116	113
611	9923	979.5434311	100
615	6072	466.4959665	167
615	11347	501.0296503	163
617	11831	4636.67398	60
622	5719	227.3585592	107
624	3732	1699.402264	50
625	9372	1590.335345	28.36356641
627	14395	559.9908765	120
628	4339	1110.28801	75
631	163	6237.795654	39.44033602
632	7607	2201.659667	36.1209642
633	11371	183.5900601	165
635	12354	3235.378124	21.31433096
639	158	192.3805065	155
641	1552	5189.965967	56
643	3025	3242.859712	37.7441779
645	1396	440.9188715	133
645	1532	410.8796181	140
646	10407	882.477147	71
648	10207	2068.134279	49
649	7794	1953.798129	60
654	8362	1132.345377	103
658	2754	811.448346	70
659	5621	521.2684389	83
664	14301	471.337276	113
666	6316	2381.595179	55
667	9243	569.132343	136
672	2894	260.867064	134
676	11987	2042.114598	87
679	1144	317.4591399	120
683	5302	450.7847416	139
688	10851	792.4617722	70
693	12520	1145.912867	107
694	13692	187.4482936	219
697	2531	3422.18911	43.0647448
699	11472	1016.147707	37.7441779
702	1469	413.2911495	166
702	5924	339.7457327	186
702	13622	205.3792873	176
704	5499	1777.016868	55
711	12145	1957.036092	69
712	7644	1519.693266	71
714	7949	1369.689241	53
718	9489	1641.886369	94
722	6950	1346.766868	67
725	8500	1758.8738	66
726	7560	1629.838256	43.0647448
727	356	1909.36933	114
728	13189	1031.166388	123
728	13293	897.3852106	129
729	4094	1720.66464	54
730	9926	1086.617623	89
731	7811	679.4392949	120
733	184	1036.063634	21.31433096
734	2438	5831.339792	76
737	4345	603.3493608	117
738	11522	406.8034856	163
743	7948	564.0667289	72
745	218	1088.629513	94
747	5200	880.5016234	41.21271655
748	881	303.5956405	136
751	6164	493.3227515	105
754	3969	4117.834022	49
757	10841	1686.890848	45
762	7287	1724.673384	30.2968022
764	12654	496.6991042	114
767	2765	1098.540174	76
776	6382	1980.232171	76
779	11260	1672.13982	62
780	6049	665.7758707	34.5675579
783	11768	1173.312813	94
787	532	195.451466	189
788	11090	649.8818197	91
793	4227	327.7501535	96
797	14114	1520.302242	74
798	3092	454.3702327	135
804	4656	602.0308481	84
806	4009	378.0863792	123
808	3049	663.7049832	48
810	7313	2819.938444	111
812	3153	1329.399062	98
813	7364	2721.538669	72
817	7857	1014.509877	30.2968022
819	9375	239.6132827	115
820	10056	249.6472767	151
822	1080	3095.598625	79
823	12882	228.1935159	141
828	10838	268.4466635	114
832	4166	2277.865094	45
833	2560	181.0637123	256
834	11676	1280.618634	36.92365229
840	7949	1386.944385	55
841	8945	1659.095431	85
842	463	243.9382165	112
843	1888	667.4321566	147
848	3713	753.9770197	105
851	5155	1643.318358	73
856	7527	182.4017581	192
861	75	3026.071575	50
862	2363	645.6934124	89
863	7886	380.8375589	124
864	4858	842.898066	132
865	4861	3207.304096	27.74696714
867	13878	394.907013	167
868	10184	1543.710475	107
873	3473	631.2363426	161
874	14072	329.8067553	149
877	3947	1792.670842	50
880	10324	1336.41702	105
881	2608	2090.959657	81
882	13688	1667.79943	73
885	6793	792.809343	67
888	3940	4617.362123	53
889	9068	3093.516548	65
890	3529	1583.28242	61
893	9618	1099.216605	5.221212378
894	3596	1061.154124	153
896	9133	186.2366305	231
899	5971	3409.786411	83
900	9799	353.2494379	91
903	6299	1004.375778	122
906	8192	812.0831888	125
910	1769	279.2030904	92
911	8338	597.8514926	119
913	49	4218.249848	30.97006447
914	4266	2912.508856	59
915	72	956.6448015	101
919	5464	374.5879556	152
921	12415	570.5514991	179
923	4303	874.9196785	134
923	7228	733.7624648	131
927	9771	453.2462745	53
931	10621	779.7428714	95
936	7102	1055.858677	12.30378567
937	9068	3094.019189	65
940	5853	884.9297122	114
943	11284	1663.167249	94
948	13529	633.3181853	90
949	4130	922.6777453	170
952	7044	661.1939723	113
954	1659	413.82589	109
956	11035	2473.536967	99
959	4734	1137.560182	97
959	4999	1311.661145	100
959	8197	1185.175067	99
959	13772	1668.916476	97
960	319	1175.838942	80
962	748	239.7292265	118
966	5203	1453.328279	103
968	2995	870.963876	67
971	2958	1173.059191	72
973	14091	2352.447341	62
974	13988	751.6476355	106
977	1577	1082.34314	179
980	10912	1413.50483	65
986	9110	291.2292629	94
988	13971	2766.986742	27.74696714
991	14242	2038.672866	37.7441779
992	10442	397.4633669	170
993	12445	533.9685258	46
996	734	2232.816187	47
998	5000	955.1690889	94
1002	10770	2382.72651	116
1006	1208	520.3679624	135
1015	8144	1727.164012	52
1017	3489	1993.008994	26.5536902
1021	11589	430.0342133	100
1028	12096	1784.199469	125
1030	227	1424.531161	44.02173913
1032	9889	302.920704	85
1037	5314	2381.392082	41.21271655
1039	9804	372.1147211	132
1041	7259	792.7795952	151
1042	5904	1316.53037	46
1043	5272	4711.214603	26.5536902
1048	4313	1377.628221	51
1049	10646	2944.867311	21.78798276
1050	10460	830.7298871	133
1053	11464	785.0902139	139
1056	13442	3543.560197	28.99386789
1057	191	1037.264027	92
1059	7644	1723.306908	71
1060	10898	721.1589111	79
1067	6567	2561.755359	50
1073	3920	1136.734592	108
1075	641	1320.23098	62
1078	2107	882.6019945	60
1081	1982	2003.219374	77
1083	6046	734.2213707	80
1084	7945	477.2432642	122
1087	12314	540.6892006	66
1089	9614	623.0712396	138
1092	9985	3659.430554	76
1094	12800	276.9917836	124
1097	10525	253.5093533	250
1099	13996	1040.901314	113
1103	12050	328.7374615	165
1104	7167	1158.933082	100
1107	4500	1753.851094	70
1111	9796	906.9409826	71
1112	4953	562.7690891	127
1114	12905	914.7078666	58
1117	6786	725.6203994	73
1118	208	3380.109057	77
1126	3942	714.1665684	79
1131	6255	644.9102702	110
1136	5965	955.2042936	32.36180563
1138	8764	1632.849986	56
1140	10916	642.5221617	101
1141	7949	1229.369637	60
1143	2362	1896.888745	69
1145	4731	475.8199855	107
1146	10639	3524.003997	49
1152	1584	3126.441242	51
1155	9623	600.949447	76
1169	10255	2867.008392	48
1170	6389	2193.483469	27.74696714
1174	7118	6383.101317	46
1175	13651	425.4107148	85
1176	3255	1527.811101	72
1179	9012	2224.416105	109
1182	11698	671.3147351	97
1183	7179	1674.091416	39.44033602
1186	323	386.7984114	140
1188	3333	1805.719945	8.848282679
1194	344	576.8738351	89
1196	9538	3280.707956	54
1197	8024	2022.534074	77
1200	9041	278.19655	135
1203	8302	238.7480821	157
1206	894	1132.315341	125
1207	3860	769.0237466	109
1210	9639	2632.459837	77
1218	12385	661.5762207	98
1221	898	1572.835772	94
1223	11597	993.2408387	81
1225	9229	1246.697018	123
1227	3784	2279.552097	54
1228	14195	1510.367977	83
1231	4820	4101.254979	67
1232	1290	899.3802004	111
1233	11762	330.8203736	134
1234	7949	1420.953776	54
1236	10010	2641.48026	61
1238	6961	2080.913524	65
1246	4531	1410.224508	101
1246	10270	1087.05305	115
1251	127	685.9820531	108
1255	3357	1959.701245	68
1258	2852	1931.822989	95
1259	13796	808.8366765	108
1260	13715	425.4341603	151
1262	6580	1174.158366	118
1263	13331	463.2355796	112
1265	4427	548.2290626	120
1266	5881	525.0738675	123
1267	14008	1173.917941	37.7441779
1269	10919	326.706774	174
1272	13417	1837.673143	61
1273	7374	858.1796372	60
1274	7368	921.0291522	67
1279	13522	1887.295626	94
1281	4378	1339.467503	59
1284	5867	502.5114104	122
1287	1453	1793.824703	66
1289	8853	1623.086613	71
1291	107	574.9678773	111
1293	8378	1763.029421	90
1300	7756	1341.171577	89
1303	8717	2262.23899	68
1304	9788	340.6110683	97
1313	4286	1745.899078	79
1315	6719	1044.215802	54
1318	6414	1372.675609	86
1319	12075	567.2311826	39.44033602
1326	9030	247.382776	260
1327	11610	1321.56954	76
1331	11897	1572.405398	64
1332	10434	1723.491902	33.81608925
1333	12964	1677.844802	30.2968022
1335	8753	2199.983082	32.36180563
1337	2051	999.3038369	104
1338	5624	302.302527	147
1341	1303	514.5715347	50
1342	12223	1353.812931	117
1344	2023	3065.263454	44.02173913
1348	2862	204.5854689	162
1352	2429	517.5667654	103
1355	11895	417.7702834	109
1357	1275	940.3068138	84
1358	11629	1569.537562	84
1360	7680	198.2453442	158
1363	2004	993.9507836	113
1364	5270	1975.902276	42.1285547
1364	9313	1330.976555	63
1367	14395	561.0577085	120
1369	6255	650.9795827	110
1370	2383	1049.937287	104
1371	14096	630.8796165	119
1372	6244	991.0396706	108
1376	13693	1076.810858	89
1378	5499	1750.695198	55
1384	1725	701.0044706	57
1385	4289	1655.227878	28.36356641
1393	10823	1797.066378	90
1394	9623	600.949447	76
1396	14348	220.609744	174
1400	10830	700.0034669	119
1408	77	761.1806187	79
1409	13761	885.3075262	149
1415	6554	261.6836787	180
1418	840	1745.551899	71
1419	10410	220.4951246	174
1420	12541	1507.477113	79
1425	13223	1882.380955	51
1426	14015	1928.719223	26.5536902
1428	3680	2275.156186	66
1429	858	588.5331627	102
1432	9933	1127.62135	59
1433	13917	893.4479053	89
1434	2341	1976.308611	78
1439	6405	991.686777	32.36180563
1440	9570	1524.640984	80
1441	13783	1710.473287	86
1442	10389	958.5416541	44.02173913
1443	8522	2442.475444	33.08095687
1448	12970	753.3355668	83
1450	5701	3443.568719	44.02173913
1453	4111	299.3353771	118
1457	2977	660.7298891	111
1458	1309	1135.501915	108
1459	9956	1250.309903	76
1462	3246	1667.140113	35.33572585
1463	10830	697.0349012	119
1470	9842	1156.682256	63
1471	654	1836.507824	67
1473	10799	634.1610114	90
1474	12056	1802.079773	70
1477	1415	4373.645095	14.99500512
1482	2500	2798.192367	50
1483	6767	1486.404048	54
1486	3691	1667.86775	92
1489	4724	694.004308	49
1493	9657	711.7832449	109
1505	1184	345.2793858	120
1507	13448	203.636973	149
1509	8527	418.7939061	88
1510	790	1138.010709	69
1515	412	708.1038752	68
1517	5055	1759.661217	103
1518	1097	739.115934	90
1519	433	475.9177067	53
1524	13616	1299.85621	76
1525	10936	1133.388795	48
1526	605	682.8834968	108
1530	1114	713.8801188	137
1530	4984	856.4425736	131
1530	5175	846.6887382	133
1531	8847	317.1100942	124
1535	4339	1333.645026	66
1536	11594	1615.991617	20.39769385
1546	6033	1567.244854	21.78798276
1549	2020	2204.382266	55
1550	8290	1431.068158	55
1553	11148	1355.806189	56
1554	8367	6177.338609	44.02173913
1556	6255	559.0794915	102
1560	1511	1699.70081	92
1561	7090	343.4610841	117
1563	8036	3917.613055	46
1571	599	411.5869793	109
1572	13872	3210.71702	90
1573	10085	438.0119809	118
1574	3153	1353.11089	97
1580	10319	4046.352872	50
1581	12710	2084.492241	43.0647448
1583	5139	4149.214761	24.859302
1586	10803	3984.799545	28.36356641
1587	6861	438.4113917	183
1589	726	1225.449546	58
1590	6007	1967.203109	89
1592	10649	1060.624031	57
1593	10957	1324.175369	80
1594	10702	373.4777699	131
1595	2270	3494.119732	66
1596	1286	2040.458238	51
1601	2551	2053.078628	78
1603	1751	1037.047328	75
1603	3482	925.5915774	84
1608	5619	506.4672452	151
1610	7683	376.3434075	99
1611	71	781.6567874	117
1616	5638	780.344691	51
1620	6485	670.5191018	83
1622	6785	1536.153246	76
1622	13319	1378.982343	82
1623	14362	493.897443	119
1625	6299	1004.36607	118
1631	11745	1076.388159	51
1632	10629	909.8011584	101
1633	2684	1817.89382	105
1637	210	466.5890755	120
1638	7490	5610.495514	46
1641	8253	961.3274782	86
1642	640	699.6688358	81
1645	5591	1088.533651	81
1649	3657	993.4288541	17.48895434
1653	1289	451.8327623	126
1654	1390	3685.251844	76
1657	8754	724.1800066	94
1659	7493	2275.154647	87
1661	3915	2810.706282	31.65828812
1663	11961	2378.075654	42.1285547
1669	7085	2793.410294	28.99386789
1670	12190	2651.180542	54
1673	7009	322.8769944	160
1674	8476	344.2686568	153
1675	10644	6160.051426	23.79021103
1676	2007	390.3591988	157
1677	10511	1855.214847	62
1679	2026	1298.624643	61
1682	1021	1971.26601	53
1683	12228	3302.634868	48
1684	3479	258.0365103	114
1685	7190	189.6411533	140
1686	11480	1646.132603	28.99386789
1689	8355	4289.162763	68
1690	8535	565.5391977	43.0647448
1692	5328	2856.852027	38.58293741
1694	11962	4719.310951	56
1695	6973	619.043797	140
1696	11620	1046.882412	78
1699	9911	1748.258813	83
1700	13751	1655.904279	119
1708	1705	1077.167028	102
1708	3809	954.3121394	100
1711	2982	2044.647413	37.7441779
1713	1890	1624.186199	13.73299768
1714	1231	576.3314039	119
1717	4779	10288.10305	56
1718	6487	1475.442643	98
1719	12314	443.6001299	71
1723	10456	1388.183342	123
1726	736	401.6831671	100
1729	13554	8841.446897	56
1732	3799	518.4048197	134
1739	12581	790.8468313	89
1743	12065	1293.614289	39.44033602
1744	41	949.9393667	112
1746	8240	3202.517906	27.74696714
1747	4297	919.8482695	136
1748	12976	229.3248907	178
1752	12183	3208.833033	18.68098611
1753	10583	1438.247643	79
1757	12823	2752.024353	17.48895434
1759	6072	421.607957	177
1759	11347	460.6014488	161
1761	13268	183.9534424	169
1763	12733	1265.278478	86
1765	5257	711.7766953	19.09611913
1771	5564	1399.263927	69
1772	1186	633.8456405	90
1777	4996	507.1762971	145
1778	10044	368.2840249	120
1793	4541	1090.053067	100
1794	2738	543.9707595	165
1796	689	2038.506198	45
1808	3841	1286.741779	90
1811	2238	413.1795751	119
1812	5176	3584.524737	41.21271655
1816	12093	1919.90907	120
1817	9361	341.0287113	95
1821	8116	853.7103081	113
1822	6005	801.4250615	104
1826	8767	980.60328	58
1831	6383	217.6977509	238
1832	5000	972.9822382	89
1837	1545	2585.57006	40.31678793
1838	12828	609.5225606	135
1840	4403	1465.591385	110
1841	422	1765.372029	74
1842	12645	5056.914818	55
1844	1483	2150.148368	81
1845	1095	5239.275257	34.5675579
1846	3186	1405.060087	108
1847	5164	3416.147934	55
1850	14246	193.5078848	223
1851	4100	1874.005441	112
1853	13979	1071.442691	114
1857	906	1186.520623	88
1858	10642	2214.361478	103
1861	10643	424.9394244	113
1862	6834	2207.605147	72
1864	13108	538.4790687	106
1865	4225	1123.394858	186
1866	3038	544.5853803	90
1873	5783	899.6942689	135
1874	5611	509.5328247	85
1878	6296	1559.240704	60
1880	6139	3902.631029	91
1882	9607	835.8320461	125
1884	4874	855.5811145	141
1885	2357	2446.232461	50
1886	13757	823.7034467	104
1887	2647	776.7124296	98
1891	12976	227.0684012	179
1892	6945	1388.082173	46
1893	10312	989.1710415	80
1895	9610	643.3828795	125
1897	13522	2188.40854	90
1898	5311	1865.001136	71
1902	4303	869.6544911	135
1902	7228	706.9146788	139
1903	6859	906.1310333	48
1907	1730	817.1303931	120
1910	5607	567.5491973	107
1915	2823	1242.909967	102
1921	9086	1700.436693	61
1924	10828	932.9518031	84
1933	7339	856.9880113	97
1938	9192	592.8456029	145
1940	13098	1765.337	55
1955	10102	279.1403941	151
1959	14030	6996.593286	24.859302
1961	11194	658.113054	97
1964	2317	1359.362456	86
1973	14007	851.3904372	108
1976	9045	987.0902705	82
1980	6130	216.8914291	155
1981	2448	652.0999788	111
1983	6409	2586.243174	90
1984	1433	374.5528845	82
1987	7608	235.2943548	126
1990	8592	1306.779582	93
1990	12745	949.911158	89
1991	13511	1344.737141	94
1997	3707	1112.232063	76
2001	13192	2244.216558	61
2005	5566	564.4419285	138
2007	9523	1169.786534	136
2009	5013	1830.626356	90
2016	13922	2015.939109	82
2017	8640	5564.450891	73
2021	10919	306.3371053	158
2022	1708	1010.754608	69
2024	357	684.5339623	64
2028	4213	951.8092039	65
2034	9055	2434.417532	74
2039	5137	275.9422048	153
2040	13834	1812.96389	64
2041	6099	731.4066371	108
2042	5525	320.9095409	125
2047	5582	337.5927619	133
2050	5689	213.5850864	151
2052	12313	1419.447863	109
2053	2532	480.866949	101
2055	6523	2651.497493	77
2063	8445	517.7637286	166
2065	5604	1533.016064	103
2067	6452	1004.128238	155
2071	7644	1723.306908	71
2073	1398	330.3170093	143
2074	12584	1503.330468	39.44033602
2077	6346	1334.056172	69
2083	11805	830.0050731	108
2086	10252	594.3700447	114
2094	1920	1915.019425	142
2095	6998	13657.78473	40.31678793
2097	11248	459.6805179	77
2100	13183	830.9413387	57
2101	9035	1254.75774	86
2106	4304	394.1795942	135
2108	4976	695.8922701	94
2111	1032	943.1736383	79
2112	6501	1707.568374	91
2116	3563	462.5500305	145
2118	3044	787.1779856	176
2119	7472	1838.482485	28.99386789
2121	5618	1163.355853	46
2125	4111	315.0434991	114
2126	1421	2247.110913	36.1209642
2130	3209	706.8780917	57
2135	11185	2931.705903	41.21271655
2136	10850	1094.895776	90
2137	1671	388.6617499	89
2138	317	719.5345859	129
2139	8566	572.1280451	133
2144	14196	2265.753325	27.74696714
2145	12517	2079.763468	91
2153	10676	919.2019923	118
2154	14322	384.3734572	184
2157	11144	754.9091506	84
2159	5581	342.2173804	122
2161	1792	613.8413357	40.31678793
2162	8801	1508.39333	10.54924872
2163	1183	352.3135422	103
2164	10234	2076.669586	75
2166	1365	2866.636149	90
2171	5996	2053.889443	51
2177	12587	1589.24109	39.44033602
2178	11253	289.4539892	182
2182	2227	1362.1838	151
2183	10242	303.8438895	188
2184	5617	258.1144287	179
2187	3945	384.8250701	170
2190	2535	2054.794805	94
2195	4185	9677.882581	39.44033602
2197	418	772.3631293	143
2197	7503	522.9794751	157
2197	10074	690.1108468	150
2198	9303	936.2877745	106
2200	10955	1263.707161	149
2204	9817	490.7947585	153
2210	3077	1577.282119	55
2213	13220	582.5674873	159
2217	446	596.0879785	114
2217	7570	440.9608437	112
2219	4354	1265.329405	97
2221	3236	3721.485635	89
2223	1609	1599.695399	61
2224	6646	752.4545948	101
2226	7418	1094.029617	66
2227	3790	1920.283538	144
2228	9191	354.0203936	131
2229	7985	244.5475365	122
2230	484	543.0958842	129
2232	1196	363.2951341	153
2232	4747	380.8944308	146
2233	8772	1021.597208	130
2234	838	1819.167613	67
2235	7447	663.3815319	50
2237	13746	456.5353152	125
2238	2872	1799.373409	88
2240	7949	1252.313641	59
2241	9272	977.5793849	76
2243	11756	572.2766689	66
2245	11965	850.6080299	129
2247	7842	937.2053936	89
2249	6606	1807.04408	89
2250	11167	187.8131672	110
2252	7412	268.6741388	123
2256	12915	711.9135873	107
2262	4064	2534.771437	55
2267	3269	770.3439457	117
2267	5492	869.285045	116
2268	8400	613.4553372	113
2269	1970	271.3502573	144
2275	1100	618.6496438	101
2277	6858	781.9856103	41.21271655
2287	8701	2405.935982	94
2288	6839	942.4890938	76
2292	1829	1035.826278	96
2293	5751	2251.842969	73
2296	2655	786.7137089	102
2297	12883	859.1462556	30.97006447
2299	6215	847.6407275	100
2300	14032	2529.93194	45
2301	4725	945.4298282	81
2305	9895	226.7799302	204
2306	11331	630.6620603	126
2307	12520	1139.37604	107
2310	12415	568.1630196	179
2322	7555	1049.854877	85
2323	287	3222.102835	55
2324	14109	241.9541209	211
2325	12401	1170.061212	76
2329	14114	1525.027762	73
2330	9525	1282.597492	87
2332	10075	1234.082126	90
2334	4571	405.7476085	144
2336	3023	430.8507068	138
2338	8192	847.6021375	119
2340	4715	1691.918848	65
2341	5124	2876.510278	34.5675579
2342	964	4348.50186	45
2344	11089	3139.333315	65
2346	14109	224.0622216	228
2348	3398	343.3578528	109
2349	9942	505.4048779	81
2351	3930	240.2236353	177
2353	11113	1247.329407	81
2362	12978	999.8519542	112
2363	2724	3095.907209	36.92365229
2365	8367	6192.527459	43.0647448
2366	10435	3585.19499	35.33572585
2367	11494	5118.11281	85
2368	12893	348.6952099	150
2369	515	298.2587734	134
2370	12063	1310.144542	90
2371	8635	4098.433991	41.21271655
2373	12081	842.8063032	93
2375	8380	849.5399258	109
2376	11816	1778.749645	14.03817541
2384	5553	702.8481443	153
2384	12744	842.233987	142
2387	3099	2409.258444	81
2391	4712	1603.544989	66
2406	9890	258.009501	107
2408	7857	1014.509877	30.2968022
2410	8848	425.3695971	116
2415	12881	423.3002898	122
2419	10451	505.8075531	79
2420	5882	722.4298394	73
2425	396	281.4611687	103
2426	13538	2324.259964	35.33572585
2428	10702	385.0386998	129
2429	11111	476.9099554	129
2431	9661	4462.738251	39.44033602
2433	174	901.4748682	70
2433	12663	971.6372241	78
2436	9344	400.5084994	119
2440	2608	2088.069819	81
2441	2689	811.1262803	113
2446	10247	1873.598528	66
2449	4305	1212.419917	85
2450	13755	572.7376506	51
2452	1130	771.8354703	50
2453	6404	1838.625891	107
2457	8279	659.5835987	78
2461	293	201.8571516	153
2462	4735	1253.269044	108
2467	13807	462.8364701	118
2468	4786	450.7955312	122
2468	13662	468.0876688	129
2469	9781	1030.505092	102
2470	14189	2118.1758	67
2476	530	2101.64376	85
2481	3555	1547.398672	14.99500512
2482	7643	603.5884777	136
2484	1099	752.72056	174
2485	9170	415.5202891	144
2486	4646	3213.395162	66
2498	11418	826.9114875	148
2499	14009	1614.840057	55
2503	1866	385.3039141	144
2504	13176	1510.370151	48
2506	361	1238.58384	29.63817606
2507	5394	1475.287486	86
2509	2869	805.0621485	75
2512	2245	3714.995679	11.26827626
2514	6227	1629.29307	58
2519	5974	233.1294127	174
2520	5743	3208.576029	50
2521	11429	337.1986044	147
2522	717	1106.997219	64
2527	4598	240.1509052	126
2528	4108	1068.182927	86
2529	7945	449.7303323	116
2532	11151	512.3211835	122
2535	5334	1870.739978	68
2536	3322	963.5988224	54
2541	6377	1163.348575	107
2543	5772	995.0167753	73
2545	2748	831.3964617	91
2553	9028	1708.298442	82
2559	3708	843.9766554	128
2563	11365	813.5245193	65
2572	6771	356.3578143	121
2574	2871	829.7963726	129
2578	10199	1830.086411	65
2582	10773	2293.439321	87
2583	6416	912.6667202	88
2584	12772	353.7754826	124
2589	1670	3461.436572	90
2590	13603	1387.867489	23.27303253
2591	6235	2342.209785	92
2593	9890	228.7338004	124
2594	7241	231.8725375	172
2602	4339	1293.101928	67
2606	11437	283.1145957	127
2611	5404	1554.09221	109
2615	7159	1318.187705	100
2617	6815	339.4005098	74
2618	12904	833.3430491	66
2621	5787	1410.768958	142
2622	5304	3538.859972	86
2624	271	771.3184633	132
2626	1289	451.8327623	126
2627	13407	739.6215836	69
2629	8114	2992.525443	72
2634	4197	1565.82324	55
2635	3602	2143.160968	65
2637	1727	1871.834974	43.0647448
2638	12831	184.6949749	154
2639	10798	580.8223964	82
2640	7627	784.9883589	67
2641	11929	1308.151143	86
2642	12932	345.3850795	96
2643	12404	1637.436042	90
2644	11406	1671.74962	51
2649	3178	2855.01492	17.10875968
2650	853	796.1243118	112
2651	12996	998.2970449	64
2653	956	2445.303668	56
2660	7735	2403.964612	89
2662	7299	3921.476579	57
2663	14063	1205.816864	72
2665	10431	1337.822432	116
2666	9129	560.4578582	78
2668	6864	1898.874185	97
2669	396	281.065236	103
2674	9415	874.5055163	67
2675	4458	618.2003319	95
2676	2324	1618.672657	71
2677	4388	1668.264817	69
2678	5827	327.1694892	140
2679	3151	666.0337304	141
2679	4070	707.5850908	133
2679	4158	410.4619074	166
2679	5189	726.4967742	131
2679	6014	471.4896694	169
2680	6303	1575.565652	52
2681	63	1509.465024	43.0647448
2684	4320	812.9867062	61
2689	9601	252.1107539	231
2691	9719	499.025425	158
2693	8657	393.2013067	184
2694	12477	2557.296904	74
2695	10197	1876.119979	76
2697	8143	375.744575	73
2700	1305	2960.547289	60
2701	14028	2058.157458	39.44033602
2706	4114	209.2929332	272
2710	2931	1187.652915	56
2711	9890	219.1257868	125
2717	7933	2544.457431	69
2720	9685	1935.785339	49
2724	6901	738.2394863	97
2726	5252	707.4546792	58
2730	4116	186.6246462	187
2736	6483	303.9263019	153
2736	8698	291.9443145	171
2737	12772	353.7754826	124
2741	5665	220.2199106	109
2742	3307	2060.981288	37.7441779
2745	1656	1039.811579	161
2745	6840	1018.896751	164
2745	7974	982.7472535	159
2750	2482	184.5548127	219
2750	12227	203.9202658	219
2752	7229	1424.510769	90
2753	619	1056.362505	119
2753	10382	477.1584842	128
2753	10959	934.1184081	121
2756	9730	639.6676796	73
2757	4527	3712.748879	65
2759	2447	292.7618488	135
2762	2961	509.9055796	130
2766	8949	460.3121513	139
2767	9415	685.0110774	73
2771	1040	559.3617822	113
2774	13210	9191.424693	88
2775	8662	554.905326	76
2777	7011	1463.318411	110
2782	13716	1675.954696	129
2783	5478	5373.229983	71
2783	13687	5440.493463	74
2784	10656	3459.420187	80
2785	8959	1306.786771	86
2786	11467	1975.71014	55
2787	8740	991.8735445	73
2789	8264	412.7826327	93
2790	10447	1083.684621	72
2794	8599	5453.131324	63
2795	13711	1944.848712	64
2797	156	611.7718947	115
2799	2767	509.8021743	14.03817541
2800	4652	2287.569342	105
2802	8746	937.2593156	144
2808	2358	340.2515074	120
2810	8074	1326.610325	67
2814	5003	1888.334261	55
2815	11587	394.5419424	112
2816	433	405.546702	56
2817	3336	610.1618193	157
2833	9252	1476.130009	65
2836	2504	393.1204396	90
2837	10292	565.5468708	129
2844	13405	2494.041277	50
2851	7504	506.231936	128
2852	2212	3479.771454	40.31678793
2853	9779	777.5278297	59
2856	6852	878.1740575	115
2859	11057	1006.377968	90
2860	1853	868.6158454	94
2862	1862	613.3436714	114
2863	14245	837.8800816	110
2865	7167	1158.933082	100
2867	9945	701.056342	101
2870	10608	3991.14108	47
2873	12969	1172.480598	86
2875	11665	1204.666253	65
2877	13173	346.8516753	142
2881	10111	475.4834587	135
2882	1088	922.1421229	112
2884	12279	3825.38339	14.99500512
2885	2986	338.5319002	151
2887	5897	472.3561829	133
2895	4267	572.7567135	72
2896	3945	380.3937513	171
2897	9632	582.1988625	71
2898	10483	1009.739815	138
2902	4381	779.3493494	51
2904	11110	4436.794787	25.41173093
2906	4531	1445.283141	95
2906	10270	1050.358159	115
2907	11562	1084.475663	76
2912	2039	6264.759336	20.85097594
2913	10151	5196.3347	53
2914	2775	831.1957109	100
2919	4720	484.0900834	53
2921	13354	739.5039381	117
2922	13488	727.7931675	57
2923	11120	4310.358084	32.36180563
2924	10178	801.2077508	87
2934	7434	2203.032156	48
2935	4877	2691.911408	58
2936	14117	1234.297168	50
2938	5015	441.3794076	147
2943	12385	655.8228673	100
2948	5088	357.4044911	118
2949	13029	1481.648136	105
2950	2757	783.6777528	90
2952	6525	1289.595107	91
2955	937	1864.487526	94
2956	605	810.2772303	98
2962	826	1544.102982	63
2963	8058	206.9335915	94
2964	9621	2700.227264	75
2967	3496	310.6399535	131
2968	13224	1343.115245	93
2969	3579	699.6430052	117
2971	8388	256.6696249	81
2979	12801	1154.687146	53
2981	2598	231.4096799	101
2993	510	969.7226467	54
2994	7861	1475.722321	92
3000	9415	654.2605952	76
3002	2739	1241.822906	114
3003	37	1197.971653	115
3008	4015	964.9399866	82
3015	10106	1915.272456	88
3016	5697	1627.708782	108
3018	264	2105.575262	75
3029	13941	1114.599628	109
3034	2139	2165.285547	84
3036	12028	2685.017598	58
3040	7332	517.6959611	68
3042	4700	3975.206875	36.92365229
3043	63	1532.253771	43.0647448
3044	9486	496.0664121	128
3048	10684	2372.730298	50
3049	6986	345.5598167	148
3051	12364	1083.787354	74
3056	11623	2239.020235	70
3059	10569	5544.631693	30.97006447
3061	9479	3903.902245	47
3062	9999	2062.606319	44.02173913
3065	7104	3049.063145	117
3072	439	507.4039101	109
3072	6540	512.1516216	131
3072	7269	403.0253114	119
3073	1237	197.9921779	174
3074	9307	807.2206141	96
3079	11137	267.4085163	195
3080	11315	2385.551414	66
3081	692	501.6519596	112
3082	5905	1561.369357	81
3084	1881	1736.326966	26.5536902
3086	909	1206.919613	67
3090	8493	2945.841109	58
3091	4339	1108.273449	75
3093	9384	624.4623858	115
3096	1099	752.72056	174
3098	10288	379.6156132	124
3102	5621	532.0834919	84
3104	8192	883.3694712	121
3107	739	1530.792245	59
3108	7514	2923.687467	103
3110	10924	4246.635832	49
3115	5664	542.3803176	84
3118	5310	1956.352234	48
3119	10591	922.5895319	79
3120	10029	247.5299449	238
3121	9627	808.8693997	124
3122	418	785.1510103	147
3122	7503	706.0375383	148
3122	10074	676.2991754	155
3128	3271	387.5141465	104
3131	7194	1759.106418	40.31678793
3132	3226	917.0420748	142
3135	6706	863.7680694	89
3136	2980	9218.777652	66
3139	4867	196.2051528	184
3144	947	191.6343365	139
3151	3541	419.4148323	123
3155	3355	610.746286	74
3164	9450	506.3072964	151
3168	6868	2290.088859	111
3170	5	1941.36989	15.66885474
3175	8572	1789.630412	102
3176	7342	1467.364054	60
3179	2505	1981.241133	23.79021103
3180	10004	954.9328297	101
3182	12071	387.7048457	154
3187	13029	1226.725497	100
3189	6967	518.9243729	114
3189	7817	720.1262345	105
3193	6637	1104.716453	119
3196	4460	1201.481325	88
3197	9028	1713.894572	82
3198	12994	864.5406239	74
3203	997	1154.516473	59
3205	7393	326.9761232	173
3208	1777	1227.677984	153
3209	13670	266.8907553	138
3212	2475	1074.752703	65
3214	9871	569.9111147	122
3215	11213	1486.176992	98
3216	11629	1476.474465	85
3217	2528	1782.654761	128
3221	7964	1898.137625	73
3224	6013	521.5241925	140
3226	14170	2017.902536	45
3229	12114	966.6483083	53
3235	5591	1090.999798	81
3236	1818	850.5554834	86
3236	13030	767.2542412	95
3239	9209	396.3433038	78
3241	8214	2053.857451	59
3242	4541	1164.086137	87
3243	6993	13669.78716	36.92365229
3244	9536	1536.512364	158
3245	4695	441.1350847	113
3246	8192	820.9214175	120
3248	2811	336.5558432	140
3250	13812	399.6327691	138
3252	1247	1086.285129	131
3262	4734	1011.15257	101
3262	4999	1258.211981	112
3262	8197	1108.730703	103
3262	13772	1566.677833	100
3263	10563	673.1866572	123
3263	12898	744.7187018	119
3264	5230	357.2917304	143
3265	12551	1271.403448	85
3266	14242	2043.851207	37.7441779
3271	4076	638.9245731	65
3272	10996	792.8017831	99
3277	3132	1270.912736	118
3278	5748	2349.504838	36.92365229
3279	6481	1623.522103	98
3281	12450	207.3853421	191
3283	7624	623.8319032	118
3288	8597	1896.696539	28.99386789
3291	6784	290.3262764	85
3293	13045	3765.036552	88
3296	13927	1920.399245	31.65828812
3301	8716	592.8568296	54
3302	13656	490.7396373	70
3303	13480	1519.4464	165
3305	337	1039.073997	122
3305	6862	979.7420896	120
3305	12484	996.422475	125
3306	1524	579.363889	109
3307	4674	3525.970311	52
3310	5477	2582.312944	60
3311	418	808.8237238	145
3311	7503	711.5880767	145
3311	10074	703.4651978	151
3313	11621	1378.726117	62
3317	3376	714.1846034	102
3320	9711	305.5828576	146
3327	7846	1404.516332	108
3328	6453	1655.324904	48
3330	1866	364.3341182	156
3331	8606	2757.632177	73
3335	10397	1260.787268	88
3340	12214	2388.923934	34.5675579
3342	7948	550.5853657	77
3350	5564	1395.950819	72
3356	3847	1132.734799	76
3357	6967	463.4898321	118
3357	7817	683.888168	112
3358	1901	1636.409136	99
3359	6129	183.740764	97
3359	12776	192.0497959	87
3364	2454	1570.05322	69
3365	4796	865.428362	106
3370	13619	351.0010243	130
3371	11574	207.4932557	112
3378	6007	1824.189218	94
3381	11995	1701.62002	68
3383	6880	1042.739151	54
3388	5858	8966.294104	50
3390	7027	4628.878648	28.36356641
3391	7204	3781.014889	57
3395	456	1442.108203	56
3395	2932	1234.718897	61
3401	4339	1293.101928	67
3402	5553	734.0271234	155
3402	12744	927.5641219	133
3404	9073	1081.021265	48
3406	12711	639.2203142	106
3409	8560	1114.048155	14.03817541
3410	6072	459.3441612	169
3410	11347	445.8672118	172
3412	280	1281.313359	70
3414	1416	484.6362715	117
3415	12377	882.2137019	69
3416	11850	522.4116554	208
3419	2290	1181.330652	64
3420	6805	1516.542026	70
3424	4076	643.7381818	66
3431	6410	575.8784087	157
3436	4474	1525.52627	64
3438	3297	2230.731656	63
3439	8300	2125.350185	51
3446	10830	586.4365888	117
3449	3503	2507.336276	88
3449	6374	2389.56062	91
3450	9469	3283.915083	45
3451	7733	695.4115288	150
3452	7097	586.977712	121
3453	5828	1875.798663	124
3455	5000	908.3205771	99
3458	1469	451.8731896	160
3458	5924	377.4802701	166
3458	13622	245.4245594	160
3459	8201	196.6057959	186
3460	10558	562.0899072	137
3461	2212	3502.310474	40.31678793
3472	12749	228.7048578	113
3475	11568	249.2757487	91
3476	5511	197.3380541	249
3479	9100	769.1145256	134
3484	7891	438.7954278	106
3485	14296	872.8758611	77
3494	3669	395.821952	151
3498	8842	3128.471424	59
3508	9700	735.3067156	95
3511	13257	1195.280105	48
3513	8011	1089.85548	16.01705151
3517	10380	373.7138133	153
3520	4668	1323.76468	33.81608925
3522	3860	768.8210464	109
3523	11717	1119.530712	78
3525	8136	1057.62744	32.36180563
3526	16	887.0223994	134
3526	3042	988.4670479	134
3526	4476	806.7338742	160
3526	8327	791.4434811	159
3527	5741	1135.216149	27.74696714
3530	7522	282.1474788	147
3532	10755	373.5539108	170
3536	7945	426.3088804	118
3541	12229	513.7213829	205
3542	6633	213.2300472	188
3543	7428	644.1547796	99
3544	8	3928.334566	44.02173913
3547	2471	1007.763445	117
3553	1505	769.9742508	97
3556	1843	850.1826238	71
3557	7597	2997.492168	80
3558	12994	743.3733113	79
3561	5836	6692.502866	35.33572585
3565	11758	2699.210746	37.7441779
3566	5421	1627.389552	63
3567	11858	4754.943409	54
3569	14302	555.2299948	143
3571	4727	309.2610942	77
3574	13686	810.3540756	34.5675579
3576	6513	2934.824168	45
3577	12342	644.3312246	85
3578	10223	609.3615854	119
3580	12970	772.8128691	90
3581	4032	543.3209953	82
3585	2270	3494.119732	66
3586	9333	368.1620431	75
3587	6171	6623.42975	60
3588	12044	355.6607416	148
3594	13625	670.5499542	153
3597	13031	3646.646386	12.57720313
3599	13877	387.4770764	93
3602	5126	3523.157493	80
3604	4334	1108.424455	94
3605	9759	1965.099705	114
3606	7945	475.9644274	122
3608	10141	442.0401057	153
3610	3719	238.9786931	213
3611	5015	446.535315	146
3617	104	347.1743599	103
3618	5500	1722.564039	100
3620	10425	688.4997841	24.859302
3621	13151	1736.404599	63
3623	12973	259.1189393	106
3624	6586	833.9291868	140
3626	4871	196.3322453	152
3627	2952	1686.949172	80
3628	8400	627.6051616	105
3635	12620	2353.004075	28.36356641
3636	3898	2401.239776	69
3637	5573	1659.723368	45
3643	11356	287.7876303	144
3644	12985	189.9387007	102
3645	11263	693.4870124	112
3650	7696	626.8927442	110
3661	9883	695.33681	90
3663	13917	898.2020014	88
3664	7792	1702.146471	36.1209642
3666	270	1831.427235	89
3669	13243	547.8730924	164
3670	11145	332.7374912	140
3671	11380	1400.492677	65
3673	9676	1647.306327	104
3682	1410	804.8912711	49
3683	6959	3369.408169	45
3689	13545	451.801559	155
3690	14017	1038.925247	109
3695	12122	423.2340455	90
3697	5416	663.7095701	131
3702	12252	1153.037993	114
3703	10815	384.1793744	153
3705	7608	242.912878	125
3707	11469	976.65533	21.78798276
3708	2243	4117.027548	86
3709	5121	1876.238907	27.74696714
3712	4546	1237.590085	120
3713	1535	608.2565825	135
3714	3366	279.8392669	129
3717	13735	1338.250445	104
3720	10274	505.370196	169
3721	1151	3137.562593	41.21271655
3726	11216	2377.229552	74
3730	1213	2310.70072	33.81608925
3731	6980	369.1161038	123
3732	486	990.7694337	106
3736	12272	1070.244821	100
3739	7968	412.6228106	114
3741	3745	1852.687503	82
3742	2011	3338.277043	76
3745	8886	1319.730031	96
3747	13896	724.551873	127
3748	10488	708.8895524	40.31678793
3749	327	1006.863619	77
3754	6281	577.6722336	101
3758	8599	5467.121385	63
3759	6948	421.1660433	132
3759	9594	273.2108772	149
3762	10223	557.8545378	118
3767	12475	1103.095598	46
3781	5267	735.1614162	131
3783	9076	2079.052802	31.65828812
3786	3818	282.9861725	148
3787	6477	271.2814804	107
3791	8361	1696.271721	77
3794	2591	439.3625171	138
3796	9978	458.6603131	81
3797	5757	2454.19437	61
3799	485	2465.546252	30.97006447
3802	7573	870.0935655	49
3806	7789	2606.247596	54
3806	11815	2695.078161	48
3810	181	1268.176713	104
3817	3625	292.1081189	117
3822	2718	1391.491463	69
3823	3928	3209.124825	37.7441779
3835	13414	2952.805008	46
3841	6565	1627.379766	78
3846	5188	1942.631692	57
3848	2474	459.0393294	147
3849	2145	397.4454288	113
3853	4466	3990.948917	47
3854	12759	1715.044923	103
3855	3769	1435.030638	27.1437722
3857	9650	652.7873032	111
3861	4303	868.2522204	136
3861	7228	719.4783629	133
3867	11499	1041.1547	77
3868	1213	2314.22773	33.81608925
3870	2214	623.7261018	77
3873	13033	1397.220869	37.7441779
3874	11630	381.8193741	105
3876	8702	604.2645176	96
3877	7538	522.2508012	83
3879	12243	1532.541503	77
3880	10412	332.2643409	100
3881	13359	3413.961652	33.81608925
3884	7299	3929.09189	57
3886	13224	1343.833315	93
3888	3569	1138.816225	82
3893	7982	3035.737457	28.99386789
3895	8973	925.4721128	66
3901	13903	1480.870114	74
3904	11130	425.202047	154
3905	6831	1889.333665	66
3907	5442	4396.136107	39.44033602
3909	6273	3252.254274	49
3910	13409	2611.992023	96
3915	10133	741.8584812	103
3917	6251	684.2381739	109
3921	825	1100.368375	83
3924	5807	308.269838	134
3927	1634	1031.917984	40.31678793
3929	10069	2088.142847	71
3932	12228	3276.59336	46
3937	3433	1910.386057	75
3947	9842	1143.052795	64
3952	5890	3044.698187	44.02173913
3954	2445	2889.150298	37.7441779
3955	1899	424.5261921	93
3957	7196	689.572004	79
3958	8692	496.8867304	99
3959	4810	922.9013535	110
3960	8445	517.7637286	166
3961	3532	2312.665257	49
3963	4311	1302.144203	98
3964	11467	1942.318481	55
3967	1673	917.8351135	89
3968	1021	2141.899256	46
3971	13735	1325.570798	104
3975	1205	1864.555687	56
3978	446	417.8591587	143
3978	7570	398.8787031	115
3979	10096	692.0469264	103
3982	2754	811.448346	70
3983	8690	5314.874971	27.74696714
3987	2935	1889.726272	135
3989	2410	185.4687346	78
3991	7160	2205.031831	56
3994	3151	634.5511633	140
3994	4070	572.6480015	157
3994	4158	450.6825858	147
3994	5189	587.0841026	155
3994	6014	460.1791163	169
4001	1579	2337.668303	59
4003	3781	420.426789	196
4010	13387	654.969855	137
4015	9859	367.228976	98
4017	5523	313.7312491	215
4018	8982	710.3476915	110
4021	862	2473.302556	49
4030	11530	289.4235085	135
4032	1249	1421.894087	67
4034	2544	206.234683	167
4038	13472	768.4328911	94
4039	411	1744.803974	72
4040	8189	803.380202	118
4049	3441	1155.290953	67
4049	8210	1888.749201	59
4050	5331	614.4114847	119
4052	13143	940.8844635	95
4053	1386	631.8839952	32.36180563
4055	12699	620.6018318	90
4056	357	687.2978897	62
4057	7075	726.3684685	97
4059	4439	1305.461932	111
4060	1861	540.351392	122
4064	8787	3736.597654	47
4065	1036	544.5970959	87
4066	4288	1094.628959	130
4067	1730	764.3710939	132
4072	11623	2221.870415	72
4076	1562	482.1485975	135
4077	3370	2162.893491	47
4078	14231	1638.477099	105
4081	456	1436.698507	56
4081	2932	1232.072782	61
4082	6196	3023.338991	45
4087	13693	1082.770414	88
4091	2996	1167.73668	94
4093	13924	5392.252449	52
4094	11007	7325.012524	37.7441779
4099	10407	883.7237071	69
4100	3649	883.8149255	50
4101	367	624.0306646	77
4103	4698	3690.676429	65
4104	8792	499.0878387	117
4106	10252	640.5425693	113
4108	4860	1765.446013	27.1437722
4109	10827	5059.481881	61
4112	10107	766.4086986	104
4112	13831	460.6799728	110
4114	7131	291.6658113	88
4116	3715	2096.233032	28.36356641
4118	7725	2888.265791	160
4119	11048	1511.60364	90
4122	8337	787.9419186	67
4123	9598	1737.582254	45
4126	418	741.920314	147
4126	7503	764.2119133	139
4126	10074	708.4545434	149
4129	7202	1293.468534	42.1285547
4132	13369	1666.785349	56
4135	13258	1604.530511	97
4138	9123	609.5548961	117
4142	11255	1880.050745	65
4144	9656	1217.738425	71
4146	7775	1499.494398	63
4147	11212	1325.604888	79
4148	6276	3092.980002	38.58293741
4151	13409	2618.271537	94
4154	9658	1080.693973	27.1437722
4155	10254	1120.89832	20.39769385
4158	472	428.3975044	97
4164	12194	431.1703519	130
4166	1675	1415.510431	98
4167	3305	782.7050137	77
4170	1958	8196.439194	59
4173	3202	1029.153679	76
4175	2404	454.3013979	117
4176	13365	984.1830463	108
4185	12369	770.0435823	91
4186	2673	1819.898953	23.79021103
4188	13806	274.3563954	108
4190	9824	1711.441337	91
4194	7190	204.8858296	139
4198	6035	571.6573295	122
4202	11028	1442.883941	61
4203	5399	971.1352868	81
4207	12113	387.1401868	152
4208	6820	3319.25544	74
4210	4587	274.8633655	144
4211	3365	1597.681965	87
4212	2051	1390.514535	92
4217	14291	2031.352856	77
4218	9495	2071.669778	57
4219	4077	248.2064608	153
4219	13439	403.3684764	136
4225	5575	299.3254253	201
4226	10822	1489.584557	41.21271655
4227	1710	883.922912	62
4229	14115	218.9420549	122
4230	12507	1149.452347	67
4235	1835	1892.783877	47
4250	4763	1512.445658	4.37934153
4251	6296	1545.06771	60
4253	11762	331.7609696	134
4256	2405	189.6501163	137
4257	10651	197.5313508	173
4259	14189	2125.980102	67
4261	5616	13629.35192	36.92365229
4263	7083	817.4242945	55
4266	13762	1854.951058	107
4272	766	229.9375611	87
4279	12054	466.1012447	85
4288	13853	3564.057859	87
4295	3123	548.9519565	81
4299	7996	4846.268957	53
4300	11897	1566.762889	65
4304	9403	1076.896753	174
4307	12722	647.3003127	43.0647448
4308	8202	237.0718923	156
4309	9390	2639.504638	38.58293741
4316	8437	448.9116766	124
4317	14131	1674.437258	66
4323	9837	1065.520586	171
4328	3714	2364.473768	76
4332	6785	1531.358359	77
4332	13319	1381.100983	82
4334	7984	2471.819129	56
4335	13717	1421.850376	72
4343	7084	1439.026885	105
4350	7009	325.4406588	159
4351	8095	759.1397302	95
4352	4830	521.9890849	72
4357	9377	481.8468112	124
4358	2851	500.8570653	126
4360	8527	368.8298925	97
4365	4387	1459.057506	65
4368	4317	1654.079986	63
4371	66	722.236188	120
4373	2170	1228.872291	117
4377	1671	388.6617499	89
4394	7194	1759.201499	40.31678793
4395	12549	1765.543267	86
4396	5464	374.2367192	143
4398	2956	1936.090779	52
4399	3211	1958.012354	29.63817606
4403	6966	1859.425186	76
4404	7833	359.9030707	127
4405	11637	2060.478903	80
4405	12708	1641.313592	90
4409	2764	4605.786626	56
4414	13827	234.9356812	149
4415	3453	1896.279712	96
4423	12763	6766.675633	64
4426	9587	1156.458396	53
4427	10460	835.2182977	132
4432	5440	1939.252456	46
4436	139	3489.966675	83
4439	12167	442.4232606	94
4440	5882	726.7509078	71
4441	13151	1736.404599	63
4445	4353	901.0862274	156
4447	12603	752.4844285	64
4458	7565	1889.850712	133
4459	626	406.958394	61
4462	2116	1264.3688	83
4462	9579	1179.380359	89
4467	11111	478.972271	116
4468	12695	1065.149974	85
4472	14109	223.3530319	228
4474	4839	1781.975757	64
4475	10636	1410.876625	39.44033602
4481	8238	547.5127722	85
4482	13971	2763.692687	27.74696714
4483	11392	295.2968532	209
4486	13917	951.5518832	86
4487	4005	2927.797681	53
4488	14037	3945.497804	39.44033602
4490	9450	503.8635021	151
4491	3966	343.8099278	105
4492	10225	2843.829854	33.81608925
4494	6357	737.5803079	109
4496	1178	522.0499101	100
4497	8	3966.299242	46
4499	2839	1364.38873	73
4500	7707	1158.176978	57
4503	5270	1216.594372	46
4503	9313	1389.328137	61
4504	12374	563.2503186	113
4505	9853	1354.854905	66
4506	8574	806.1545876	44.02173913
4511	4955	1250.936138	116
4520	10310	1277.64244	72
4523	10869	1321.528394	90
4525	6162	1342.02933	77
4526	3182	5244.70967	65
4530	2770	631.0187176	123
4537	10034	424.2937536	72
4540	11311	2711.392255	62
4543	6567	2570.252127	50
4544	13825	1019.735428	78
4546	6473	289.1495901	94
4547	6132	4459.306898	57
4549	4864	710.6786437	78
4551	8754	752.6410265	95
4556	4603	510.0327967	110
4558	6015	1168.222141	57
4559	6497	1709.411781	33.08095687
4560	14026	882.9101033	105
4561	7858	4627.251573	54
4564	6828	1108.573232	87
4568	1877	318.0391963	84
4570	2791	3069.833082	48
4571	4540	2362.958994	52
4572	12025	361.0515547	182
4575	8189	801.9657047	116
4577	5636	820.4245749	77
4578	11162	1132.428326	118
4579	2404	393.9097563	119
4583	2417	1583.854705	74
4583	7074	1700.409112	69
4586	4758	2558.312706	53
4586	6465	2048.370268	53
4589	5741	1313.818913	29.63817606
4590	3288	200.1135725	125
4595	1131	871.0614472	79
4598	726	1142.019278	60
4600	8444	4573.962722	25.41173093
4604	2803	796.7659418	46
4611	4499	1494.076696	46
4614	9335	4256.805431	32.36180563
4619	2139	2165.285547	84
4620	4302	2444.308185	23.79021103
4625	1068	748.5052462	118
4625	1387	474.8217707	119
4629	13564	1293.820021	82
4630	7027	4628.878648	28.36356641
4631	13774	665.5652894	82
4632	10060	310.8514004	154
4635	11551	4009.989806	48
4641	1026	1163.151397	98
4645	43	866.8225534	103
4649	1283	301.7435247	165
4652	8732	1643.924755	90
4654	6529	515.4486651	160
4655	3454	1661.266477	58
4660	14033	474.1351887	83
4661	274	2413.782783	67
4662	3112	2487.614313	61
4663	1777	1222.803399	154
4665	14316	1721.383688	108
4667	8324	3189.816241	61
4669	8660	3284.913337	79
4670	9948	1993.576206	37.7441779
4671	6008	278.8458515	133
4672	13311	2226.499383	65
4674	11899	943.2176153	92
4675	14376	3986.268924	49
4676	4393	1331.777258	91
4679	5691	2658.109818	96
4685	3847	1258.854466	84
4686	4700	3974.374317	37.7441779
4690	13090	2223.745518	63
4692	11780	1345.153035	73
4696	5463	2043.902681	87
4698	5319	959.6875459	87
4705	6456	2070.327691	58
4706	323	386.7984114	140
4713	10800	392.5324783	110
4717	10476	5954.338474	55
4718	2694	801.2239419	107
4720	6500	423.5456188	192
4724	9027	1559.009616	35.33572585
4725	10871	1419.106202	95
4728	12222	2715.017757	81
4735	13738	696.6935529	55
4740	7326	524.6284242	119
4742	5292	3421.020227	39.44033602
4745	6956	831.270038	52
4746	13203	770.2316133	107
4751	13875	544.4095771	120
4754	2958	1161.90446	73
4756	5867	517.1387426	122
4767	5477	2585.144423	60
4769	11106	948.4775248	150
4770	6936	3868.090691	31.65828812
4773	3107	546.1059226	71
4779	13853	3788.019727	86
4780	41	954.8687869	112
4783	7098	517.4245705	126
4786	10583	1321.53717	82
4789	218	1088.629513	94
4794	2013	1257.894031	58
4796	6333	3174.302235	84
4797	10413	2396.110687	57
4801	11831	4632.83954	60
4802	10163	883.0917873	95
4806	1400	1211.795206	76
4808	12196	945.5337687	116
4811	3124	1466.045045	51
4812	4458	642.2421046	96
4815	1910	790.0259521	49
4816	6918	2796.037916	79
4817	13141	3295.550333	73
4818	2007	328.7443368	161
4819	14278	1133.286978	129
4820	12780	221.286472	148
4821	9835	709.9112015	97
4823	6205	819.7825334	116
4824	8498	1361.244078	80
4826	2684	1814.63202	105
4829	340	329.7147367	124
4833	4652	2287.569342	105
4835	4531	1442.62729	96
4835	10270	1180.945154	108
4844	13863	750.4927491	109
4848	12458	244.8988274	135
4850	8662	555.7006778	76
4851	4012	2011.936508	165
4852	1521	720.6310521	55
4854	10342	1687.019591	29.63817606
4861	6906	3425.105731	24.31888239
4862	944	2840.824932	52
4864	10143	472.0655437	129
4866	1534	556.0815468	83
4870	6084	2343.110638	46
4872	7710	465.7828584	103
4874	10348	956.4572941	76
4876	3222	651.0428719	89
4878	2007	400.4568996	159
4882	12280	494.9143556	124
4883	3894	749.9726128	126
4885	11987	2047.597535	87
4890	12113	388.5362868	152
4891	10736	370.6979794	167
4895	12735	432.5703164	120
4900	5900	747.2476449	73
4904	3054	359.3055382	141
4909	5771	361.2792943	177
4915	802	389.3157773	123
4915	9569	369.3951426	111
4915	13489	316.2124779	124
4917	2657	1027.186016	95
4919	10351	1256.575589	54
4923	439	498.9204979	121
4923	6540	524.692529	125
4923	7269	379.0455047	120
4924	11899	941.5424933	92
4925	12547	2016.515245	116
4926	12711	636.4271623	106
4936	2371	1420.5026	42.1285547
4938	8300	2125.350185	51
4939	11094	1940.930936	76
4940	10472	399.35695	109
4941	2007	389.204932	162
4942	7431	820.475375	153
4944	853	797.7463909	111
4949	6072	421.607957	177
4949	11347	460.6014488	161
4950	2004	990.1470085	106
4954	11861	1893.809104	72
4955	7945	375.246322	132
4957	3654	2218.721722	78
4960	9408	579.4454736	131
4963	13003	1117.346738	118
4964	5478	5171.924703	75
4964	13687	5322.438507	76
4970	5496	1116.086912	139
4976	11048	1509.404347	90
4984	6096	933.9910824	37.7441779
4985	7861	1468.025204	93
4986	12582	3948.534349	19.52047734
4990	3038	529.0597395	91
4992	219	186.1795283	205
4994	5373	308.214755	135
4997	2345	1062.464247	119
5001	8631	843.7156996	130
5005	5346	3222.247623	24.859302
5009	7635	1060.210695	142
5010	5822	740.2298746	87
5011	11710	644.0115472	110
5019	4781	943.1107302	160
5020	7165	3363.124756	36.92365229
5021	515	298.2587734	134
5022	4285	587.2925785	83
5024	9229	1246.078057	123
5029	8593	1133.31793	80
5032	6302	657.6935225	93
5033	3251	2916.306272	31.65828812
5034	6554	241.0031146	187
5037	7563	3351.572296	41.21271655
5038	3290	1148.947279	70
5041	5232	827.1951105	129
5042	6072	380.1610631	179
5042	11347	536.3467229	151
5045	7829	760.8187594	73
5048	8572	1791.592075	102
5051	2091	842.3097999	82
5052	1188	346.960256	113
5054	6088	1613.914714	116
5057	9261	1213.090228	69
5058	6844	1923.157314	47
5059	418	665.8078151	157
5059	7503	841.0584085	136
5059	10074	695.8413456	150
5061	8853	1616.05312	71
5063	8098	1819.367145	10.54924872
5064	10558	555.4174302	137
5067	14379	2025.457246	21.78798276
5070	994	334.1331695	115
5072	10774	716.1700141	156
5076	13654	1366.290421	76
5077	12363	930.8678154	78
5078	12721	1605.395089	67
5081	4877	2619.71518	64
5082	13817	681.0646341	78
5096	7310	1409.652823	63
5098	8463	1302.557762	97
5099	11475	210.7520373	140
5101	5378	302.1508874	75
5102	445	1612.059158	55
5107	8458	266.0261771	161
5112	10487	1043.357389	113
5115	3544	357.132478	130
5116	12573	1200.415662	76
5117	5308	4710.907002	10.0955712
5119	11209	813.0189871	122
5120	7320	2778.887813	109
5121	12222	2715.017757	81
5122	6227	1644.248075	57
5126	2197	562.0149894	81
5127	7159	1315.815507	100
5131	13897	230.4802946	136
5132	11130	518.5798772	151
5137	9564	770.4957988	99
5139	3478	743.5872944	56
5141	11192	1374.081879	35.33572585
5150	3535	456.0921143	130
5151	2269	525.0546785	113
5154	1087	301.0432108	147
5157	1595	1022.547274	103
5158	3764	1333.242268	99
5159	3055	1918.579612	73
5159	13255	1876.558987	74
5167	2937	1664.37258	31.65828812
5169	12085	2184.130113	107
5171	2359	1069.594773	93
5172	12248	3070.572327	71
5173	5598	426.0572219	120
5180	5525	358.4927957	123
5181	542	1640.293863	88
5184	8192	873.2966488	121
5187	10430	726.8211894	88
5191	5607	537.5208373	115
5193	6796	780.303062	101
5196	6674	3913.935772	34.5675579
5198	4798	2669.382118	23.79021103
5199	12466	307.0492802	89
5199	12487	364.3520196	82
5200	3250	720.6524659	108
5200	12156	1067.32367	97
5202	13265	974.5883212	69
5207	12540	241.6530268	112
5210	4442	4153.221771	66
5212	4176	4060.535827	44.02173913
5216	13993	768.2980984	150
5218	11462	958.9901219	57
5219	8978	3830.090795	27.1437722
5221	6358	357.4414925	120
5224	4952	1822.758439	107
5225	3705	1069.400556	98
5231	3970	284.3292991	170
5240	7719	443.5651783	63
5241	3245	2072.272772	67
5244	8222	962.9233846	114
5247	5724	840.6595413	46
5248	915	1676.466735	23.79021103
5252	12817	674.4680028	96
5256	3227	1986.583628	71
5259	10431	1355.618347	114
5260	3973	812.7528841	124
5264	14072	326.2760356	141
5269	10798	578.9779632	82
5270	4803	1194.00957	103
5272	9087	1288.508133	73
5273	8208	807.024155	91
5274	802	390.9804926	118
5274	9569	375.8433797	110
5274	13489	319.7429548	123
5275	2053	2317.551117	72
5278	4225	1121.356825	186
5279	2882	3771.484346	21.31433096
5280	4569	891.7285364	84
5281	4540	2367.156219	52
5282	3473	643.7849544	158
5284	9114	1697.522802	53
5285	6508	1603.354669	44.02173913
5288	11620	1046.882412	78
5290	9415	874.5055163	67
5293	13413	264.4366999	177
5295	3972	2366.584758	38.58293741
5296	11748	4521.760334	59
5298	5860	387.8144864	167
5300	7594	3599.593893	29.63817606
5301	13472	773.3303535	93
5302	3774	610.5181134	83
5305	12983	2809.457321	56
5307	12876	3510.959358	77
5312	8226	288.9581599	90
5316	13510	3616.078531	35.33572585
5317	8607	846.814543	33.08095687
5319	5548	1460.03653	103
5320	11028	1442.883941	61
5324	11317	895.0957505	90
5327	5925	1376.040954	54
5328	8176	2092.249054	54
5333	7822	888.1522175	55
5334	10227	2140.46888	37.7441779
5340	6765	2162.683658	32.36180563
5345	3624	1584.183821	89
5347	1270	1723.272756	50
5361	9437	1456.794203	95
5363	14384	2080.49301	99
5364	8647	4689.458292	28.99386789
5365	3987	634.1180457	91
5366	619	1293.061709	109
5366	10382	701.4206944	112
5366	10959	1129.12817	116
5369	7360	335.8525673	68
5371	2258	1220.290435	91
5373	5986	759.9692427	74
5376	4036	1356.799827	33.81608925
5380	3216	484.3234652	47
5385	12266	205.248641	183
5388	5956	296.3065849	120
5389	3065	1271.800435	86
5393	2243	4117.027548	86
5394	12743	10927.90749	43.0647448
5397	10860	1199.576956	81
5399	3745	1852.687503	82
5405	6608	948.5134698	75
5410	9369	2443.51329	93
5412	6580	1174.158366	118
5416	10115	550.4294711	138
5417	1710	833.0646695	54
5420	12202	1840.570965	79
5424	8532	1154.902399	79
5433	11940	1368.496067	63
5434	8255	1837.274441	103
5435	1733	1703.606786	60
5438	4546	1242.336154	122
5439	2764	4608.313297	56
5444	527	1109.644542	22.27216015
5445	13722	1147.299412	62
5453	11806	435.4320265	142
5455	4232	1652.4679	95
5457	11464	803.1174674	138
5463	10206	2338.932517	64
5466	5616	13625.19729	36.92365229
5468	13736	203.460296	164
5469	2271	1164.149501	68
5470	12556	2783.483568	35.33572585
5471	10374	1384.862847	86
5478	840	1745.551899	71
5479	11023	2444.770095	68
5482	5426	718.4170321	114
5486	7286	1421.620897	81
5487	1622	205.4450295	278
5487	4526	218.2158309	256
5489	1097	549.5649732	90
5493	439	569.0051335	100
5493	6540	708.4172994	110
5493	7269	463.5012849	107
5496	491	924.4167088	78
5504	1967	310.9803874	80
5506	2751	1516.395409	63
5509	524	508.9816122	170
5510	719	2175.139833	80
5513	4037	294.6706405	147
5514	11464	785.9006499	138
5519	7515	1396.795893	61
5522	9703	2256.13879	33.08095687
5524	14304	456.2697875	90
5525	1357	210.6390839	191
5527	9036	2459.200444	62
5537	12737	495.7029239	101
5539	13411	1550.913218	61
5540	7982	2916.250652	30.97006447
5542	8635	4105.722367	40.31678793
5546	1375	231.1743252	156
5547	9610	629.6393782	127
5555	13808	2360.971941	53
5558	6621	3090.321554	33.81608925
5563	11861	1890.150604	72
5565	5000	890.9701199	99
5567	3077	1562.664384	56
5568	5564	1403.086655	71
5576	977	1212.143361	100
5577	9531	415.4979778	117
5581	6206	265.4042343	109
5584	6305	928.8435847	139
5591	31	1281.901722	36.1209642
5593	1527	1374.819966	96
5594	5574	3570.157307	32.36180563
5597	3017	754.722876	50
5598	10322	1178.59368	43.0647448
5604	12208	875.9546126	76
5610	14310	1088.922076	109
5613	12769	732.0802402	74
5615	1537	4091.665868	34.5675579
5616	9416	2244.01311	47
5619	989	1943.807049	81
5623	10992	1284.573981	85
5624	8935	3453.977281	63
5627	12586	3198.938778	18.68098611
5629	1730	837.9888763	126
5632	1924	1066.801517	43.0647448
5634	4639	6160.215755	36.92365229
5638	12257	490.6547702	148
5641	6358	374.1385367	110
5645	13073	1268.227474	142
5646	13556	1016.797454	123
5651	4172	515.1372107	136
5652	9063	835.7095477	81
5654	10634	746.5580446	98
5655	3306	1636.360892	86
5657	9097	328.508688	126
5658	12830	1947.333088	39.44033602
5659	8836	888.9455029	96
5662	1983	2103.351699	63
5671	4079	3653.521701	58
5674	2965	1677.94656	75
5675	1870	1079.981878	119
5676	1016	305.8075621	147
5681	12723	1773.743822	112
5682	4998	470.3403571	59
5685	13696	282.7976902	85
5689	8192	935.2835988	116
5691	10828	915.458513	86
5695	664	1224.350299	82
5698	3311	467.6119369	122
5700	13195	4915.427363	70
5702	12407	243.0729321	106
5703	13742	2782.13314	40.31678793
5708	8920	1804.049579	48
5710	11288	1998.862487	134
5712	8920	1804.049579	48
5717	8561	2805.530731	38.58293741
5720	297	236.7046717	157
5722	5031	3139.315965	62
5723	2301	904.907706	105
5724	3495	3310.250258	40.31678793
5725	12876	3568.140357	72
5726	5691	2614.670209	89
5728	1286	2040.458238	51
5729	7001	773.3050974	75
5731	2395	522.2954527	125
5733	13951	1889.292735	59
5737	2842	1465.74771	71
5741	3354	345.5441304	127
5742	3335	2576.525204	66
5744	6171	6632.201586	60
5748	1584	3126.983468	51
5751	8195	2108.691421	103
5754	317	701.3852859	129
5755	11255	1880.050745	65
5756	10683	230.1919536	76
5758	3541	469.4473509	110
5759	2701	948.2411789	39.44033602
5760	5440	1862.067297	50
5761	9185	4668.203099	52
5762	14221	1887.251906	67
5763	6512	1405.973626	105
5764	4911	3064.700909	99
5765	6711	2729.040712	1.251197002
5766	3440	477.3273587	106
5767	1043	1217.175553	144
5768	422	1765.372029	74
5772	9767	2135.972328	11.02331373
5773	14140	4258.035867	49
5777	12354	3269.883489	21.31433096
5779	11688	1117.729231	120
5781	1976	1132.813992	83
5786	11106	948.4775248	150
5787	1814	2571.335423	75
5793	9128	3502.322999	64
5795	2965	1239.896459	75
5799	13430	1266.655215	106
5800	1373	979.2676649	73
5804	1114	616.1003943	146
5804	4984	715.772626	136
5804	5175	833.9993905	124
5806	13514	260.5748089	238
5808	3118	3112.263473	55
5813	10574	668.2207598	85
5814	3611	695.8456026	85
5820	8357	1352.07433	80
5823	12369	776.9249638	90
5824	5308	4678.100392	10.31991723
5825	4440	1277.587135	93
5830	8347	1159.784171	163
5833	6284	288.1683593	162
5835	1736	1576.874759	146
5837	6756	473.9770222	190
5838	11853	516.7501974	109
5844	1706	517.2285689	135
5844	4772	591.6662713	118
5848	8636	1414.193303	52
5853	8658	760.669584	159
5853	14061	657.0310459	175
5854	7112	915.9771856	64
5855	11812	2665.207707	50
5857	3803	2160.787787	30.2968022
5861	2217	367.5909887	98
5862	3156	1351.668752	56
5864	12847	964.8134014	109
5865	4369	558.2094501	117
5869	13606	906.5407848	153
5871	14359	1306.94575	48
5876	3425	1316.416359	119
5880	7094	780.9421213	98
5882	8593	1068.842349	87
5884	13143	939.1958608	96
5893	3744	922.9522219	85
5894	1677	275.3936961	184
5898	7258	1025.098225	17.10875968
5900	3596	1060.4927	153
5902	8723	1830.302422	140
5903	6839	939.6968938	76
5905	10559	900.5971906	83
5906	12586	3197.599165	18.68098611
5907	1168	376.4081314	111
5908	6682	608.9671581	119
5909	5596	275.5410433	146
5910	3662	693.1438023	163
5914	4967	191.4377431	111
5920	11087	3858.561592	51
5921	2113	295.5520195	99
5924	4717	477.5570848	103
5925	2995	870.963876	67
5928	2760	1252.945883	84
5932	11311	2718.690606	61
5933	3445	714.767778	112
5936	3326	2950.412019	70
5938	9390	2639.504638	38.58293741
5939	13920	1120.047322	36.92365229
5941	7200	1085.996323	82
5943	3199	483.0478919	115
5948	2485	327.5464961	173
5950	1394	363.7323057	97
5957	7259	787.32517	151
5958	6976	1321.358946	99
5965	7562	1842.643847	74
5967	1348	385.9219074	110
5968	418	671.69881	157
5968	7503	851.0702224	135
5968	10074	703.320789	150
5970	11479	893.6517678	105
5971	8340	196.1344991	146
5972	12139	1110.791369	82
5976	12272	1075.057256	98
5977	4725	936.9436279	82
5981	1665	1124.5853	78
5983	10874	557.0238033	122
5989	5537	3218.80396	36.92365229
5991	6976	1315.565528	100
5992	12908	2593.105497	77
5993	8217	4512.453742	34.5675579
5995	13292	217.7500983	108
5997	733	484.4390913	93
5998	4285	589.0894018	83
6005	6537	230.9308287	222
6005	9368	210.14429	228
6013	6453	1664.021233	47
6016	439	374.197792	144
6016	6540	417.401645	139
6016	7269	330.7691792	122
6019	4159	5417.821729	61
6024	11628	1784.068587	44.02173913
6030	13761	887.4731054	149
6032	6617	3157.895721	95
6035	638	2559.584249	56
6036	11637	1809.949102	84
6036	12708	1403.901919	89
6041	9008	533.8850412	142
6042	11226	328.7897798	86
6052	412	699.4564139	69
6053	13294	2040.871674	103
6056	13492	3094.998776	24.31888239
6058	4915	747.2874601	83
6061	4036	1344.311126	34.5675579
6063	9291	934.4611337	85
6065	3172	800.9203733	98
6066	9402	284.7049255	194
6067	9862	1201.0392	90
6070	7218	926.1982499	87
6070	12921	1028.904894	78
6076	5440	1862.067297	50
6085	5499	1790.767601	54
6088	10736	370.6979794	167
6091	9161	253.5065051	164
6095	7872	2820.726063	49
6098	9479	3903.902245	47
6099	5478	5314.812506	73
6099	13687	5407.343303	78
6100	10496	1297.124114	43.0647448
6106	3295	706.4071534	120
6108	2901	3022.904889	96
6110	12055	1255.326869	54
6111	9795	659.7130464	86
6112	4125	1088.251472	83
6115	4189	300.9034783	146
6115	8167	249.02914	145
6115	12914	249.3368089	145
6115	13528	206.968547	122
6119	10974	812.6674335	152
6121	4403	1452.150812	110
6123	4004	313.4697509	113
6124	3193	3071.957353	75
6125	1297	1249.09037	94
6128	11728	1585.167615	62
6132	12319	275.2702583	212
6134	11731	1049.16086	64
6140	10367	603.4155824	139
6142	9096	766.0543806	104
6144	2780	962.873337	48
6145	11757	1011.832825	86
6147	12645	5018.214113	50
6148	5279	980.4993166	49
6150	6553	1975.102994	66
6151	7520	188.0264621	215
6152	13423	759.1768116	74
6157	10219	912.6457649	40.31678793
6160	4748	1368.406522	126
6164	5314	2326.793027	40.31678793
6167	10223	606.4959566	119
6168	46	3551.337394	17.87759777
6169	1553	265.7351666	235
6169	1606	219.5507858	219
6169	11316	238.7697594	219
6172	13543	3329.175646	25.97643606
6174	4321	1229.760251	73
6180	9417	2815.09462	37.7441779
6181	6512	1249.700892	95
6185	5808	1154.229674	90
6186	500	1670.780859	109
6187	12209	251.3196243	191
6192	10883	615.1242916	111
6193	13486	1297.091886	55
6195	4041	732.5914053	104
6199	7469	900.6006401	77
6201	11351	2147.760443	56
6202	13598	1062.990612	151
6203	10071	196.2402192	163
6210	8377	1304.089154	103
6214	1833	1334.33696	76
6217	8748	603.4591401	144
6219	8400	626.1295971	113
6227	8833	2464.414226	22.27216015
6232	434	1903.134453	103
6233	1747	830.9938141	126
6233	14139	697.9593491	124
6234	12842	1673.613707	63
6236	9357	2212.731534	63
6242	1618	1493.712013	29.63817606
6243	12955	1242.266203	58
6244	149	2038.966568	71
6247	8106	250.084924	140
6253	11691	362.5549603	106
6255	8524	926.7604042	93
6256	7395	2534.17545	94
6258	12314	442.9773045	71
6260	9919	1836.946182	154
6261	839	670.958385	113
6262	4651	3519.512453	29.63817606
6263	10677	954.267187	79
6274	4232	1728.32731	90
6278	3269	771.1178639	116
6278	5492	873.0956996	116
6279	1425	297.2018613	106
6280	3961	693.1014919	93
6281	1469	449.8700371	162
6281	5924	375.8466071	168
6281	13622	232.7494139	170
6282	8529	603.0005536	104
6284	13311	2344.838777	58
6285	9045	1125.699066	80
6286	4393	1331.777258	91
6287	3499	217.4263493	212
6288	5454	1625.214228	109
6289	12779	1089.03723	86
6291	13533	615.6982929	153
6294	35	214.6755848	151
6297	9412	1167.777473	36.1209642
6299	11513	655.6519744	71
6302	11144	754.9091506	84
6305	4553	346.4698844	145
6307	7834	1059.741965	45
6317	1545	2586.908945	40.31678793
6322	9031	476.0706341	94
6325	3258	2825.337516	43.0647448
6326	1596	741.503131	110
6327	11947	884.0696752	52
6329	8053	387.1559196	120
6330	1767	2396.639573	33.08095687
6332	13525	1969.920442	42.1285547
6338	12377	893.2380662	68
6343	4627	871.4320548	91
6344	11159	408.4569081	131
6347	1469	453.2982318	162
6347	5924	368.5814598	165
6347	13622	238.08753	160
6349	9342	626.3450996	118
6351	14020	650.3982111	124
6355	8163	1268.706292	94
6355	13967	1193.554995	97
6357	4822	898.8102336	73
6359	13666	250.5329536	186
6361	7559	181.4663747	156
6366	5302	454.9624977	138
6367	6079	1109.360194	145
6368	11130	577.0873134	140
6369	1756	1459.208092	101
6370	4426	2279.526884	100
6375	2362	1914.926093	65
6377	2712	335.8159163	123
6378	10197	1877.581014	76
6380	11226	322.7331708	88
6381	14007	840.7205518	109
6382	3337	2145.505939	54
6383	3339	1017.8568	97
6390	1756	1478.906852	101
6393	9209	290.4259611	88
6398	10443	1461.87742	87
6399	4877	2813.219695	58
6405	3805	880.0887994	88
6413	2008	663.7660833	67
6417	1365	2866.636149	90
6418	423	1838.454128	83
6420	2739	1232.247001	114
6422	4670	272.1103939	161
6425	8192	906.2804043	112
6433	271	881.5099912	123
6434	7225	2078.873597	23.79021103
6436	6107	1645.30716	34.5675579
6438	7693	2866.689024	4.010768026
6439	6993	13756.42921	36.92365229
6448	7167	1212.595338	104
6455	12634	1698.357274	66
6460	270	1836.831001	89
6461	9372	1622.663148	27.1437722
6462	3357	1865.203251	74
6466	9754	1106.938157	62
6468	5399	971.6368336	81
6469	5850	2269.365853	90
6476	8948	1011.175034	63
6480	9751	3349.100736	23.27303253
6481	5591	1098.270202	82
6483	456	1482.380822	59
6483	2932	1336.311396	57
6485	619	1295.140263	108
6485	10382	712.8833289	112
6485	10959	1124.166339	116
6489	9367	770.7984846	100
6491	4647	949.4229424	147
6493	2531	3424.458044	43.0647448
6494	10587	2351.875667	39.44033602
6495	13925	484.6627498	101
6499	12345	2502.942618	55
6501	5855	296.3643743	148
6502	3264	612.7119282	63
6503	7285	749.1651749	33.81608925
6507	149	2041.647434	71
6508	10827	5048.687767	61
6509	2007	374.8136643	167
6511	9815	1514.456246	23.79021103
6512	8647	4632.803212	28.99386789
6526	3954	445.0169568	100
6527	4104	3953.045392	104
6528	11149	2414.610538	57
6535	8534	961.7279296	46
6536	2718	1494.552136	62
6537	8276	1348.747338	50
6538	10315	2538.037045	77
6540	414	771.1555416	72
6546	10431	1415.844039	113
6548	10365	3715.336731	42.1285547
6549	8770	792.2915966	88
6552	4894	856.9404516	66
6554	2775	819.3590521	100
6555	1893	337.199773	184
6557	738	700.6785773	96
6563	14106	334.150734	97
6564	5867	512.5958379	112
6565	2110	1160.65207	56
6567	3881	4146.214781	61
6577	5121	2050.896292	27.1437722
6581	8019	2976.681071	40.31678793
6582	4115	1564.751237	77
6588	797	587.3532954	72
6590	299	959.7832161	72
6591	1012	1208.555281	77
6592	11737	1143.233659	91
6593	5365	490.0989084	135
6600	3494	800.4689104	100
6609	2486	5744.341499	90
6614	1853	868.0697961	94
6620	13168	503.5815714	150
6621	11502	419.5085873	113
6624	5662	3992.329801	74
6627	8772	1024.621436	130
6628	13527	1949.136036	95
6630	5294	515.8332569	147
6634	2228	589.0049952	114
6635	1438	834.4842287	87
6636	5307	1691.97387	61
6638	4018	1260.388475	57
6646	9178	2720.153001	33.08095687
6650	1432	591.7936024	114
6651	4116	186.6246462	187
6653	10507	1605.8941	107
6655	534	325.4435918	94
6656	11253	278.0348715	182
6662	11682	704.3469574	150
6663	13952	217.2194548	91
6664	11263	688.8465978	111
6671	13168	511.465783	145
6672	1751	912.8331427	81
6672	3482	1101.683623	72
6673	10513	781.1422425	119
6674	11833	836.6929674	119
6676	7339	863.3413633	96
6677	13613	1507.496686	41.21271655
6680	9044	904.5869969	73
6680	11066	827.129316	58
6681	6279	1266.064544	55
6682	14360	273.4604833	172
6687	2113	328.6995102	100
6688	3366	278.6148924	129
6689	5270	1472.763685	47
6689	9313	1551.817029	54
6695	1674	3787.190024	67
6698	8031	282.2726499	194
6703	8498	1365.789164	80
6705	8480	2068.500755	55
6713	14082	3111.694807	53
6716	2331	6345.897539	39.44033602
6722	1483	2184.931216	77
6723	12093	1919.90907	120
6730	13231	185.7611537	135
6735	4818	267.0950056	183
6737	2835	223.3865381	111
6741	13509	3306.660179	38.58293741
6744	5307	1679.487452	62
6746	9262	475.4869395	102
6748	10689	2377.324297	71
6751	6966	1863.848445	76
6757	1353	376.9742248	79
6758	11055	1770.817956	70
6759	2069	1376.612161	49
6765	8849	642.7843803	85
6766	8819	462.4161666	116
6767	11450	377.025368	105
6769	714	365.3432271	130
6770	5037	540.5754324	91
6772	7094	776.7735474	105
6776	11920	461.8837234	129
6779	312	2328.039275	64
6787	2395	509.207737	125
6789	14200	5376.444601	25.97643606
6790	2760	1260.45285	84
6791	8819	462.4161666	116
6792	2358	332.358879	121
6795	5555	1068.670391	21.78798276
6797	10813	1125.161939	54
6798	8098	1664.774934	14.35013486
6799	3282	1298.919704	96
6799	9018	1203.347866	98
6799	9496	1438.446824	91
6799	10271	1494.328446	89
6800	6652	471.7474775	129
6812	14300	2849.990979	72
6814	7705	3684.999035	52
6816	8333	1408.54823	110
6819	1527	855.6146845	105
6823	3379	865.3061192	109
6824	4328	4828.2556	17.10875968
6828	6137	2048.691451	80
6831	14130	3113.392915	70
6836	6107	1655.297669	33.08095687
6839	1737	1904.70016	37.7441779
6843	4763	1483.219618	5.107707762
6845	10051	2342.664235	43.0647448
6846	10583	1348.682465	86
6849	10525	223.4941331	254
6855	5643	1574.519044	69
6856	9491	381.1921784	131
6859	5915	912.7479616	138
6859	11983	505.840899	124
6861	16	887.0223994	134
6861	3042	988.4670479	134
6861	4476	809.8430024	165
6861	8327	791.4434811	159
6863	7527	182.6000125	201
6864	8867	1526.004028	55
6865	192	1782.01492	33.08095687
6868	10329	1008.551352	85
6872	8881	1490.910783	146
6873	8129	1894.39845	79
6873	10309	2052.293407	72
6874	11464	794.1943839	139
6875	14131	1675.768776	66
6879	2121	434.9748883	85
6881	972	2431.820647	35.33572585
6883	6967	457.044553	128
6883	7817	645.8712463	113
6888	14384	2085.780296	99
6889	8084	3696.157722	43.0647448
6890	5058	384.6414619	172
6891	8237	1269.108226	69
6892	12056	1795.89558	71
6896	12333	1720.254927	25.41173093
6897	11445	260.660742	92
6898	3620	2492.803607	36.1209642
6900	1464	1020.924125	84
6901	10962	2316.442596	52
6903	5867	523.2555741	122
6905	6967	441.1566443	132
6905	7817	651.2195547	110
6906	14302	535.5618695	129
6912	11681	1469.38765	79
6914	1765	188.9688732	187
6915	2358	343.3967136	113
6916	13205	453.9117339	85
6917	2483	192.8523206	111
6918	9778	1811.685554	55
6925	4884	1090.615935	78
6926	13830	709.9378337	147
6929	9120	2089.594078	82
6931	13067	617.3642784	131
6932	1121	2091.40552	113
6934	9911	1732.168521	83
6935	13128	2223.932987	57
6940	9703	2414.826848	31.65828812
6943	11738	567.454205	122
6945	8129	1953.627581	79
6945	10309	1967.840777	81
6946	13802	4216.715549	42.1285547
6947	9045	1117.166451	78
6949	6490	1844.673731	101
6951	2385	1254.557621	90
6952	4737	1165.015899	23.79021103
6954	3744	943.5933131	83
6957	12965	6212.030532	68
6958	1246	675.9314236	84
6961	6456	2196.147743	59
6969	6755	1539.994662	50
6971	6417	865.6346452	113
6975	6770	796.9099954	116
6977	10736	472.2679459	147
6984	3624	1598.681732	89
6990	4608	204.5006715	204
6994	4585	2122.931692	60
6996	3116	541.3472121	192
6997	4032	547.4845812	82
6998	2462	986.3158557	90
7001	2214	625.2769384	67
7004	3076	2202.309938	56
7008	13960	2111.437088	76
7012	7055	2289.692586	54
7026	11994	11060.93566	98
7028	2779	473.1676286	79
7029	227	1431.65092	44.02173913
7030	6811	1374.397382	64
7037	14016	2484.668134	48
7038	9191	389.3805017	126
7039	13859	1748.270377	65
7041	12672	1210.578991	143
7044	12168	211.1988956	105
7049	2341	2102.965227	78
7051	11342	319.3118065	169
7052	8429	779.8267396	95
7054	8129	1970.282076	75
7054	10309	1966.402095	79
7061	10178	814.5385645	86
7066	12620	2190.330189	33.81608925
7067	3448	3177.308357	31.65828812
7068	13343	1545.750384	144
7070	941	1961.573835	81
7072	4748	1379.288407	125
7074	2505	1980.449116	23.79021103
7077	3661	181.7979636	241
7081	11213	1483.47476	99
7086	6967	481.3359965	106
7086	7817	663.095143	108
7092	4970	2136.905256	88
7096	7005	1336.365515	24.31888239
7099	6074	1722.674414	63
7105	11798	845.8423924	148
7108	13054	443.7793362	75
7111	9228	1121.567957	89
7112	9002	203.0855753	204
7114	9735	502.4993454	112
7115	2560	186.290245	260
7116	2359	1066.867057	93
7117	3795	787.6143982	114
7118	4737	1165.015899	23.79021103
7121	12556	2783.483568	35.33572585
7122	241	1740.651698	54
7125	6062	272.5562549	115
7126	7844	621.4062462	89
7127	9128	3490.178424	61
7135	14085	367.1153786	156
7136	12362	348.7196086	114
7139	4176	4033.263633	44.02173913
7142	10222	1159.832888	59
7143	5399	959.5333519	82
7146	5604	1571.046905	99
7147	9035	1232.170213	87
7153	6381	2245.453319	77
7156	9556	2702.111456	38.58293741
7159	2413	3490.964487	38.58293741
7160	10936	1042.681167	50
7161	9834	4996.936131	61
7163	1469	450.8138911	160
7163	5924	389.7872402	164
7163	13622	262.9387308	156
7164	10380	373.4315171	152
7169	2027	1460.24103	133
7171	8392	392.4554554	109
7172	1246	655.1104665	85
7173	4097	381.5500848	123
7174	4046	1100.969463	27.74696714
7176	3955	787.787724	73
7178	13990	2222.361108	67
7181	3821	2371.090759	49
7182	10	2460.489451	70
7185	258	1328.948611	58
7187	6704	557.3549931	93
7194	12880	237.329957	209
7201	10850	1081.586433	91
7202	6319	418.7915447	128
7203	2627	2765.289153	69
7206	3282	1435.885047	88
7206	9018	1296.382848	94
7206	9496	1655.438347	78
7206	10271	1673.749825	82
7214	3159	2731.520404	64
7215	6182	205.6606497	180
7220	7795	1116.241308	37.7441779
7222	4297	919.8482695	136
7226	9630	2100.609632	75
7227	5399	943.0686621	74
7228	14194	723.1529746	92
7229	4306	1862.123659	96
7231	3790	1919.094822	148
7232	11801	839.0955359	139
7236	6008	278.6703766	134
7238	11996	569.5271661	102
7239	5308	4709.185361	10.0955712
7245	12223	1341.463397	118
7246	3308	203.8507741	161
7258	13483	465.9563272	77
7259	6072	457.7481433	156
7259	11347	428.3688514	172
7263	8567	1682.360729	134
7270	3453	1896.279712	96
7271	8476	336.6046836	153
7272	337	978.3472859	129
7272	6862	1065.27993	121
7272	12484	957.2612485	125
7273	4531	1454.441428	95
7273	10270	1150.084272	110
7277	11388	1014.951583	104
7278	1897	963.7286816	45
7280	4541	1154.711093	87
7284	1395	3458.145289	26.5536902
7285	12214	2359.21079	36.1209642
7287	12945	1386.962442	77
7289	10696	854.2304498	141
7290	9312	1523.966509	69
7295	11319	612.4669667	165
7296	9096	769.4402802	103
7297	8392	232.7026071	135
7298	12456	293.2912064	134
7299	5582	337.5927619	133
7301	9597	495.5385511	90
7304	1621	964.7247612	60
7307	4268	3041.564129	76
7308	368	2154.249407	78
7310	8743	991.5479471	59
7311	6318	261.8217491	112
7315	795	574.4083156	65
7316	7405	618.4081068	127
7318	9448	1140.668268	32.36180563
7320	13922	1999.858346	86
7324	13927	1852.607623	33.08095687
7327	3657	1020.403543	16.73683012
7328	6556	1161.975098	79
7329	1647	1823.770675	76
7329	4417	1849.385235	77
7330	9328	1170.796227	153
7332	9157	2057.517318	120
7334	2443	706.8815445	133
7336	4264	371.3202765	243
7336	7606	446.8988794	230
7338	8303	2030.845638	48
7339	6986	349.8488778	147
7340	4698	3691.137788	66
7341	97	1529.511063	46
7346	9417	2815.09462	37.7441779
7351	14150	1583.117226	112
7353	7949	1249.685406	57
7354	6164	498.1683514	105
7358	3954	437.5868985	102
7359	5336	247.5608507	155
7363	5803	269.1512373	136
