3	17858	622.1946395	83
11	17278	689.362323	75
11	18358	573.3581746	70
11	22663	681.6986793	76
13	21825	396.8111578	171
46	11162	357.7399351	120
49	20112	235.9343165	138
49	20502	236.7697781	137
55	6479	608.1607096	119
72	27107	236.9038372	208
79	1614	1965.408503	85
79	4084	1536.706568	82
79	6983	1792.157849	86
79	7759	2031.494825	82
79	9199	1970.607116	82
79	11109	1898.882088	83
79	11879	1962.226028	84
79	26603	1938.709321	84
87	25376	1572.147776	95
92	2665	450.3764689	147
92	2882	391.948881	162
92	18377	437.2394922	153
92	23648	417.1316099	157
97	11075	368.0701022	142
97	24791	388.1325668	140
116	22971	239.0720048	159
120	21816	212.7366726	164
124	25961	214.2457378	162
126	24451	1668.525917	69
128	9446	213.9191831	141
135	6145	182.2100045	186
148	8383	3591.854847	82
148	10685	3570.887072	81
153	20740	1107.685345	104
165	20463	201.3640982	147
165	26620	203.8049597	156
167	24692	774.9824054	121
167	28003	787.2739934	121
172	11678	250.8971059	262
187	16668	1051.051672	84
187	19245	1123.081744	84
189	24414	229.1127949	218
194	23390	828.6023351	91
196	6252	871.4210693	87
212	20012	187.3171706	176
213	3728	784.997294	122
219	12484	434.050694	96
228	1418	2046.728576	71
228	2003	2006.709457	71
228	6515	2054.527226	71
228	11133	2107.289971	68
228	13774	2242.489841	66
228	15881	2233.464292	66
228	24465	2043.263668	68
239	16255	2379.011613	63
241	9017	2410.06911	46
241	9802	2410.06911	46
241	14987	2410.06911	46
247	13644	679.5746779	152
255	6351	359.400172	105
258	2978	212.3112665	149
282	3272	881.7899637	136
289	162	470.9726228	131
289	3684	417.3780165	147
289	9443	414.9013128	143
289	9567	416.7572323	141
289	17672	377.9261703	162
289	21771	386.8297501	138
290	14247	514.2710602	90
299	24587	884.2869271	128
309	24050	312.5980286	123
309	24944	301.2551382	122
311	1069	654.9289904	136
311	2563	665.400531	133
311	2731	724.5598044	128
311	7922	669.7417199	128
313	457	553.2310389	88
313	525	594.1545102	82
313	14133	524.581346	91
313	16687	564.9875033	81
313	19940	609.4295855	74
313	27661	577.1171306	80
329	8851	1153.919545	74
330	10576	401.044972	146
336	5785	631.8589306	141
336	17251	837.6668884	133
337	21054	3445.613766	57
343	8310	260.6513895	143
347	16333	1406.140557	93
361	10016	467.4313139	301
362	15191	1244.502398	89
366	15740	1870.455061	80
366	26012	1723.434056	90
368	3777	246.8751357	118
385	3521	2255.227235	23.79021103
385	4887	2282.397064	23.27303253
386	68	737.0030663	96
386	2650	638.6695562	108
386	17829	676.411722	104
386	20777	658.452472	107
386	25308	638.7559246	107
393	12269	913.8081985	104
393	18561	800.4803294	118
393	25036	803.182981	116
405	13279	2320.805592	73
408	16208	1316.777294	79
413	27503	1134.615895	84
418	14801	245.0386293	121
432	7098	2173.124208	66
448	7244	449.5180117	162
459	4953	753.0911696	123
459	10556	776.994332	118
462	10862	3093.275109	46
462	17499	3172.155681	45
470	21518	2029.641333	98
474	981	241.6045488	180
474	5890	238.7444999	176
474	17654	241.6045488	180
477	17267	305.2585015	114
477	23220	249.3561521	123
483	19633	547.5762068	109
486	14255	293.4591601	151
493	9479	3549.362141	38.58293741
497	22112	563.2941081	134
506	3844	617.2216346	99
510	9168	507.2040191	115
510	26314	607.8249645	111
512	2562	1411.928102	92
522	4698	181.771591	170
528	9126	1358.090289	86
528	23784	1223.115241	90
537	2453	602.6511134	71
537	2865	613.9988305	65
537	12081	571.1797208	77
542	13279	2382.904968	72
547	13406	642.7966801	178
547	21325	509.1397913	175
558	4567	546.780526	132
558	5198	626.7764488	130
558	7650	523.466074	137
558	10965	556.4651887	132
558	17974	522.7900419	145
564	457	579.4179738	83
564	525	583.8419257	82
564	14133	550.7577766	78
564	16687	562.8306162	75
564	19940	601.184449	75
564	27661	564.2438945	78
578	18401	279.2538072	168
578	19776	283.651839	158
578	20396	262.5614834	165
579	465	368.1915683	74
579	12884	382.4557753	72
583	9951	2165.802836	58
583	27719	2217.45063	61
585	6940	353.9710993	135
596	23936	232.350117	167
598	2400	2896.822814	98
598	3531	3400.998218	97
601	12010	195.0733728	144
602	15321	201.9258108	165
602	17721	219.8823813	160
607	11338	2322.283945	68
607	17342	2861.498843	71
612	6454	190.1784151	132
617	4822	3148.422966	68
617	11962	3222.06252	68
617	17860	4301.91133	51
617	19965	4170.970716	55
617	24735	3588.810831	67
619	10142	521.4326716	111
627	4552	227.8639773	190
635	3759	1619.502279	56
635	24033	1616.098882	55
636	21639	3016.873214	87
646	6740	1218.689608	120
646	26177	1286.386459	116
650	13330	601.2668073	87
650	22925	446.727654	104
664	12316	891.778004	106
666	5058	613.8818688	107
668	22586	1376.19749	57
673	21127	406.214694	150
678	6195	1596.758589	74
695	17473	199.684863	194
699	12548	217.9677581	197
709	17909	699.9707143	154
727	4039	759.4130069	117
727	8328	749.2422532	117
727	9304	817.7347937	106
727	26877	782.3499902	115
733	7105	619.9561001	124
733	8334	619.9561001	124
733	20193	661.4724046	120
738	54	861.9601994	94
738	2356	657.6808468	88
738	4772	937.6051243	88
750	19361	186.5685828	129
753	22937	1368.007014	76
758	981	353.7396852	154
758	5890	271.9287502	194
758	17654	353.7396852	154
760	4809	1429.420529	60
760	7888	1408.057415	65
760	20545	1434.327496	61
760	22102	1451.645646	64
760	24169	1130.19506	58
760	24677	1403.110398	63
761	17287	233.2163348	172
768	4392	502.7088379	88
768	14109	557.8955094	90
771	2918	2680.253696	45
772	16521	908.1789045	59
777	9814	285.4114507	130
777	20365	295.4781058	127
777	20747	268.7014785	136
786	24859	752.7228834	49
795	22990	1630.067664	96
799	24050	201.5799247	151
799	24944	193.706783	152
802	6144	2405.188559	49
802	11297	2336.569071	49
806	2277	384.5620147	191
808	6390	284.25381	155
808	7143	273.4929264	155
816	27454	902.5723506	102
818	17234	1353.379247	99
830	27157	386.2317722	147
832	22133	326.8095566	151
841	25723	2237.151037	87
841	26203	2186.311743	89
851	13610	745.2291551	97
861	12077	1131.162873	73
862	15596	668.5641036	114
864	13279	2502.405939	65
871	21460	536.7339672	119
895	130	318.8536624	102
896	12298	1928.18781	90
896	17377	1864.341138	84
915	4475	207.7589171	177
920	333	1005.970416	88
920	20268	1086.085624	90
920	23612	1079.970677	90
923	27707	857.72204	115
938	27942	423.7679651	119
941	26710	385.1633109	126
942	2521	1509.873719	81
942	22265	1458.507398	86
942	24392	1512.915454	82
943	2947	1133.295557	77
943	17121	1168.244151	74
944	10450	813.962771	107
951	1216	2230.032403	78
956	17567	567.388618	104
958	23187	184.3571126	226
966	2665	475.2864152	162
966	2882	487.653575	152
966	18377	549.8326281	143
966	23648	540.2686994	147
993	24413	703.2098321	83
993	27233	727.2570104	85
998	22070	218.0006296	153
998	23279	182.0009387	184
1002	15538	406.9273106	124
1005	2686	326.0682899	168
1005	15926	418.1175566	148
1005	18857	437.1240951	141
1005	25814	394.1377206	152
1011	2528	730.7892302	111
1019	18970	1890.531213	53
1019	21353	1811.025866	56
1042	16283	1128.327842	113
1047	23415	672.8464346	110
1057	11509	379.7356061	167
1061	6471	413.3330143	165
1084	22108	997.6115076	100
1090	21403	1012.051675	118
1094	18105	2151.780482	121
1097	8907	959.6988681	93
1111	1078	1265.684757	91
1111	4865	1177.762953	93
1111	4903	1273.691734	90
1111	12682	1172.069821	96
1111	15518	1171.522736	96
1111	24505	1198.305153	95
1114	26734	1562.888849	84
1117	19536	357.2855373	125
1136	19751	1278.330524	83
1140	15291	512.9366626	105
1148	14658	314.7314549	126
1154	135	892.2009595	138
1160	10737	631.4229732	107
1160	11762	735.3326698	95
1160	23953	663.4536516	105
1167	21916	2761.172046	63
1177	6384	539.6498318	129
1177	8119	550.6723277	128
1177	22303	550.6723277	128
1178	18401	383.4938622	156
1178	19776	315.9576379	143
1178	20396	350.9885004	154
1179	8557	340.4979954	157
1179	14187	340.4979954	157
1179	17634	345.7822478	158
1187	5702	1053.208326	89
1188	26181	996.7109551	117
1193	4147	1441.545223	79
1195	15724	343.2164708	112
1199	2686	220.447182	170
1199	15926	366.7775093	167
1199	18857	349.6360917	164
1199	25814	384.0991587	166
1201	18401	368.5272418	163
1201	19776	296.8344252	155
1201	20396	339.2717867	157
1212	8557	377.0474589	146
1212	14187	377.0474589	146
1212	17634	407.2319098	145
1214	22004	1019.718431	94
1222	3637	365.3587603	148
1222	9300	418.3828496	149
1222	23662	419.8810322	148
1225	8940	921.1001116	91
1225	10404	920.5672346	91
1238	2161	1072.534217	74
1238	16490	1075.543082	82
1238	24415	1032.027739	83
1254	6896	926.2581668	76
1254	11192	1145.740754	76
1254	19434	1147.154513	76
1254	22897	1061.868088	80
1258	16299	726.2804397	101
1267	23730	696.9583276	101
1275	312	309.7017788	153
1275	1557	304.9973068	160
1275	6613	248.9181082	164
1275	11919	305.7323842	156
1275	15341	320.6628476	160
1275	20414	274.5058002	161
1275	24168	296.8664695	165
1282	17903	309.8875047	134
1282	22855	330.7202793	124
1285	17196	1410.598853	80
1298	9005	1073.538402	87
1298	23660	1099.285646	85
1300	12605	319.9174924	71
1300	23998	337.8947609	68
1303	22133	301.6249918	154
1325	6407	802.0415596	105
1330	25498	256.5730057	116
1330	25757	256.902736	115
1332	15025	190.0580019	203
1336	21975	341.5053828	172
1344	6242	337.41717	165
1357	25835	844.864549	68
1364	7030	1027.101574	85
1374	24050	336.3364929	121
1374	24944	337.177747	131
1395	7674	1666.055027	84
1395	21590	1653.751526	84
1395	23233	1459.537866	87
1399	24524	604.2784285	91
1409	1418	2089.648991	68
1409	2003	2010.453866	71
1409	6515	2065.249421	69
1409	11133	2181.882814	65
1409	13774	2119.382351	70
1409	15881	2156.814211	70
1409	24465	2097.368396	66
1423	25478	789.7695493	132
1426	13587	1683.316809	83
1437	1999	1645.000052	126
1437	5502	1525.31571	123
1437	26944	1618.627029	122
1439	3688	205.9085564	164
1439	12182	192.3236075	168
1439	21642	192.8714249	167
1459	15782	1057.546109	101
1464	7200	285.331924	144
1464	7510	284.9695095	141
1464	8433	236.9962669	149
1464	26420	228.4625405	156
1464	27211	284.9695095	141
1464	27779	228.4625405	156
1468	6542	977.015582	109
1468	15176	959.6282246	104
1469	6914	1186.081122	109
1471	11407	279.649248	123
1471	23066	232.2956177	132
1483	4812	1429.247654	104
1483	12624	1432.780793	104
1486	9507	1124.229474	112
1486	10782	1082.438882	113
1486	25215	1104.270357	113
1488	22990	1669.279271	91
1495	27123	730.5998888	90
1496	15750	883.5311751	115
1496	17410	877.5913412	113
1496	19398	780.2062564	114
1496	21015	773.7747752	116
1496	21633	890.8757422	110
1496	25480	864.2058366	116
1496	27240	846.5448784	111
1498	17780	500.4040768	71
1498	23228	531.3665372	69
1498	27323	458.9314714	80
1503	15134	2070.816883	88
1504	17640	843.3743681	99
1505	2512	571.7031488	124
1513	12112	273.507372	86
1529	11553	721.7786383	95
1534	23323	1595.780452	82
1534	23681	1603.83843	81
1535	6407	1125.028666	94
1538	26678	507.9882749	109
1539	19695	662.0943203	108
1574	8550	890.0435121	123
1574	22239	889.5816949	123
1584	6633	322.9261993	147
1584	18208	412.2406266	127
1585	13769	1836.384415	64
1586	17222	2072.645588	94
1586	26504	2017.656634	93
1591	5954	546.1958969	153
1591	13191	554.8273772	152
1591	19132	471.5937008	159
1591	23009	265.2471859	172
1597	2270	1163.592364	99
1597	12885	1139.66293	104
1597	23178	1141.120603	100
1600	22285	761.9642902	80
1601	28008	181.1008813	173
1603	25897	498.9093058	126
1611	13674	297.3096477	158
1643	9909	1360.572733	91
1645	2434	228.7984667	132
1646	16114	2274.275243	81
1646	20936	2274.275243	81
1657	633	872.1877962	82
1672	2400	2718.400373	103
1672	3531	3160.232377	104
1678	15201	1036.491048	84
1678	27375	916.8735599	93
1684	23672	881.8197945	108
1684	25905	872.6660953	108
1692	10157	1610.122511	68
1692	19140	1645.267322	69
1693	7055	391.2700452	151
1695	2465	185.8412331	223
1695	24897	184.8977536	210
1697	17106	827.4291222	112
1697	23361	895.9304747	113
1707	28004	506.3531965	138
1709	26774	1909.565771	69
1723	11469	2048.01083	73
1727	12785	212.1784096	118
1727	21161	200.0660613	124
1734	1533	367.5694875	136
1739	1391	181.7911038	181
1743	3027	554.3000229	111
1747	5864	761.1301147	107
1750	2474	272.5921156	139
1764	27331	645.1146822	138
1765	401	2238.454613	73
1788	312	324.9951603	153
1788	1557	301.2067111	173
1788	6613	273.6108986	157
1788	11919	311.7552214	156
1788	15341	344.8938117	159
1788	20414	245.1440786	178
1788	24168	305.9179186	172
1797	1391	230.3064424	165
1800	2988	597.4767171	121
1803	15935	951.7832793	60
1805	18702	463.2343832	146
1806	12886	1368.663487	103
1808	4165	2418.926627	95
1808	10580	2425.373822	95
1815	16021	182.4447568	155
1822	8874	962.2343752	104
1825	3483	544.8655826	154
1825	11804	518.7801847	156
1825	12436	589.7498355	129
1825	16051	653.3883371	145
1825	27920	515.2893513	154
1827	51	830.3164467	105
1827	1842	849.1900088	104
1827	7958	841.8095417	105
1827	9813	843.3518925	105
1827	13967	826.2935518	106
1827	19228	796.5117401	108
1832	8912	744.7724417	88
1833	6263	280.0893764	147
1833	22995	232.3850124	148
1842	4440	500.7554657	60
1842	14910	500.7554657	60
1856	6511	304.7520074	219
1863	13292	961.5466697	74
1873	10424	2397.648065	55
1873	15295	2194.412797	53
1873	15656	2389.855724	55
1873	16167	2181.322862	57
1876	8311	2202.785406	65
1876	21612	2152.42036	67
1876	27953	1555.77931	70
1887	19695	563.4378218	107
1901	16797	2774.857166	76
1904	1681	1559.458589	54
1904	7208	1497.664946	57
1904	8505	1661.681928	52
1904	11722	1708.806378	48
1904	26270	1664.657595	49
1905	4681	1787.056634	83
1914	20975	900.0056508	107
1915	10311	1038.44559	94
1915	24932	1040.582307	94
1917	7917	343.7812513	129
1917	16415	339.4695012	131
1922	8759	1515.107081	60
1922	20671	1422.972863	65
1922	23761	1476.71027	62
1923	6063	1332.848247	97
1923	10931	1227.26901	90
1923	15273	1285.069026	93
1927	2460	816.3725058	112
1927	12030	664.5924847	132
1927	14277	753.812109	122
1927	14502	742.0387943	118
1927	17208	546.6837008	130
1927	22447	693.000706	130
1931	18571	2513.140591	74
1932	3480	1416.532318	68
1932	8420	1454.928472	64
1932	15905	1385.698969	67
1937	15311	429.8768091	82
1939	2676	1334.429917	100
1939	4334	1052.689182	116
1939	7673	1025.304576	122
1939	13948	1018.087318	122
1939	27712	1361.629203	100
1977	20888	547.8501005	121
1979	8362	210.8793298	153
1984	16686	460.4836441	147
1996	17960	285.1921354	158
2000	8400	699.8574356	118
2000	18259	743.7516953	114
2005	12107	807.2625721	126
2028	18962	1207.592443	55
2035	20011	553.9825171	98
2045	1970	2314.159601	67
2046	6995	2809.042963	51
2048	18401	341.803789	161
2048	19776	287.6906439	150
2048	20396	309.275057	161
2062	5435	424.8475644	132
2062	18655	429.780349	121
2065	2521	1506.846672	82
2065	22265	1496.75607	82
2065	24392	1476.220549	82
2071	1851	966.4213817	110
2071	3249	859.642002	119
2071	4517	1017.244292	115
2071	6852	858.3279724	122
2071	7015	995.1907157	116
2071	10690	964.9886397	116
2071	12925	835.4326321	124
2071	16824	846.5048727	119
2071	19316	934.2099693	112
2071	22873	934.6871815	113
2071	25341	1059.927539	108
2074	3749	716.5908517	130
2082	315	249.9165072	141
2101	8426	416.299822	193
2101	25689	418.5611229	192
2102	17374	1323.553101	79
2102	21589	1345.765572	79
2105	1857	1956.395583	78
2108	17555	954.5965017	85
2108	24515	1142.466628	79
2109	25084	898.0606166	128
2124	5	1383.862989	67
2132	12897	216.0401292	138
2136	12756	635.892333	82
2147	18163	743.4539748	127
2151	13696	258.4614923	131
2151	17710	373.1650544	129
2151	23516	373.1650544	129
2151	26427	222.0180321	143
2154	12849	728.3597701	56
2158	11294	305.0351093	133
2158	16056	318.012953	131
2158	27061	321.5546108	130
2161	12141	954.932717	79
2181	4523	417.2330706	124
2181	6076	392.9590909	129
2181	24667	400.7238759	122
2181	25706	445.7004769	129
2182	15334	837.0761365	141
2186	10360	223.2699969	174
2194	1968	567.8333281	112
2203	8271	1187.146675	82
2207	12020	1528.451188	54
2207	15395	1467.764996	60
2207	27330	1559.548648	52
2211	20195	633.5521877	83
2215	2683	1514.24815	88
2215	20514	1414.953742	95
2231	13169	359.1468868	152
2231	14535	410.5676305	162
2231	22024	398.8005494	160
2232	25366	775.6624993	92
2235	1962	735.6377081	85
2237	18744	665.6335608	114
2241	7633	300.9262846	97
2250	1899	2159.409617	85
2265	5863	1991.755635	55
2265	22514	1977.590057	55
2278	13356	1024.703432	98
2287	3174	1051.896223	90
2287	15108	1041.107432	92
2287	18041	761.4827646	88
2287	19614	943.6417697	95
2287	24060	980.5659652	91
2294	26096	629.0097395	100
2306	17161	1148.550921	109
2308	7696	423.7650701	111
2312	21669	503.0900851	118
2326	26560	421.9376518	117
2342	10084	892.1559813	95
2342	20413	892.1559813	95
2344	9506	2638.754887	83
2347	8430	459.9488814	124
2357	25084	764.8234598	137
2370	22087	400.1172537	139
2375	23341	194.1058397	161
2386	22642	560.2184228	109
2388	9099	207.0345735	181
2393	13229	685.4695253	91
2397	27526	201.7212894	198
2401	7499	406.4212084	156
2401	15961	443.7413327	147
2403	12258	610.6022122	125
2403	23080	539.0666946	114
2406	10342	1889.143507	67
2406	14713	1928.476629	66
2414	25085	267.5537831	137
2418	18605	358.7718907	120
2431	2644	733.4082789	64
2433	15596	861.5650122	110
2442	23961	347.700492	115
2453	11037	456.6958674	134
2459	15011	668.9657794	155
2463	3483	884.2344119	119
2463	11804	954.2413831	119
2463	12436	847.8090628	120
2463	16051	872.6025328	130
2463	27920	929.3517649	125
2498	27368	1265.179675	72
2501	427	479.9857637	114
2507	12706	384.5681866	103
2508	20410	1159.055126	77
2510	4822	3181.35263	70
2510	11962	3251.096375	68
2510	17860	3252.104933	67
2510	19965	3122.981646	55
2510	24735	2927.745596	56
2515	17310	1369.463737	98
2516	6038	401.6011511	109
2516	11921	436.0893993	118
2522	15261	1574.027142	70
2525	19597	279.8128904	116
2530	6470	1521.785793	75
2533	17946	1621.594824	45
2553	1046	790.1888798	72
2553	5973	805.5937561	71
2553	15939	749.6424861	73
2553	26301	805.7314715	71
2561	2512	697.2352042	111
2566	4822	3842.583441	58
2566	11962	3835.784507	59
2566	17860	2955.202107	59
2566	19965	2900.046617	61
2566	24735	2694.655254	59
2585	10353	1147.62794	111
2604	1018	557.6996474	103
2604	3386	704.2601294	104
2617	377	395.68039	120
2617	18883	394.6180764	109
2620	23774	913.6385843	78
2625	7649	1327.001426	91
2629	21669	651.124706	130
2634	15806	220.8293519	152
2652	17330	352.2355953	155
2676	5512	266.0289402	164
2686	5914	198.2309547	345
2686	21902	188.5955339	324
2691	26623	904.9386635	63
2697	3902	1695.604092	70
2703	10884	1085.247902	87
2703	13660	1097.111828	86
2703	19541	950.5550482	95
2707	3476	243.5377147	161
2712	22669	914.7116516	97
2713	10615	194.2964447	153
2714	12169	1695.638117	102
2716	6705	709.9848343	79
2717	16754	669.4224087	34.5675579
2732	13767	593.8597317	127
2742	9126	1379.881467	85
2742	23784	1340.779902	81
2746	14908	667.1204873	119
2756	23156	1086.74181	99
2772	8884	951.1767519	128
2772	15894	951.1767519	128
2777	20716	429.9575322	119
2786	2460	711.1183728	122
2786	12030	674.8503267	125
2786	14277	670.9767978	125
2786	14502	666.6625235	118
2786	17208	524.8068826	124
2786	22447	675.2573396	124
2789	18658	744.7534094	84
2789	25262	674.7437252	95
2807	8101	459.7995483	98
2807	9939	531.1787284	100
2807	16279	611.9761036	97
2807	22281	540.4989128	108
2815	22462	303.4724227	92
2815	22577	257.8234704	106
2844	162	746.497308	110
2844	3684	636.3783507	126
2844	9443	574.2205454	127
2844	9567	618.0462109	122
2844	17672	638.7223537	124
2844	21771	642.3640299	118
2848	774	785.8498941	121
2871	17261	2486.67193	39.44033602
2871	17470	2655.464075	36.92365229
2880	10699	181.1919139	183
2884	16209	785.0079907	93
2884	19289	776.3317956	95
2886	13622	930.2544526	108
2894	14214	989.8741418	80
2897	1547	1297.81365	107
2897	24927	1439.790603	103
2901	16800	1940.320191	57
2901	24210	1966.204356	55
2901	25333	1954.602239	56
2908	14627	603.2872729	114
2928	7573	1353.937067	78
2928	14943	1228.462046	83
2928	24184	1275.307553	82
2935	5165	432.7802805	123
2936	10427	1348.245171	101
2936	12105	1254.851215	108
2939	174	1465.812668	72
2942	25258	914.7846843	104
2965	18597	181.2637614	179
2965	21506	181.5755909	181
2986	13234	300.6485548	129
2987	2933	1350.462648	107
2987	3446	1303.734917	105
2987	3981	1346.142098	100
2987	9970	1317.987545	99
2987	27202	1361.10569	108
2996	22349	473.4345945	104
2999	19506	959.8628801	83
2999	20625	930.6067735	75
3005	4450	2111.690727	62
3005	9637	2129.966703	59
3008	20872	773.423635	122
3014	18744	694.1310124	120
3037	18724	188.1713547	166
3046	2006	1002.758775	124
3048	12591	279.025582	89
3065	24050	221.9466184	108
3065	24944	195.4622109	153
3066	14422	314.5281251	113
3066	15578	292.9617148	119
3070	5336	317.9615798	152
3070	24584	464.0663502	128
3075	15724	322.5398468	119
3083	9005	907.4710115	101
3083	23660	914.7056634	97
3094	3569	503.0912425	106
3103	1373	462.2830298	87
3103	27342	469.0447068	86
3123	13110	278.8851795	144
3124	16865	328.4455561	133
3124	18638	359.2701372	127
3124	27140	364.7875761	133
3125	27844	263.8831521	126
3130	5941	199.2972261	255
3130	12693	186.5318335	237
3130	12871	203.8946613	238
3130	14722	204.6444545	253
3137	14635	1445.152467	64
3137	14735	1414.074995	61
3139	10618	182.5734187	156
3139	14870	244.3932943	131
3139	15136	219.0015253	145
3139	23134	189.7147918	150
3139	23179	221.8768698	147
3139	24565	186.4875373	158
3151	2621	799.1118859	105
3151	15752	799.8727111	103
3152	1120	193.4681474	191
3152	13043	187.6963984	202
3152	16811	202.136996	183
3179	12222	1291.171997	102
3179	24561	1169.450939	95
3179	28105	1191.505411	99
3180	3483	838.0713257	128
3180	11804	791.9646311	134
3180	12436	735.9975445	120
3180	16051	898.0668473	133
3180	27920	795.795316	135
3184	2055	463.4577276	113
3184	2765	461.4830793	108
3184	9647	463.1024074	112
3184	21203	431.4331946	115
3184	25180	464.4516118	110
3213	13267	1506.76083	84
3216	7983	186.8122849	202
3218	6030	444.1889479	124
3226	13556	989.4790241	115
3226	15556	989.4790241	115
3228	5077	1580.700044	60
3228	9349	1513.789867	59
3232	25435	820.1161746	65
3239	6273	513.0208479	67
3244	6896	1189.607404	61
3244	11192	1258.841524	72
3244	19434	1291.623149	70
3244	22897	1215.963031	73
3246	15571	1427.738968	84
3249	22493	1077.358061	87
3250	4081	442.1634394	115
3252	14499	1102.478093	88
3253	24729	1100.45201	118
3254	24757	445.9335077	88
3261	26917	951.0015564	96
3263	1921	480.828143	142
3267	7502	185.8310443	274
3270	4546	1326.465485	68
3270	16835	1302.806996	72
3278	13039	761.0062138	90
3281	3290	283.5295775	198
3281	12390	253.4313391	189
3281	27659	283.1611047	198
3294	5249	190.364401	192
3309	20012	280.6185734	168
3310	17960	232.2547849	164
3314	8289	334.4300979	143
3318	12269	855.8979007	101
3318	18561	699.0785763	118
3318	25036	674.5682574	120
3322	18097	857.956213	127
3327	18386	587.0502405	187
3342	20790	2076.790035	66
3343	9041	255.8296786	153
3344	1429	302.6779113	102
3344	2536	330.9838512	101
3344	9075	319.8455208	107
3344	13073	302.6779113	102
3350	1225	2125.562152	63
3350	17574	1822.346999	61
3353	17749	863.7227344	66
3385	27454	1182.491553	97
3415	22791	257.3855745	94
3428	10624	5322.525128	55
3429	25486	185.0986674	326
3432	8645	211.1001642	119
3439	3924	865.0717585	90
3444	961	481.5197809	143
3444	3951	384.3317509	152
3445	814	1429.04507	69
3448	4941	464.6024358	119
3448	5446	464.1612458	120
3448	10128	483.2927924	116
3448	20779	467.6198682	127
3448	22541	467.3358398	126
3448	26897	480.5597318	116
3449	7680	5037.221669	81
3449	15925	4998.907293	81
3449	16234	4865.65408	86
3450	20070	727.7796765	121
3450	22914	690.8275041	121
3450	23147	756.321566	116
3458	12875	183.63001	187
3459	13226	630.2366661	71
3461	3590	234.1389795	139
3462	5685	305.0644877	172
3462	14114	291.5100677	173
3462	17975	316.3736161	151
3475	17509	736.5718467	85
3475	19813	616.1838363	91
3475	26452	712.8824154	86
3493	6749	455.8187898	122
3506	24050	356.337419	108
3506	24944	290.4047756	120
3519	1113	598.0588331	108
3519	3166	583.8778225	110
3533	920	672.0696582	140
3533	9791	672.0696582	140
3533	22720	674.4228219	132
3541	4220	3340.899703	48
3549	22061	1789.734812	100
3552	3218	4266.343574	55
3552	12327	4176.015409	58
3552	18441	4257.710694	57
3553	1376	986.5539534	76
3553	18304	983.5113942	76
3559	2676	1279.902661	103
3559	4334	1295.935846	104
3559	7673	1348.827327	102
3559	13948	1315.95301	102
3559	27712	1301.713139	103
3570	25808	1077.542998	62
3575	8252	660.11693	106
3575	14684	591.0357282	110
3575	20569	576.7720222	106
3596	4432	518.950769	108
3596	24586	618.5463888	107
3598	21254	2044.82218	73
3609	22462	301.3909725	84
3609	22577	252.3250953	96
3620	4127	569.5951207	84
3620	10962	625.2260512	70
3620	17684	581.5423991	79
3623	5435	454.5264042	129
3623	18655	403.2183846	127
3630	27745	1711.846858	72
3633	3971	182.9875101	192
3642	21701	369.6795761	160
3656	14581	803.3561594	83
3658	7221	473.9812737	144
3658	27444	452.800581	147
3664	12096	294.7939695	114
3667	24925	1411.69478	99
3670	845	527.4441604	58
3673	4246	344.7130719	96
3673	6581	419.2573486	79
3711	4304	762.4742739	74
3711	8862	780.5587892	73
3736	9042	1004.269381	106
3742	3452	623.0122961	92
3742	4968	628.9823802	89
3742	7603	664.3226879	84
3742	10251	657.4777511	86
3742	21607	608.7397599	91
3744	18006	798.5295437	105
3745	12848	552.2523612	112
3748	861	282.0138501	105
3748	2083	282.2583652	105
3748	6003	291.5179047	96
3748	16699	294.5536752	103
3748	20221	201.5445344	119
3748	23813	305.7910012	102
3753	7055	526.9831837	138
3756	5534	1495.005668	50
3756	12405	1497.295211	50
3757	2988	708.8537562	121
3769	25406	477.6663251	123
3770	10278	862.0186284	137
3770	11101	878.3463018	135
3776	12246	762.300361	121
3776	23286	771.0560634	120
3776	26284	809.1649129	119
3778	17173	230.8096852	174
3786	14139	602.5165086	61
3789	10409	631.0277117	112
3789	22489	670.4727263	103
3790	25746	719.1848144	121
3793	5685	451.1879771	149
3793	14114	492.1938032	147
3793	17975	502.219447	137
3794	981	253.1536183	168
3794	5890	203.178248	213
3794	17654	253.1536183	168
3796	870	2161.440297	65
3802	12269	969.972785	97
3802	18561	756.3405795	112
3802	25036	751.2900459	116
3810	5256	4316.851231	58
3819	6550	322.0056336	154
3819	9033	322.849522	150
3819	10429	323.174532	151
3819	15312	356.9054172	148
3819	16746	341.3459804	151
3819	24166	332.6728618	146
3821	19575	1310.885672	87
3824	24050	198.2633814	147
3824	24944	185.0205349	139
3832	20521	1995.503208	70
3834	19225	197.3887352	206
3845	1422	1694.365651	97
