3	1866	348.4130606	112
3	4990	344.6632403	112
11	4122	565.831864	96
46	4866	360.7882383	113
49	2037	272.3798725	108
55	4915	441.7123021	136
55	5274	443.2146954	136
73	1991	668.6958799	145
87	3042	1630.640501	91
87	4686	1630.640501	91
88	4334	655.4065987	158
106	4503	271.6088495	140
121	2065	636.0494154	131
121	7146	661.663657	126
124	6413	284.3162392	133
148	1851	1187.206203	158
187	441	790.2386461	100
213	7181	871.2309979	108
228	1583	2143.381557	68
241	5279	2558.91808	44.02173913
247	3279	365.2014818	187
307	4082	808.9922575	132
309	4515	256.2376455	132
313	410	554.3640461	93
313	4745	593.5072423	85
330	1593	857.775182	101
347	3241	1586.183967	82
362	2873	989.7287937	108
385	757	1594.920808	47
395	7334	411.3138527	182
408	3340	1125.104234	88
408	7285	1114.590115	88
413	890	920.3875601	93
421	988	513.1029835	132
421	4482	510.9258402	132
429	3867	707.3360541	118
462	4614	2930.888046	54
462	5753	2325.984205	61
464	2557	243.4790333	125
464	3137	243.4790333	125
477	1182	226.9438664	135
503	678	2173.052404	41.21271655
506	2472	784.0648259	70
510	343	303.4348273	134
510	6123	287.6275373	137
512	5196	1049.105033	103
524	3557	2143.15726	104
528	7290	1089.781444	99
537	3957	472.780599	93
547	372	639.9772047	163
548	5454	752.2033185	101
564	410	504.4524724	91
564	4745	547.4183886	90
578	2634	233.2097464	171
585	1515	303.465864	112
585	6052	302.2705998	113
592	808	290.2055249	100
613	352	616.7084867	162
613	3526	668.9912417	147
613	6861	668.9912417	147
617	3853	3342.491159	58
664	4570	887.3202079	106
666	350	442.8987396	117
666	405	452.2036822	124
666	1360	294.6309671	140
666	3162	295.9746278	120
666	4574	489.1323309	125
666	7064	480.5508263	126
684	5454	854.443144	89
691	6446	332.3551293	186
709	3587	603.1489176	155
709	5744	603.1489176	155
731	832	1738.308545	70
735	2720	185.8243438	186
763	452	200.118612	172
763	2738	211.5323039	177
763	4958	187.1278828	178
777	6282	202.4491619	148
786	1384	350.2980707	100
799	1876	182.6595062	165
830	2247	220.785236	188
841	6370	1462.555837	110
861	5325	1053.509986	76
864	5726	1566.666261	99
871	2581	221.5657288	171
892	5844	197.6606864	170
915	1893	200.7923628	157
920	5029	535.9794606	120
920	5882	550.0896105	120
941	6204	212.0472187	153
943	5658	1076.430298	85
951	7214	1386.698085	108
954	1099	624.7214839	141
966	7004	1451.710515	78
968	347	642.4568366	157
968	7158	602.1769611	160
975	6528	955.0210159	96
1019	3601	1804.945448	53
1027	4236	1005.758386	119
1027	7308	1200.465598	117
1094	4299	2207.535593	117
1111	3721	1160.481544	98
1114	3094	989.0587466	109
1117	4962	328.5324628	136
1124	6243	376.9886367	139
1136	7328	1108.29249	92
1160	2171	643.4678035	103
1193	1107	1274.862061	92
1195	2600	189.0213896	149
1228	6100	191.0808471	153
1233	1017	1028.126207	71
1233	1950	1259.111787	77
1238	4210	543.5358061	125
1254	2223	619.453185	103
1254	2742	840.2475818	100
1254	4132	612.9608431	105
1254	5688	812.0940681	106
1267	722	691.6285677	104
1282	6436	371.5356368	129
1282	6836	375.5191135	127
1314	6463	211.219435	137
1314	6597	214.0130113	137
1360	1990	503.6368227	156
1364	4038	588.9147424	120
1364	5301	591.1244106	120
1368	515	502.9129978	144
1368	2088	531.0271826	147
1374	1876	199.5273667	128
1409	1583	2065.92989	72
1459	3792	1037.128486	91
1459	4319	1039.293993	91
1462	2296	642.4537328	121
1469	2880	809.8283444	120
1477	704	802.6156053	116
1477	1378	793.542178	118
1477	6085	801.8659612	116
1498	3880	394.5917106	92
1503	3567	1926.512268	96
1535	1138	1089.071957	90
1537	1099	821.3498832	134
1542	6168	1514.286121	81
1547	240	192.8219043	214
1559	2985	624.7271295	124
1565	1136	194.3778253	131
1574	22	854.4614302	136
1577	1915	303.5508538	198
1591	1345	374.1298024	156
1591	5241	363.6100757	157
1597	2398	365.0387885	172
1597	4842	440.2499608	168
1597	5687	440.2499608	168
1618	4919	473.0838328	122
1629	6520	182.4161419	163
1643	980	1122.895595	108
1646	3544	2014.145398	90
1646	4497	1850.067789	93
1662	1705	221.9054414	152
1678	5334	901.4285272	91
1692	1746	1813.083192	61
1693	3973	269.5641911	169
1693	7356	279.5385195	167
1697	6046	657.7519452	120
1716	1924	526.1916102	129
1716	5691	515.3367629	131
1730	5793	2452.406293	84
1730	7127	2620.995754	78
1736	188	772.3870276	108
1765	3683	2222.56001	72
1806	2371	1477.809819	98
1806	5542	1479.342082	98
1808	631	2360.78555	95
1821	3837	454.8786523	143
1832	4052	796.626447	85
1832	5884	798.4661734	85
1842	1341	349.5681084	91
1844	1857	1155.505538	113
1874	152	420.8289303	109
1889	6855	1367.035266	77
1915	4986	1214.691453	91
1923	4571	1360.008014	95
1923	5281	1366.021476	94
1931	6814	2108.642253	89
1932	4398	1234.719851	74
1937	438	328.8193169	94
1937	7108	343.5502225	91
1956	2243	184.5758453	120
1957	7099	672.485166	114
1977	6203	407.1974809	145
1984	6233	363.6973813	193
1996	4108	270.3471741	161
2004	2325	333.3343038	160
2005	666	848.4675872	114
2035	6330	617.6702388	100
2043	2830	607.2876495	124
2045	5305	2208.012771	59
2062	1368	262.0261191	149
2062	2509	340.9562079	135
2062	3324	268.4242343	145
2074	2578	505.6295595	162
2102	294	911.4050629	100
2105	1344	2139.738532	68
2108	3118	858.6072755	101
2109	1812	860.4869967	128
2117	4112	365.9758086	166
2124	393	1222.584112	78
2126	373	241.8884472	130
2132	5650	251.9778652	126
2136	561	271.7258516	132
2161	5911	1029.832389	72
2174	6590	187.9425362	164
2181	3914	335.6087243	132
2194	2270	184.9665924	140
2203	153	1190.213199	85
2209	6169	291.6798849	217
2221	429	755.5266182	105
2237	1663	534.5468284	133
2237	4077	557.8050821	116
2241	6356	235.827807	113
2278	1178	497.1073902	146
2334	2936	749.9580421	71
2344	62	1620.356117	105
2344	5992	1601.445537	106
2355	6110	837.2103945	75
2418	5871	272.696917	141
2426	5156	191.4256822	173
2431	2481	744.4738085	63
2441	3558	419.9459597	118
2480	714	933.8949594	87
2480	1141	759.6138128	101
2480	5495	775.8897409	101
2480	7353	777.3574701	100
2507	6549	287.7335523	142
2508	212	745.2742437	104
2522	2677	831.3928795	115
2604	6856	350.9665925	132
2634	5695	297.511643	135
2644	635	1549.940941	68
2644	5777	1529.401972	70
2680	2304	216.0156902	228
2686	7069	287.7767584	229
2703	5328	984.5873758	96
2716	109	218.1768673	138
2732	1426	541.2703851	131
2734	632	1022.159329	82
2742	7290	1115.667723	92
2744	5058	184.9390556	171
2756	3365	563.0567753	140
2790	4334	429.1252778	153
2807	78	258.2673773	145
2807	6216	260.3663981	144
2807	6385	278.5689066	137
2818	7293	223.4737869	270
2835	1847	555.7157584	175
2848	2449	700.0757399	119
2870	2720	211.58396	201
2871	3565	2248.028079	48
2880	1323	306.5490219	161
2880	4341	322.3586206	159
2897	6789	1390.419966	105
2908	7114	317.5631107	147
2928	2332	833.1988301	112
2939	3419	370.2138303	133
2984	3420	536.4490812	152
2987	195	1306.951215	97
2987	2262	1309.637177	102
2999	6925	632.7610636	100
3014	1663	570.782669	133
3014	4077	667.9525459	116
3070	1553	389.4843033	141
3077	4108	300.5672019	145
3110	4355	991.2191218	108
3123	7122	1016.005728	92
3151	4146	646.0031102	89
3169	348	196.1873187	155
3171	1471	875.0976775	119
3179	1931	735.9916772	133
3184	205	420.7770623	120
3184	3288	417.7332876	121
3184	4559	484.0836195	105
3213	4893	1284.191439	108
3232	2563	632.9324089	82
3244	2223	682.5762839	96
3244	2742	887.9755658	90
3244	4132	695.1044648	94
3244	5688	826.6135402	100
3246	3881	1446.117555	81
3249	5972	721.8780998	107
3252	6244	879.1696076	116
3252	6507	879.1696076	116
3253	1450	1177.828962	120
3254	6588	338.7670037	106
3270	3278	1174.149622	74
3281	1358	218.3712732	228
3281	3216	249.3222724	216
3335	5139	431.945074	90
3342	519	1007.078372	105
3342	6255	1013.719781	105
3348	1803	266.6984709	161
3367	6520	190.0217454	164
3416	7137	788.5779186	121
3428	481	2747.929999	94
3439	5137	777.257112	99
3445	6262	1316.816794	82
3449	3243	4760.322804	84
3449	6439	4779.894298	84
3475	885	388.3799019	120
3485	556	592.5461967	107
3506	528	224.5462562	137
3519	6436	517.802289	118
3519	6836	522.1819108	117
3521	730	224.6437577	209
3535	4359	194.0500627	222
3541	6713	2021.586622	85
3552	1563	591.7586261	147
3553	1641	833.5398782	89
3559	5775	1394.242746	97
3559	6415	1392.902964	97
3598	6994	2024.7273	72
3623	1368	297.6113498	161
3623	2509	371.4749786	142
3623	3324	311.3187898	154
3625	3736	425.8123413	163
3625	5976	430.0049855	164
3664	5613	316.4401111	116
3673	3728	216.1698494	113
3695	6168	1303.197382	85
3711	834	600.697751	85
3744	4564	678.2845975	110
3756	2144	1238.048488	62
3773	1758	945.1634578	71
3773	6886	943.8508799	71
3776	1474	622.1182508	141
3776	6892	631.4443298	145
3796	4672	1761.756904	81
3796	6284	1791.829171	78
3832	85	995.1042723	96
3845	4699	1559.874351	97
