4	13505	256.2217085	130
4	17864	242.3841752	132
7	4290	263.0753326	174
7	4797	247.871395	173
9	9939	478.3851626	139
12	7180	1633.796445	61
21	616	393.6194338	136
23	5862	720.7804989	102
23	6293	680.1642302	107
23	8907	778.5690412	102
24	5422	906.8830242	135
24	13116	996.6684786	130
27	10074	1356.589168	93
27	14298	1437.056803	89
31	18321	860.7480122	97
33	15594	2819.191825	34.5675579
35	11183	569.3033907	150
36	7358	479.6288782	97
38	10179	346.3466959	143
38	16546	376.7442213	127
46	578	2777.745286	39.44033602
49	2787	1006.327474	122
53	5352	2039.966805	30.2968022
62	1480	262.4568142	84
63	941	547.0954337	127
63	16309	724.6800835	120
64	13821	3763.344705	25.41173093
72	8900	272.0928277	185
81	4774	613.9722859	141
83	17377	1368.192252	80
86	13476	2705.750197	76
91	1272	1634.751909	105
92	11319	243.3658153	163
93	7852	3510.533228	96
96	11506	314.5178393	147
99	1176	598.4173473	147
100	9560	614.2136608	112
102	3499	2793.190612	61
104	8952	1777.657113	64
104	12487	1773.47586	63
109	13653	763.3231449	117
113	11185	674.2847401	80
117	10474	485.377438	101
117	14491	489.014379	100
120	8018	602.8533544	175
121	2317	2801.589739	101
121	8475	3170.127904	98
121	13341	2791.353287	99
121	15640	2805.04297	101
122	7584	3286.983247	92
128	1888	939.8821757	96
128	18180	926.509657	96
132	9512	306.6410587	147
136	16103	1483.283383	64
137	15848	1062.132931	66
144	3763	201.4527232	230
148	12512	376.2410165	159
151	9861	2547.15645	72
151	18299	2391.115226	69
153	1516	3907.616525	89
153	17194	3939.724482	87
160	13360	658.2065204	41.21271655
161	6359	3152.683215	54
162	16249	645.3205158	137
164	10062	1098.916228	83
173	2187	197.2539658	196
177	3155	439.2661708	61
177	4833	433.1733365	62
177	14513	441.7384537	60
179	18370	462.23431	55
187	2026	1203.02568	69
194	7384	805.6572294	108
196	3304	329.6850978	78
197	7037	572.2157422	114
200	17506	214.7227155	186
201	7646	2014.65544	40.31678793
202	17163	1022.632258	73
204	15562	1304.845575	129
209	11222	267.505978	233
211	2539	1078.197676	107
221	13881	678.5330463	64
226	14628	683.7055833	121
236	13866	2535.510078	46
255	17736	1310.050281	64
257	8673	1381.607081	97
263	16448	734.9589744	120
266	15499	1234.74047	67
267	3326	624.7584371	160
274	13548	1725.825038	22.27216015
275	3026	2754.922702	34.5675579
278	17974	785.5506159	69
283	6247	1429.147691	65
283	13065	1355.889171	72
285	13572	1585.182819	53
286	1266	419.4422389	209
291	3462	1059.105964	107
292	4586	220.2726294	181
295	2673	429.1937731	81
296	12913	1277.647761	117
305	2271	313.7539973	182
305	2353	393.0141345	176
307	6996	1245.584646	133
309	15939	639.9632342	115
321	932	1880.052798	88
324	6533	1228.933767	102
331	8670	440.7037923	116
336	8607	227.808036	170
342	13951	2569.960395	59
343	3507	382.6797102	142
347	4566	2459.4135	44.02173913
355	12684	2523.87357	71
366	10291	1047.035605	56
368	12809	861.7847618	33.08095687
368	15580	827.1443849	38.58293741
372	446	2237.144434	64
375	2281	560.231934	78
376	3419	590.7696861	58
376	9931	619.7923895	59
378	590	1131.697081	33.81608925
378	10207	1059.153179	37.7441779
378	13139	1097.70648	36.92365229
381	7079	202.7232562	118
382	14605	349.1754319	178
387	4255	268.5690846	150
390	654	2387.65896	28.99386789
390	6790	2387.65896	28.99386789
395	11497	354.719243	191
399	4494	1066.585634	41.21271655
407	18345	889.1320033	89
413	10680	198.5076684	160
414	15716	981.225016	133
415	8047	578.2981278	67
415	13194	581.4017211	67
418	17104	230.0327826	141
419	4675	1665.073681	72
419	5872	1707.744558	72
419	14409	1707.744558	72
420	9096	734.7305577	170
425	10072	883.9865655	100
427	13803	5266.284462	54
429	711	369.0732436	119
429	13031	356.4355834	121
430	1268	2926.552777	37.7441779
436	9124	259.7336626	112
444	11018	1758.769555	104
449	13545	1025.003135	113
454	16940	846.8657291	78
456	12999	786.7759736	124
457	4956	3245.505925	57
457	9663	3389.329352	57
457	15280	3239.214846	59
458	9553	946.0510794	102
460	5869	1111.931694	103
461	13025	562.4468279	69
461	16115	490.3485152	76
463	17976	2381.423376	84
464	1897	527.0511959	98
465	7426	1936.586578	70
466	6231	2069.63162	51
467	14221	1926.466203	60
467	17195	1926.466203	60
469	9843	1283.132726	78
473	6728	1132.587515	81
477	9527	1720.423431	46
480	12187	448.3893141	158
481	6221	287.5287436	95
481	11754	346.6031026	73
483	446	2210.200954	65
485	209	194.2176048	215
485	2352	192.36729	209
494	3807	2526.969031	51
497	13048	2254.88426	83
497	15314	2256.187649	83
498	6121	1157.50652	82
498	10499	1103.525539	85
499	2817	1337.287836	91
501	8585	1355.425218	90
502	1722	1233.247226	106
502	6722	1341.052565	102
502	10559	1368.542936	100
503	2322	5298.913169	64
503	18263	5007.722203	59
514	13219	1562.709898	29.63817606
516	113	1977.564503	55
519	14111	831.7693351	115
520	8043	1041.89426	119
521	7093	349.1796136	133
523	14384	290.2978237	172
525	1362	837.3245547	43.0647448
529	11560	1500.081499	133
540	17070	656.4288871	98
543	10576	2218.770241	103
544	6936	509.5189095	120
549	7383	436.7011223	124
549	10303	447.5355195	115
554	9679	5474.394682	36.92365229
554	14808	5479.149242	36.92365229
562	9567	284.6663698	209
566	17725	1203.563314	116
568	17950	1742.610727	82
570	1235	1447.539188	30.97006447
581	1005	635.1322717	68
586	12387	491.0923391	137
591	10566	553.7168916	51
600	12144	209.5684956	131
603	220	867.1812678	67
611	4971	438.4774967	104
616	941	570.3424912	135
616	16309	765.5702879	127
629	6864	887.5450525	109
637	3592	917.9321671	120
640	5660	867.2732953	62
642	17483	1333.860523	62
649	13755	2169.917985	54
650	14809	498.6039122	75
650	14840	469.7450265	82
656	11632	590.3841737	58
657	5392	925.0609379	54
657	7779	926.0342523	54
657	10710	933.9878486	45
675	3688	2135.875926	36.1209642
675	5678	2230.442028	33.81608925
680	10668	204.6455516	201
689	5574	2049.337556	67
693	3378	710.5507578	76
693	10125	729.7907639	75
694	14893	1017.271243	57
695	16282	833.8600522	24.31888239
696	1904	292.0429434	71
699	17282	1674.733082	28.99386789
706	1555	1238.884417	99
708	1080	191.153924	66
711	3817	617.6460948	151
712	13834	1731.885551	86
712	17206	1905.440644	85
713	6705	257.9021424	88
718	16851	886.3596077	71
722	1462	2425.864104	74
722	15777	2342.204157	75
723	112	488.9307825	90
724	17289	1253.597825	75
725	9651	380.499213	173
735	17791	1190.673975	104
741	14683	288.1856478	140
746	10769	802.5614417	85
746	11946	695.9477543	91
749	6922	889.1404724	110
749	15682	853.5173878	108
751	6491	4337.646547	36.92365229
757	16100	2788.535812	83
760	3693	1275.878075	96
763	3424	225.7378173	209
766	4060	629.2214498	90
767	779	185.6985656	129
767	5791	192.2245327	134
768	10126	948.8816379	145
772	9334	2210.714762	59
775	6159	213.6206554	175
780	237	1198.311343	129
780	8516	1105.204334	139
785	4397	952.1367139	46
785	12629	1124.929675	39.44033602
791	1935	759.1580968	95
795	11962	1113.682922	64
801	5550	549.5094674	48
806	4407	3050.442579	39.44033602
812	8167	1294.046864	108
815	1546	1442.817698	94
815	5639	1590.837171	88
816	15583	199.9525029	240
823	11499	516.0687709	155
825	57	439.8475046	108
830	9729	581.6200353	133
834	9300	683.9943414	109
837	16472	904.306974	31.65828812
838	9212	269.3537084	129
840	984	1008.136755	70
840	3854	1117.621436	67
840	11191	1187.280012	63
840	17166	1132.585909	66
842	5347	722.2500094	124
842	8832	685.5539604	114
850	54	237.4474453	176
853	6321	1534.945746	80
853	7715	1370.469126	81
857	7167	1059.127392	98
859	12248	811.2545434	85
859	16915	809.746492	85
862	2578	355.46855	92
862	7148	322.7676065	114
873	5093	215.7706825	150
873	10446	181.9095658	151
875	3364	1220.138221	152
884	38	1309.890886	54
885	9281	1026.210861	73
893	2345	2201.336933	70
895	1524	1188.997384	75
896	6365	1749.073841	60
905	10126	1012.878617	137
926	6652	641.9548009	75
927	5617	1090.533945	82
927	8304	1138.247157	79
927	11938	1138.247157	79
935	15947	2911.12418	55
937	8442	692.0746412	74
939	10772	485.903216	148
941	5480	377.3155224	75
942	2188	419.990206	113
942	13512	403.5898195	118
942	16253	394.9905172	119
946	9312	1488.56604	55
952	622	1542.331492	54
953	13521	857.9697023	43.0647448
955	3200	325.9016739	85
958	3644	365.0102292	102
959	7167	1053.135681	96
960	10054	286.6207356	147
971	6705	268.9017727	108
976	6193	472.8996377	63
982	4606	1215.945411	101
987	8362	332.1385661	144
992	16724	570.8916549	119
996	17725	1168.055939	123
1002	3295	1656.499231	146
1004	5722	1348.84512	75
1005	1543	1466.376923	109
1015	7959	1142.363371	96
1016	3801	276.7041551	133
1019	11011	1050.777967	53
1021	12065	1254.574191	62
1024	15020	494.025464	119
1026	14679	748.5404023	169
1030	5486	572.3024433	121
1040	6913	248.5387819	220
1043	2969	220.907389	235
1045	2669	1061.158455	149
1052	17393	1439.875945	150
1054	16681	263.071241	143
1063	5229	2416.550219	71
1067	522	846.8821892	97
1067	13820	839.1897066	96
1076	7332	742.906636	134
1106	12466	454.842662	150
1112	13830	4933.652537	40.31678793
1114	16264	2386.087469	34.5675579
1114	17293	2280.974856	38.58293741
1119	2508	966.8086789	156
1119	4155	1022.504876	149
1119	7822	1030.726742	151
1134	16004	693.6378391	73
1135	4219	746.6834234	101
1135	12129	770.8193983	101
1147	1354	700.8813231	108
1148	11178	479.7649892	132
1149	840	1270.46135	117
1149	17350	1634.256213	113
1156	10975	960.5111926	150
1156	18076	894.4368826	155
1162	10462	3144.777623	33.08095687
1165	13751	186.7501589	189
1165	16882	202.6561847	193
1169	958	1068.221863	140
1169	2736	847.0287297	142
1169	11204	1071.977087	134
1169	14296	1148.680156	131
1169	14503	843.8261593	142
1169	15036	831.7123889	133
1177	2263	714.5250512	62
1178	1925	268.6190193	66
1181	9738	2084.019421	75
1181	11102	2207.661996	73
1186	5665	1355.429424	60
1186	10720	1415.016303	54
1188	12168	513.0270386	43.0647448
1191	863	2812.000698	67
1193	16311	490.1714513	136
1196	12668	1231.604622	100
1203	12874	498.8986516	82
1205	6857	1086.029387	157
1208	9207	565.8149809	131
1209	3913	1923.904628	75
1210	15214	308.9048965	174
1211	6068	602.486706	107
1211	6702	576.125356	110
1215	12739	637.6658686	49
1219	1058	4625.562253	27.1437722
1219	6826	4782.737312	27.1437722
1222	6290	437.2064845	125
1222	6465	377.3208511	137
1225	7670	1607.276192	64
1230	18269	1410.771789	66
1232	5466	1085.335461	22.27216015
1243	5809	3465.78492	17.87759777
1243	12100	3852.679774	20.39769385
1243	12181	3902.384436	19.95426572
1246	3399	227.5069991	166
1257	9884	840.2319282	35.33572585
1258	11022	202.084064	167
1263	2154	555.8864659	85
1263	12015	453.4790134	100
1270	14354	890.0388337	90
1273	17904	196.5551156	306
1275	6731	1423.840521	34.5675579
1278	2106	2441.621044	24.31888239
1278	11124	2472.429593	23.79021103
1278	12382	2441.621044	24.31888239
1278	12587	2494.937526	23.27303253
1279	2525	1255.239611	94
1282	1595	1781.28425	102
1282	10925	1776.71503	97
1293	8311	778.9859567	113
1297	6258	190.9466671	146
1301	1481	774.1265895	99
1305	16663	1889.832391	104
1307	4810	3501.332353	51
1309	5458	936.4002965	95
1309	10698	1030.15519	86
1309	13773	1040.779239	85
1311	12578	1609.025026	23.79021103
1313	17532	1786.663528	79
1314	2152	1517.707532	65
1314	2952	1373.612216	71
1314	12392	1706.097807	64
1316	8851	2184.088102	101
1323	4674	1062.73923	88
1329	5329	3441.493152	35.33572585
1330	3890	343.4874731	129
1334	15610	190.5853165	271
1339	2643	487.771978	93
1345	8115	359.0234887	140
1347	16366	1385.52021	117
1347	16895	1379.98464	118
1349	17044	1235.356247	47
1350	2407	1952.936904	62
1353	17835	1158.063367	71
1354	12547	955.8137857	106
1356	5831	1730.861922	121
1356	11263	1738.151422	121
1356	11660	1667.866637	126
1358	16485	1331.952959	32.36180563
1358	17951	1396.622992	30.2968022
1361	1274	2613.239186	86
1376	14984	321.5726405	94
1377	6149	903.0934633	110
1377	9600	948.9046216	105
1378	2527	4145.869124	24.859302
1378	6189	4174.531159	24.859302
1381	10621	294.52989	100
1385	18062	587.038021	117
1386	13781	1907.708018	70
1406	2143	2749.152437	71
1410	7221	1163.972392	35.33572585
1412	11087	3695.733796	70
1414	6764	270.32361	158
1417	1602	992.3402326	72
1423	18266	436.5997766	146
1428	16091	1326.890134	85
1429	13450	1745.760029	85
1430	8590	2771.177823	94
1435	1384	245.2574295	96
1439	1868	574.44808	65
1444	581	1934.568007	59
1444	14597	1970.224638	58
1446	9534	1748.759311	101
1458	9590	772.2828585	82
1459	9701	1766.256491	7.586505262
1468	2164	1052.975918	59
1470	13788	214.6026511	171
1475	4278	2585.798666	46
1475	8467	2686.784847	46
1475	11795	2755.059465	44.02173913
1482	8932	1439.186522	119
1491	16433	957.6946343	99
1492	4694	1115.778536	62
1495	10649	735.1507421	133
1502	11601	1441.775094	64
1507	3211	1813.187141	113
1507	16619	1813.187141	113
1513	17592	1017.236036	28.36356641
1515	392	1185.377989	87
1517	17790	2945.118617	85
1518	11000	1332.132199	74
1519	764	827.7979525	82
1520	13985	465.8748186	130
1523	9109	268.3992859	216
1524	10159	1494.153845	129
1532	6785	964.8446514	105
1537	2748	229.1439248	122
1546	5174	824.1713642	82
1551	15662	742.9033403	150
1554	9860	1097.951867	51
1559	221	1728.021761	129
1561	5373	190.4400414	155
1571	10553	630.5212634	102
1575	6728	1175.315984	78
1580	14803	839.3713319	66
1584	1588	18158.84224	26.5536902
1587	6395	351.8007753	98
1595	15628	1120.295036	125
1596	2696	842.0292335	144
1601	14202	1024.893638	78
1603	2382	1445.960357	72
1607	12391	1689.528795	69
1616	14189	541.8623263	91
1618	15355	418.6349563	164
1619	7883	477.1977935	93
1624	8340	1536.893347	78
1624	18057	1625.411148	76
1626	15398	3288.460981	75
1628	11212	366.9651026	122
1639	2868	2030.47986	58
1641	1404	1452.916125	125
1643	10443	647.0765756	44.02173913
1650	1755	788.5468122	77
1652	10641	708.6031922	116
1658	5930	2605.18466	51
1658	15306	2580.477658	52
1664	1368	2785.666008	22.76709704
1664	3409	3595.841623	20.39769385
1664	10099	2878.936719	20.85097594
1664	14070	2751.397034	20.39769385
1664	15652	3227.744924	20.85097594
1665	14906	867.3405287	69
1669	5036	2007.925992	124
1670	6446	299.8728517	84
1676	8789	530.8369913	158
1677	1517	707.8500477	73
1682	8669	637.4282675	64
1682	10397	658.7894769	60
1683	15492	1029.660059	88
1691	15096	2254.920863	35.33572585
1692	15834	1176.232661	95
1693	5106	482.2021588	125
1700	239	198.2893802	148
1705	5926	442.6323966	113
1709	15349	316.6461011	184
1712	8505	507.3444523	72
1712	12337	502.6787211	69
1715	13287	1126.834338	27.74696714
1720	11359	620.8592601	75
1725	7766	293.4247125	110
1727	12203	808.5964699	94
1729	5258	1229.901464	104
1732	3322	644.6169284	162
1732	14703	644.6169284	162
1736	16706	587.5621661	137
1736	16991	544.009831	140
1739	7437	677.3907543	90
1742	7430	555.0011327	100
1745	11077	285.4817776	160
1745	15864	264.0626971	158
1746	9552	2010.726883	19.95426572
1748	3192	621.9124281	118
1749	14583	2388.738044	53
1752	9719	1419.113803	105
1758	11902	255.6122711	135
1762	4655	782.6609686	131
1770	15010	199.6232013	254
1781	5145	700.1795429	146
1781	12802	684.4532159	152
1786	441	260.1936032	158
1789	11397	283.3207294	94
1794	5499	266.4864949	206
1797	6004	1396.170199	99
1801	771	2986.227266	76
1802	4976	1155.25271	67
1802	10644	1130.949063	69
1809	4966	1307.276671	49
1810	2071	202.8705388	166
1823	8323	2484.697235	40.31678793
1824	3410	361.9312568	192
1833	13637	2526.557682	126
1834	12447	1201.313613	123
1836	14355	346.6429121	133
1851	16519	1525.687939	112
1856	17450	1008.778589	58
1857	12209	418.0001137	140
1861	135	710.0985146	86
1868	9722	251.5726325	120
1871	8233	443.1940551	163
1874	3560	574.7236483	106
1875	7193	244.1774802	200
1877	3250	952.5444588	131
1878	5896	317.3188122	95
1879	6155	859.5825123	134
1879	14636	706.2280528	144
1882	17304	733.4693523	111
1883	17870	1454.320673	87
1885	6727	805.2776277	44.02173913
1887	1966	370.6731713	143
1888	479	847.7618526	21.31433096
1888	1727	848.8022111	21.31433096
1888	3680	839.5005062	20.85097594
1888	3984	852.95955	23.27303253
1888	5584	848.5631907	21.31433096
1892	7125	2055.127794	47
1894	3192	605.1011491	118
1902	2258	820.6650824	135
1903	1834	890.6688715	43.0647448
1903	4673	912.1534397	40.31678793
1903	6880	909.1297928	41.21271655
1906	6308	1109.262751	36.92365229
1911	16867	257.9804141	158
1913	5700	485.0203381	158
1913	17534	554.3720123	155
1916	105	3044.142017	25.97643606
1925	7167	998.3917395	99
1927	7167	954.1937616	93
1929	14347	671.9214866	133
1932	16487	3336.285343	106
1935	8026	1114.46106	159
1937	2698	912.0606771	101
1937	4926	920.3230264	100
1937	18048	924.7463789	101
1940	4918	247.2068595	146
1941	14294	428.1690366	90
1946	13617	1677.137571	68
1949	2681	292.5170385	61
1951	564	793.8762408	121
1951	4516	1041.160395	118
1951	10955	777.4357002	122
1953	11043	2461.208013	111
1962	2486	3878.811106	69
1964	491	427.9159769	174
1969	1963	5175.177199	44.02173913
1973	12522	1010.9307	154
1987	11347	829.0338604	40.31678793
1989	16667	659.5805075	119
1994	804	1445.166501	72
1994	16698	1445.166501	72
1994	17413	1472.953958	72
1998	4578	1309.268639	49
1999	16758	1411.05811	70
1999	16819	1539.754994	67
2002	8925	753.7083829	122
2011	3573	1067.799659	69
2011	17023	819.3856905	74
2011	17447	1085.602623	69
2017	15129	3754.510195	78
2020	16891	948.8926618	108
2024	7544	349.3491302	141
2030	3858	1185.500786	121
2030	16024	1399.447943	118
2032	4296	1935.205862	53
2032	13944	2009.026525	50
2033	1593	547.4036676	107
2033	2189	537.8252213	111
2033	6827	556.1230568	109
2033	8106	501.6915789	116
2033	17152	500.6611964	115
2038	16695	508.3118807	132
2042	3309	309.435067	124
2046	15899	2022.052552	71
2048	9954	319.595386	221
2053	2518	419.118339	131
2054	8785	698.0710442	129
2055	7928	4933.777391	54
2057	7376	807.5324691	123
2068	5089	4947.024125	56
2068	11718	4924.064336	56
2070	7233	234.6227995	182
2073	3117	2061.947631	60
2078	12900	8434.941288	56
2084	7141	285.5289092	160
2084	11107	280.0776184	168
2089	18160	512.8395834	162
2097	16086	1411.0475	20.85097594
2101	15809	687.2661251	128
2102	17498	1265.85974	59
2107	17407	3823.356654	23.27303253
2111	9585	1108.857015	102
2111	12671	1025.511631	112
2113	5958	3130.909956	97
2117	1699	497.1870303	143
2117	13237	535.0427553	135
2118	7167	796.3869202	108
2122	2079	673.4805274	166
2122	14062	680.4537177	169
2123	6389	295.202139	180
2125	3525	546.4658268	106
2127	8200	1373.175019	183
2128	98	1068.20801	50
2128	13766	1058.425992	51
2130	11126	530.5339147	157
2131	14687	2345.33005	105
2143	5468	336.2894145	179
2144	14830	338.6872623	58
2148	15264	1094.263356	104
2149	5781	225.6504834	207
2151	15301	373.7254495	102
2152	16122	233.4725315	94
2157	6678	1782.924074	28.99386789
2160	11852	3250.803585	36.92365229
2170	1018	1145.087801	61
2174	16258	729.4456331	81
2176	5109	834.0749208	24.31888239
2177	5925	1649.894288	60
2183	18376	742.5817566	95
2185	9746	1050.944663	105
2191	9234	1593.713752	82
2204	739	2429.866481	73
2204	3030	2409.574646	68
2208	5953	464.5231904	110
2209	9172	497.8880759	143
2210	7255	281.5748536	91
2210	9798	254.2271486	101
2210	17941	246.2256278	97
2214	1137	1022.785966	130
2214	2162	1158.678285	132
2214	10528	1019.254254	130
2214	11803	1216.492728	128
2214	12001	1208.234143	130
2216	3959	1558.125092	51
2220	12223	3133.533095	55
2225	7483	476.2951562	122
2225	9949	380.1626643	129
2227	13499	2433.546413	29.63817606
2235	2151	412.1990125	97
2235	8838	407.3665582	94
2235	12916	419.1541022	93
2235	14529	481.568054	86
2237	12634	905.7478116	34.5675579
2239	13622	262.49318	237
2242	2739	931.9925018	151
2242	14123	995.4416009	143
2244	8147	2963.467139	65
2250	9729	583.0743751	136
2252	14114	1615.301194	79
2254	16922	204.7960698	127
2255	12076	1106.795365	28.99386789
2257	14274	207.4942276	148
2267	9165	2034.82357	39.44033602
2269	16028	3114.360628	70
2279	1931	918.2745657	122
2292	1781	264.4238391	135
2293	12704	440.5228423	195
2296	5784	301.3250653	150
2302	2033	2643.116634	54
2303	15604	851.3572529	38.58293741
2305	5469	2166.245112	149
2305	5650	2215.651645	149
2315	6146	1478.781422	116
2315	9331	1469.483379	117
2319	4099	1570.390345	50
2319	9057	1694.573545	46
2324	10971	726.951651	126
2327	17060	1610.555367	51
2329	5655	1070.658406	48
2332	17816	374.0019796	33.81608925
2333	2744	2017.511045	86
2339	8676	2383.597871	86
2345	9725	1368.449459	150
2357	7378	264.49271	178
2359	16119	608.0919542	95
2368	7317	508.8510253	115
2377	16172	997.5752624	105
2378	4862	584.2346243	83
2382	3942	871.3313658	49
2382	4267	847.6231621	53
2383	13038	464.3883103	102
2405	3301	923.1519145	82
2407	14682	1361.373339	106
2412	11696	770.740825	114
2414	5038	695.0434957	123
2416	17411	2423.23342	68
2418	2524	3525.826181	2.527993006
2420	3603	442.9962463	141
2421	6002	345.4210552	102
2431	13750	405.8712574	105
2443	12376	1454.290947	106
2443	16597	1443.528234	106
2444	9907	218.1051543	142
2445	5364	182.3179349	194
2448	10332	444.3660343	169
2451	5689	189.2528134	229
2453	7330	1321.352989	116
2454	8169	308.8924891	154
2454	16815	336.6429444	151
2458	9052	2466.307688	71
2460	3938	1018.617842	118
2460	12306	1140.458183	114
2461	833	3760.56685	22.27216015
2464	14402	1230.708169	97
2465	12510	2152.881641	83
2483	14060	226.0809708	202
2489	7401	1827.101147	42.1285547
2492	11165	2464.589596	41.21271655
2492	18191	2371.923791	42.1285547
2500	15729	4810.971613	54
2502	3249	298.3749947	154
2511	3967	2623.491961	79
2514	2239	650.991138	141
2514	16117	695.6599565	147
2519	8702	4514.081668	52
2526	4295	736.0176086	89
2529	2945	497.4575794	95
2529	17121	572.5350416	96
2531	5688	730.3440777	171
2533	14783	918.7603115	108
2536	18130	557.9853649	136
2537	6373	430.0800463	160
2539	1137	1064.318808	123
2539	2162	1141.708367	131
2539	10528	1060.682119	123
2539	11803	1225.333786	125
2539	12001	1182.19043	129
2553	4603	1017.973393	107
2558	1043	2048.114297	73
2568	6203	283.9386986	165
2570	17003	1438.623646	50
2570	17432	1423.793767	51
2576	1792	1828.566575	57
2576	2369	1896.907309	53
2578	4307	3448.372139	18.68098611
2578	13722	2905.655806	20.39769385
2587	12808	1379.007295	99
2591	9841	573.7261293	100
2597	6752	747.8399344	147
2597	16661	750.2146149	154
2601	14940	1020.697249	146
2605	9222	292.7568792	116
2608	13661	2781.500312	34.5675579
2613	798	192.4465469	215
2617	2667	814.985923	129
2623	12112	2795.158142	62
2624	17781	670.8806099	116
2627	6546	3231.837262	20.39769385
2631	8999	243.6346632	125
2644	109	343.0353544	152
2645	3078	1285.987456	140
2647	2654	379.2684367	129
2648	751	1705.396292	54
2648	6084	1726.329849	53
2658	14963	326.756594	115
2659	3097	495.0785737	133
2659	13040	483.1700833	139
2659	13580	500.0877858	138
2664	459	1402.985619	69
2664	3556	1388.309431	72
2669	8284	873.5603464	168
2672	10806	2485.52131	43.0647448
2672	13261	2436.694508	45
2680	7912	1108.991149	108
2686	1742	1037.752254	60
2689	13838	1219.044583	62
2696	5474	1511.786399	129
2696	11469	1452.733057	130
2706	2634	243.2914458	140
2706	9633	265.4136376	135
2706	10589	241.8529888	125
2707	11422	1885.437451	102
2710	8793	2955.535215	43.0647448
2710	13248	2897.537751	42.1285547
2711	5673	660.3334203	97
2712	570	1409.308114	5.57708563
2712	6566	949.090934	8.655928707
2712	18008	1341.205424	7.927429696
2719	7417	775.9417289	123
2725	6874	5939.903336	49
2727	2018	1402.045332	56
2740	17233	910.444833	138
2747	6705	299.6667527	106
2750	11100	772.8385904	146
2753	13165	194.8703044	204
2760	9553	720.7044979	113
2762	989	463.1501056	39.44033602
2764	2603	918.7405772	44.02173913
2765	13378	956.5626104	187
2766	12618	2595.906179	49
2779	16263	2219.003798	61
2780	7381	1794.802597	93
2780	16644	1880.329179	90
2781	5988	1120.165716	44.02173913
2792	195	2885.020196	77
2792	1405	2965.207391	74
2795	8647	861.8231998	84
2803	3366	3173.937825	57
2804	5304	430.8560928	122
2810	8962	304.2771443	149
2813	1966	397.0095495	141
2816	198	432.430648	123
2817	5689	226.4889492	210
2818	5774	2737.084548	99
2827	7615	1068.13149	62
2830	14450	1877.58921	59
2835	13260	563.5692305	100
2835	17490	591.3267324	100
2836	10242	1059.312464	43.0647448
2837	7752	268.7655385	125
2837	10025	198.6759506	136
2851	16608	915.9674151	50
2861	16899	2962.589451	66
2863	2240	995.5467985	44.02173913
2870	11901	341.6734069	264
2871	2029	4247.757898	31.65828812
2881	17161	1925.540691	63
2890	5199	382.5763857	145
2890	11596	492.4308545	135
2897	8951	1319.226815	19.09611913
2897	9433	1178.422916	16.73683012
2899	18156	676.555434	72
2900	570	1384.527776	7.927429696
2900	6566	993.9594425	6.363253428
2900	18008	1429.810336	6.363253428
2901	14826	280.1209671	168
2906	1337	1621.133547	48
2907	13484	3700.147224	61
2912	4557	629.0839592	105
2913	10054	201.6494027	172
2915	7279	2030.324717	55
2918	4661	356.2207615	147
2920	6388	776.6494983	112
2920	18024	763.238802	112
2920	18037	765.77151	115
2921	12830	1920.37184	38.58293741
2928	883	1642.678041	71
2928	2280	1906.824784	65
2928	15987	1723.962944	72
2930	8519	1757.49679	112
2940	9010	1039.858181	106
2941	12507	2417.270794	31.65828812
2944	8889	523.1322438	30.97006447
2950	4677	891.5712971	100
2954	7508	2577.282767	63
2954	10058	2571.022225	64
2955	8342	517.7959976	125
2955	10445	508.1753792	132
2960	9608	3901.605299	41.21271655
2971	13366	1880.383466	105
2972	2379	2140.810799	66
2972	9815	2026.898795	70
2972	11128	2093.395965	70
2972	12816	2045.637586	69
2973	12568	696.2482702	36.92365229
2976	15791	778.5067847	33.81608925
2977	10567	749.981991	122
2982	12872	815.0474385	76
2988	3871	1052.483798	89
2988	14962	944.0946474	81
2988	18106	1201.561388	77
2993	16975	757.8499063	101
2997	12836	1070.008439	80
3002	4120	3281.892477	47
3005	10309	863.4476069	90
3005	16987	818.0225034	92
3017	2878	975.6201149	84
3019	10851	943.9109905	130
3025	12107	487.2821453	99
3027	7998	248.7707808	136
3028	2066	2209.087384	55
3030	15304	514.8864005	57
3036	414	806.2174577	54
3039	115	3051.481565	12.85669654
3039	18294	3053.777235	14.66902675
3041	1610	1399.961914	103
3053	520	337.8305476	128
3055	2412	1161.401204	141
3056	8503	193.6031515	247
3059	10978	2246.784404	57
3067	876	224.0536076	106
3074	2447	207.6327285	228
3074	11472	202.8116557	230
3077	17917	429.5584527	103
3082	15425	311.3401425	140
3089	12319	252.9173635	130
3089	13207	338.3671787	117
3090	7217	707.1802251	63
3090	10755	892.294878	64
3092	2020	753.1694639	45
3098	17067	683.5620364	160
3101	1666	2025.569524	106
3112	9609	922.4661193	102
3129	3000	419.6834805	144
3129	11053	308.5065193	163
3130	4019	461.8204329	131
3132	7596	1563.864663	95
3135	2803	1339.911617	11.77465311
3136	9859	2909.190983	34.5675579
3143	16066	1462.300018	94
3146	10225	5230.803284	40.31678793
3147	501	933.5942483	86
3147	3076	725.2036921	89
3152	8188	506.8878036	96
3154	17822	2232.166768	58
3161	5952	877.9639317	119
3168	10582	372.1334013	166
3172	2094	1224.089093	83
3174	10200	478.1950095	128
3176	9987	2721.950818	38.58293741
3177	5997	2952.66554	71
3177	6685	3077.421005	72
3180	9072	765.7251547	97
3181	2973	1928.535522	47
3182	2451	294.662996	125
3188	5282	1773.177406	36.1209642
3194	5585	1624.313415	69
3194	14599	1568.481438	70
3203	17108	415.6314867	147
3213	9803	1235.038668	67
3213	10361	1513.764965	64
3215	8576	1037.703612	80
3216	7349	196.5949971	190
3220	620	2154.70142	39.44033602
3220	825	2178.433937	42.1285547
3220	2804	2130.42384	44.02173913
3223	11836	1099.159121	85
3228	6990	1501.071566	112
3237	4220	1848.12636	88
3240	10363	291.0932711	91
3244	3382	477.4694209	127
3256	6948	998.5142457	160
3260	14157	214.6623945	178
3261	11387	690.7188144	111
3267	4848	288.7502194	96
3271	8926	1405.44681	40.31678793
3278	7024	4741.779445	68
3283	2876	2726.088179	73
3285	4387	924.5285921	119
3286	369	920.8794234	98
3287	4593	347.0305147	153
3287	7608	290.8488592	144
3291	13225	569.7545964	84
3296	1852	912.1645932	103
3296	7176	895.952148	102
3297	17349	5990.95293	124
3300	3469	1099.050363	125
3300	10937	1089.41142	128
3301	12291	3187.639729	50
3310	33	1034.913073	103
3314	2176	533.138704	118
3314	7246	599.3862853	112
3314	9700	589.7342364	112
3314	14668	608.1439625	120
3315	15600	223.1360261	194
3316	776	2065.349279	75
3317	16645	839.3654095	70
3318	7082	1337.173856	60
3318	8575	1434.314842	55
3319	554	955.0150536	21.78798276
3319	17334	931.8390641	20.39769385
3321	5123	2828.789141	33.08095687
3324	11313	2608.7645	35.33572585
3324	14837	2582.066786	36.1209642
3325	6201	334.5262882	103
3334	4702	279.9742639	103
3336	17674	309.9289432	93
3338	16376	1510.129153	131
3343	1938	1005.282183	52
3343	8395	944.9624243	55
3344	4693	196.0095493	218
3344	13765	184.4161533	214
3344	14528	199.4417304	224
3344	17182	182.7111961	212
3354	3293	1702.471148	94
3355	1656	649.2390881	103
3355	13786	713.0099766	97
3364	12490	430.4249123	101
3368	2379	1751.00979	77
3368	9815	1673.953422	79
3368	11128	1822.932634	70
3368	12816	1838.561876	70
3375	1171	655.0994263	144
3378	597	4128.007855	94
3387	7838	580.3823449	40.31678793
3388	7791	267.9573149	110
3391	5579	228.3621849	185
3391	6933	208.7369266	188
3393	9647	5512.826478	34.5675579
3394	6818	658.4876819	93
3398	4288	484.3357623	160
3398	5412	410.3648617	151
3400	15204	1168.758663	63
3403	16036	1050.803266	87
3408	1385	975.9244024	167
3415	6264	6799.326684	85
3418	16733	925.5193537	110
3419	12804	272.7554827	201
3420	15903	716.8613115	157
3423	5980	296.1313452	177
3426	15601	1222.573594	74
3432	13274	699.7662326	151
3434	14707	370.2141962	84
3435	1818	486.1540098	108
3437	871	664.9765168	48
3438	5448	742.515077	183
3438	10836	788.8833019	178
3438	12655	735.411934	183
3441	14655	2011.596977	64
3443	11280	1578.453428	99
3449	5790	423.318459	160
3453	4535	273.1788144	119
3458	8010	1478.945676	33.81608925
3460	17036	232.7567656	161
3460	17914	223.3590001	141
3462	9079	643.43351	92
3462	11439	558.4554469	92
3462	11508	676.9160784	93
3463	697	1985.048969	103
3479	17	2008.754533	62
3479	10410	1899.919532	66
3481	10977	2547.696261	60
3483	15442	1154.458309	39.44033602
3484	13751	193.1208025	194
3484	16882	192.8082486	197
3486	1232	2117.914599	92
3486	5483	2310.639416	86
3487	3473	265.8396615	99
3493	1419	842.3379077	85
3497	4614	5530.708422	54
3505	18091	681.6878458	103
3506	11993	1324.465045	64
3511	15393	291.1721735	174
3514	16058	189.5386459	186
3526	17590	1117.625002	125
3530	12849	570.947949	166
3553	17664	706.46013	160
3556	376	1789.722902	67
3556	15694	1822.45849	64
3556	17522	1749.199967	68
3560	3590	441.5222473	133
3560	12175	447.5824322	131
3564	2153	449.2626961	80
3566	4023	539.8178711	144
3568	10319	253.1477107	200
3571	2855	547.3859882	125
3571	4142	547.3859882	125
3571	11602	496.4324855	131
3571	12932	547.3859882	125
3571	17543	492.8230091	131
3576	4178	266.5626058	174
3576	14447	326.6412559	160
3583	14057	473.5533243	105
3586	18353	485.8721737	137
3587	6104	2685.22611	68
3588	15819	897.0629611	66
3589	5835	2280.929296	63
3590	10531	1070.46364	81
3592	15115	1699.298742	83
3599	17174	745.5336416	92
3602	13350	906.3388748	72
3607	8191	578.0747762	88
3609	4809	2575.921481	63
3610	3012	1327.557207	74
3616	6975	488.4959461	176
3617	16953	848.7136309	99
3623	9513	1311.607963	146
3623	9972	1179.858619	151
3624	13700	405.0453803	109
3625	5184	1450.725146	98
3628	6321	1527.072105	80
3628	7715	1381.524846	80
3629	5819	2604.660923	41.21271655
3629	16226	2615.079054	41.21271655
3640	3664	2748.817163	58
3645	13967	665.5886057	113
3651	17530	190.1492202	269
3655	8057	519.686554	84
3661	10783	1326.594166	73
3662	1058	4650.336487	27.1437722
3662	6826	4839.4414	26.5536902
3663	8748	190.4285874	296
3668	1485	588.3829273	159
3671	4265	581.0409906	75
3671	8770	563.0995544	79
3671	13826	581.0409906	75
3674	2159	546.7821839	95
3678	3594	458.8362566	96
3682	5058	3930.66563	9.661404388
3686	191	1800.093364	115
3694	13128	759.3547507	106
3702	2137	1321.519019	30.97006447
3702	11841	1308.969231	31.65828812
3702	13861	1293.885005	30.97006447
3702	16798	1304.803911	31.65828812
3706	8438	719.3237642	63
3713	12272	521.1726296	108
3718	7267	1144.691731	35.33572585
3720	15466	1601.693059	92
3730	13054	299.8666301	108
3732	12092	1642.042922	66
3744	14283	192.8375739	205
3751	17454	941.1593091	48
3753	15199	289.9163098	78
3762	10285	1789.083456	98
3767	5149	257.7849458	120
3767	15736	254.9329523	117
3767	16641	269.7831533	119
3772	15289	264.8825197	130
3778	3974	782.1645732	106
3778	10212	774.9867548	107
3779	10056	2168.639834	55
3780	13097	1082.074637	79
3782	16285	294.2527981	98
3787	17122	1191.630017	102
3789	17532	1755.732237	80
3792	740	1682.803423	60
3796	8301	921.8717748	62
3801	12214	1690.917757	38.58293741
3802	13985	462.4424099	130
3809	5273	285.9577812	132
3817	5938	3439.949499	37.7441779
3817	15198	2615.19694	37.7441779
3818	2325	3130.622722	85
3819	10307	298.2747363	209
3819	10703	352.9417004	194
3821	9585	1124.860464	103
3821	12671	1058.911779	110
3823	13458	2122.210759	83
3839	5015	337.4646098	112
3839	9157	318.678709	118
3856	2891	818.1487846	112
3857	55	754.4779335	159
3859	4742	898.3269819	72
3867	8039	1734.579654	82
3870	8925	785.1529393	123
3876	187	5077.711971	62
3876	1289	5019.067551	63
3876	7026	5120.00787	62
3876	7538	5048.225109	62
3881	9742	1774.227678	77
3889	1095	527.8008052	96
3890	2090	659.4354727	121
3890	16452	659.4354727	121
3900	17980	389.5962072	169
3904	14028	349.4303117	96
3905	2730	862.0901655	88
3909	14118	601.8172907	124
3910	13300	211.524559	255
3916	5559	250.5671867	208
3916	12791	237.7196119	208
3922	699	915.5438697	133
3922	16675	963.991211	126
3923	17850	426.0018138	85
3925	14961	266.0767741	160
3928	10879	1187.386652	112
3928	15654	1292.984135	108
3934	13844	1155.344336	53
3934	15156	1071.438972	59
3947	10793	225.0105996	95
3954	2662	2870.857465	17.10875968
3954	13551	2901.571599	16.37298599
3960	9221	3040.289979	52
3960	18262	3029.427088	52
3977	2120	805.8782539	51
3978	6425	296.6542148	142
3980	4246	689.8732946	100
3981	16928	916.5965837	110
3987	11513	1486.134558	78
3987	13096	1413.569054	80
3987	15407	1469.816414	72
3988	6707	551.1058713	127
3990	1761	388.6163652	48
3991	16302	1927.345777	115
3994	16674	651.428437	100
3995	2117	3642.413099	82
3998	16691	923.0859074	115
4005	2347	1543.558236	81
4005	8234	1570.869264	78
4005	12305	1607.65085	75
4005	12633	1527.577411	78
4008	2343	435.773366	79
4008	8296	381.2440196	85
4008	17643	393.7254	80
4014	8884	885.4351101	55
4016	3411	1468.612502	96
4018	15566	269.4921883	117
4021	8294	1667.627129	71
4021	16151	1213.383	79
4022	4022	1305.003686	59
4023	11099	592.9475486	95
4023	17275	661.2107026	90
4025	13988	1020.103762	94
4030	10255	4323.652556	58
4030	16624	4299.379898	60
4030	17056	4323.652556	58
4031	17973	2893.751526	101
4038	465	592.9393405	93
4041	7345	1490.929925	115
4041	7829	1455.522309	114
4047	13014	1376.164637	80
4060	9637	2965.775626	48
4061	16301	611.4232328	119
4068	9940	2463.426435	101
4069	12342	1142.62728	124
4072	17284	445.8328749	84
4075	13095	1514.302864	60
4085	288	1126.861838	64
4090	835	240.7177527	110
4090	4898	279.366812	122
4095	16826	925.418563	96
4100	9863	1636.735621	88
4106	12618	2272.620207	51
4108	10618	425.8202117	122
4123	1733	646.6592371	79
4125	4605	301.0345573	84
4140	4786	432.3757154	119
4147	11701	528.0346819	122
4147	14652	615.0995281	115
4151	6748	1081.100661	90
4151	10232	1024.131284	98
4164	10740	1137.610452	47
4171	2888	824.6651395	51
4171	5964	803.625134	56
4172	7551	674.904813	113
4174	17595	206.3987162	173
4175	7846	665.4175283	83
4175	8453	515.1027842	74
4176	2760	2014.86407	96
4176	5327	2020.395524	95
4176	11262	2014.86407	96
4176	12797	1987.604369	98
4181	10249	1467.3729	72
4189	2644	456.8458157	144
4191	15514	1120.282876	72
4192	3782	235.6867	215
4192	17809	238.6557458	217
4198	2411	498.0124491	153
4232	13338	487.0794441	143
4232	15922	458.8977979	150
4236	14248	424.3821337	166
4245	4049	1717.924585	86
4245	9386	1700.661368	88
4246	5567	333.5975347	144
4249	17125	627.8644495	41.21271655
4252	9864	3324.342544	58
4252	12313	3240.86307	57
4253	984	1044.835926	71
4253	3854	1159.440597	69
4253	11191	1188.724339	66
4253	17166	1174.27071	68
4255	12562	516.8449145	137
4262	4185	580.1619643	119
4266	229	2862.399809	83
4266	7370	2864.869783	83
4280	15127	916.8165544	86
4282	12595	2430.512808	98
4284	1800	397.2205775	135
4284	5974	385.9994467	136
4287	15879	1771.184502	77
4287	18388	1747.574433	78
4289	10695	1746.996781	137
4292	17475	187.0990589	164
4294	11492	1631.2995	144
4295	4291	1742.813528	61
4296	8079	1450.628614	86
4301	17132	943.1298629	87
4301	17260	809.4619618	94
4303	10813	1073.545267	85
4304	3014	1239.400328	69
4332	11713	237.6333309	227
4333	16342	1243.244255	24.859302
4336	3438	805.7337624	74
4341	13933	2483.044143	48
4343	7557	431.9554202	154
4344	7392	429.2098783	170
4349	3164	3678.47026	35.33572585
4354	6129	812.1444928	137
4360	5192	3233.004306	27.1437722
4364	7154	1136.822608	122
4366	7276	791.3027951	91
4377	6957	920.0287905	48
4383	16380	2299.206908	42.1285547
4388	1587	3522.994417	81
4388	15567	3489.321988	83
4391	1877	697.0268931	85
4396	4103	1540.11168	93
4402	10513	1143.149663	94
4408	4890	548.2555876	120
4417	15115	1733.516356	80
4419	7459	1231.874531	104
4423	3995	222.9815678	116
4439	9491	315.0558752	149
4440	4879	299.9299758	193
4446	3839	289.4662172	158
4459	13863	189.0833932	202
4465	8808	1603.407002	73
4465	9955	947.4003075	81
4467	6211	814.7809615	58
4470	1347	351.7515643	101
4474	10046	2537.438375	75
4475	10014	2259.114907	52
4476	1561	987.4919543	48
4483	14399	1826.008525	62
4485	11146	638.4568263	58
4493	12169	1706.614801	82
4493	14977	2090.346146	89
4495	111	1348.194623	53
4497	4113	440.5918366	51
4510	9712	304.0016591	173
4511	17504	181.8213281	132
4512	9362	228.0803444	216
4516	4051	216.3593653	201
4521	13064	1065.619167	122
4524	396	802.1378046	88
4546	11287	1010.06897	157
4546	16129	974.1192507	146
4547	4365	445.3664608	179
4551	10629	1228.393016	113
4552	18219	192.7439742	116
4556	6180	562.9198807	68
4556	14980	564.7074567	78
4559	13331	668.7149964	55
4559	15206	668.9182875	55
4559	17042	693.0569829	51
4560	2307	205.5820684	134
4577	2379	1871.542901	73
4577	9815	1738.646987	79
4577	11128	1952.739405	70
4577	12816	2070.936941	67
4580	12051	207.5741987	109
4587	6007	338.8220236	96
4587	12190	344.3457988	89
4587	15741	331.5733746	86
4600	7939	423.1741099	118
4601	7012	511.3352049	53
4607	14922	1081.654002	111
4608	8958	491.4635257	123
4613	3912	2285.445437	98
4615	14278	809.7581371	62
4617	141	337.1810656	126
4617	2474	307.625693	131
4618	7934	200.6867832	199
4619	8067	645.3845492	77
4619	17956	675.7778643	81
4628	7769	1318.247872	74
4631	3159	437.9523442	82
4651	1227	283.6501526	151
4652	71	972.7641562	122
4654	11241	1206.041921	41.21271655
4659	9605	3305.867607	39.44033602
4660	11131	740.9375563	147
4665	1850	528.8796753	100
4668	7501	336.1875596	124
4675	8853	694.6785541	123
4677	9518	816.2006242	137
4686	10295	268.1616296	115
4686	13723	310.7856493	96
4690	10718	683.7344215	97
4691	16970	278.7193069	108
4694	13419	1773.033513	119
4698	16175	393.4658139	145
4700	18225	5467.512399	67
4706	14410	589.9292378	40.31678793
4706	15296	704.5222967	34.5675579
4707	8187	1086.280768	26.5536902
4716	10089	295.0103782	215
4719	3183	1171.806967	24.859302
4719	9421	1216.476896	26.5536902
4719	9753	1271.692855	23.27303253
4725	12120	1593.911806	103
4726	10867	4203.699559	22.27216015
4730	1143	233.5528126	359
4747	17130	553.5237236	85
4761	12453	1434.002409	78
4762	5326	3043.592137	101
4770	6659	327.4461779	122
4771	4117	2602.977496	50
4774	12733	304.0435572	135
4776	17555	357.1984369	148
4779	1056	2679.738997	82
4783	1577	629.6411567	180
4787	11854	231.5060508	167
4792	13959	1922.439366	66
4792	14051	1452.793245	59
4795	3571	3687.933773	72
4795	6139	3769.083192	73
4800	5336	2306.101083	47
4802	16999	1010.231858	120
4805	14926	428.4220913	97
4810	2585	2091.736951	80
4811	5445	2867.297071	37.7441779
4814	10591	1346.17344	64
4818	8373	277.8647262	117
4826	9512	266.2648862	163
4828	11004	367.4243621	85
4842	1803	497.6052443	142
4844	16408	1609.581472	66
4847	14670	2530.336975	38.58293741
4848	9611	1923.948871	44.02173913
4849	3283	450.2717589	113
4858	4364	1298.567205	57
4859	4757	812.7329196	33.81608925
4868	16520	637.244547	128
4870	5057	497.8055735	108
4873	16776	950.607532	47
4886	4431	2880.904245	71
4892	16930	930.9419042	111
4908	4991	1632.003184	95
4919	2718	2816.092857	32.36180563
4924	13339	733.7599978	40.31678793
4927	5118	646.5320874	101
4930	12752	563.6740662	113
4934	10677	999.1246888	67
4935	7096	592.5639651	134
4935	14678	581.4152325	134
4938	5300	231.7178602	174
4938	14507	201.133636	171
4939	11413	724.2840889	150
4939	14723	624.9258412	155
4940	1951	581.9292574	121
4944	3848	3698.386085	25.41173093
4950	9979	3103.964263	34.5675579
4958	1083	1878.927283	119
4962	16606	1236.155873	66
4963	8008	2931.812196	52
4965	679	274.3057436	188
4966	11379	925.1789055	113
4969	18351	633.7104227	135
4975	7789	761.4996598	42.1285547
4981	7265	234.8533301	182
4983	5357	275.291633	169
4984	16205	540.078513	118
4989	7670	1514.243745	65
4990	5740	992.63561	135
4994	14833	433.4191578	104
5000	10550	204.4089909	138
5001	1923	2585.995269	65
5007	7190	2811.646859	58
5007	7730	2177.492784	54
5007	11768	2837.600862	57
5014	15183	1792.011478	60
5017	14930	3451.26892	93
5027	11694	2365.959543	79
5030	6354	284.3563327	201
5036	696	974.9978003	117
5036	12432	1053.467282	108
5041	11193	818.2623751	137
5042	6296	3172.660645	94
5044	1645	784.4578631	98
5047	700	1123.628809	39.44033602
5048	11133	6097.186396	30.2968022
5051	5689	197.4695633	218
5052	1454	1793.620287	67
5053	1294	1048.020838	116
5053	2759	1039.542126	117
5054	15661	1186.267366	47
5060	18206	1842.548554	71
5063	1593	537.7006596	107
5063	2189	549.0707877	108
5063	6827	587.8415542	103
5063	8106	571.8733175	100
5063	17152	549.0883312	100
5067	8894	505.2195566	90
5070	14289	834.2953688	101
5078	9724	769.04756	76
5081	14468	299.5920436	208
5082	1127	1109.791075	168
5082	5525	1051.55589	176
5082	8663	895.6090911	175
5082	11747	988.543747	174
5082	18050	895.6090911	175
5087	5652	246.8665796	158
5090	9356	1183.945065	95
5091	16547	1055.584496	55
5092	2269	593.7655437	96
5093	13349	660.1636658	121
5107	17061	813.4685305	74
5108	2406	250.8460998	108
5109	15351	460.6485891	145
5112	2272	424.0607448	80
5116	18195	238.5494404	92
5118	9540	354.1782577	147
5122	7807	556.1265873	94
5122	15671	538.3246715	95
5123	16936	1614.748708	72
5130	5785	1089.048767	112
5130	12178	1081.344026	112
5132	18014	564.664823	83
5133	7144	371.9287913	87
5133	12768	399.1622727	90
5137	12925	1891.589012	83
5140	15358	3082.326548	82
5140	17772	3109.247916	84
5147	10324	665.6798353	109
5147	17405	657.6697405	108
5148	14329	2943.603321	69
5149	13752	3384.193472	69
5152	15136	284.8290921	128
5154	3716	795.6440431	68
5156	2500	659.5061435	100
5158	6097	857.0747866	42.1285547
5158	13970	853.5813904	44.02173913
5158	15560	1123.765072	41.21271655
5161	14218	514.8854224	138
5169	12090	342.9111419	165
5177	1138	399.020791	122
5177	4024	467.9778787	118
5184	14498	525.3826195	100
5189	4062	3034.555115	57
5191	13440	1302.180525	80
5191	15149	1505.938548	76
5196	665	1079.641179	71
5203	8687	829.1494306	106
5208	16304	400.8788623	100
5212	15347	389.1363795	65
5219	9060	512.6376244	110
5222	4568	2794.479713	82
5222	14653	2787.944874	83
5223	5862	720.7437927	99
5223	6293	665.8080722	102
5223	8907	733.82093	95
5225	12451	1700.219578	82
5227	1359	556.0658733	154
5242	11325	438.4879973	175
5245	5140	1501.273773	12.03631207
5245	16240	1530.902607	11.02331373
5248	4487	1185.159289	121
5256	1193	1155.10314	4.099896205
5257	4238	1008.231793	44.02173913
5264	5193	1870.252671	114
5265	12131	1011.625873	62
5266	8302	1860.351432	97
5275	12425	1273.279888	116
5282	14570	3081.878862	59
5289	495	3333.994907	95
5289	4482	3484.980185	94
5289	6065	3365.974301	97
5289	17290	3501.128394	95
5296	11404	617.49426	103
5300	2600	1145.070793	133
5305	13428	1756.089067	51
5314	1593	432.8524511	116
5314	2189	428.8466899	119
5314	6827	426.0769673	113
5314	8106	420.644221	124
5314	17152	360.7717514	143
5318	12224	765.5646064	56
5319	5787	1074.539836	68
5320	4315	727.0319703	145
5323	3047	1318.526077	49
5324	7590	3219.049141	32.36180563
5331	6735	3523.442336	82
5335	7194	716.6157729	97
5336	15263	571.2341885	126
5337	799	1023.991674	89
5339	18121	908.6824852	79
5341	8782	494.0581729	97
5341	10277	504.6238942	87
5343	1276	2128.41736	74
5344	5537	562.483267	78
5354	12227	1927.940259	58
5355	16174	655.1629405	89
5357	13052	413.8033243	134
5358	8745	2149.839056	68
5358	15271	2184.868993	72
5360	3343	440.7862275	58
5363	1324	1103.690014	100
5365	14685	794.1828673	88
5366	16430	877.1303841	98
5367	7134	340.1271606	96
5373	9496	1085.9985	45
5377	13205	1453.989021	137
5378	894	884.8206859	136
5378	2948	849.3527053	134
5378	4514	866.7715191	126
5378	11791	942.529419	133
5382	3634	908.2939796	63
5382	8122	920.3721609	61
5382	14379	830.8906448	73
5387	9671	796.0321312	79
5394	2238	1134.301727	31.65828812
5398	4263	438.5919847	155
5400	11104	528.7206751	133
5401	8863	645.9643834	77
5401	10138	798.5809656	65
5404	12090	299.2600893	159
5406	17103	278.6937756	143
5407	10857	460.5161638	105
5408	742	1267.180412	66
5409	9729	741.1886944	124
5413	14851	502.8736065	119
5420	15436	236.7962939	159
5424	17911	392.5381613	149
5430	9867	1733.924966	35.33572585
5431	7962	545.8504123	203
5436	14720	846.6874663	43.0647448
5443	4728	695.1284857	137
5445	3374	1584.132883	59
5446	1593	562.3130818	110
5446	2189	545.6321914	109
5446	6827	551.8356506	107
5446	8106	512.5610503	105
5446	17152	544.9549046	102
5447	14146	7559.918145	77
5448	1591	915.83622	99
5450	677	968.624591	112
5450	15059	759.2455966	112
5452	3881	715.7502122	131
5456	9670	1535.163366	53
5462	1620	390.1677368	100
5473	3100	4949.406691	62
5479	2688	1504.001784	48
5494	9126	315.1931051	147
5510	16625	1340.983844	137
5511	2678	291.0982532	62
5512	14327	618.7613987	118
5514	457	576.4182119	108
5514	683	553.1512797	116
5517	2521	1589.227811	50
5521	18246	733.2215373	120
5522	17924	382.0915872	141
5535	15502	243.6012794	191
5536	18136	1299.818961	114
5537	7620	1684.4572	141
5538	8563	791.3021688	107
5541	1103	1337.460754	83
5546	4819	913.1178622	93
5546	7740	1065.448624	97
5549	18188	301.1158413	109
5551	12759	192.2115468	163
5557	15082	1527.529275	21.78798276
5560	16627	1765.520537	57
5567	18362	1827.817107	49
5576	780	2916.908459	79
5576	7569	2851.438045	81
5576	12736	2778.906013	82
5576	13924	2798.58016	81
5579	16527	1320.034021	63
5592	10878	583.0258079	53
5592	11152	424.892373	56
5595	4786	303.1317987	137
5604	4420	329.9067396	120
5607	17784	221.5061015	100
5610	15082	1616.50445	19.09611913
5613	1183	424.8793225	145
5617	8682	194.1460626	112
5618	2396	741.0942976	95
5619	9646	583.8714343	65
5626	8759	3477.015009	61
5632	10102	954.4444635	158
5632	15119	892.2196785	162
5637	5580	2633.55339	41.21271655
5637	6992	2457.939973	46
5637	16294	2583.663409	43.0647448
5640	14224	765.173846	106
5643	5005	2543.587215	53
5643	15700	2527.178685	56
5646	6510	3788.479747	76
5646	15007	3822.326613	80
5648	4283	456.5974897	148
5649	13004	2016.160788	70
5650	14552	1213.459279	74
5652	619	748.4929106	75
5654	8198	462.0269839	47
5656	7710	880.3763254	142
5656	12143	880.9476806	143
5657	5641	1640.867389	113
5664	6326	724.2717439	87
5665	910	539.1945591	79
5665	11010	675.2489226	76
5667	7717	1693.631907	74
5669	6108	831.1293496	107
5670	2902	1288.486314	142
5673	5155	257.3521894	259
5674	5134	864.8769169	102
5674	18205	820.271173	109
5681	4325	643.5922462	63
5688	13019	344.4896955	149
5689	11450	406.4975209	151
5690	5048	777.6425975	109
5691	9627	1842.885751	60
5692	4499	183.0600801	293
5692	17400	204.3054956	290
5695	12052	2881.85768	27.1437722
5696	7937	3395.953427	25.97643606
5697	11157	987.4555236	115
5702	12732	2678.998891	91
5705	8749	3163.605222	84
5705	12066	3121.383975	84
5708	527	1882.99234	43.0647448
5708	9453	1836.996169	43.0647448
5708	14183	1826.425688	43.0647448
5709	4297	1630.408722	94
5709	8762	1515.973336	100
5710	11174	480.8173386	51
5712	18080	1596.153802	106
5714	14330	395.1803444	148
5717	1051	344.5603519	120
5721	11122	1267.897887	73
5729	17210	1496.733792	22.27216015
5733	4941	1696.657115	65
5734	2006	1150.146014	115
5741	17779	1386.904713	105
5747	10770	3340.890944	27.1437722
5754	16220	354.6902194	87
5755	15414	1728.579033	58
5759	13175	3018.580354	45
5762	5462	4134.018165	33.81608925
5767	3737	1582.462428	53
5769	6400	1555.075325	81
5774	18340	966.3561989	105
5776	2462	1807.591866	129
5776	5274	1651.917409	130
5776	13913	1982.132475	125
5777	13751	182.299672	190
5777	16882	195.9567139	196
5778	13149	1597.003907	82
5796	9944	764.4881019	68
5797	3536	355.4104053	110
5801	17345	4037.286334	107
5802	5994	1573.550062	89
5802	12615	3054.324472	83
5811	630	453.8258067	107
5812	2852	2096.698126	77
5814	9932	4380.162859	62
5814	12737	4431.179637	61
5829	10042	1299.13363	45
5834	5395	610.4122128	96
5837	2835	4719.353758	56
5844	400	318.5759469	83
5844	7470	315.4768556	83
5863	3871	1342.871475	77
5863	14962	1299.706956	73
5863	18106	1482.049434	71
5866	2116	1334.647844	134
5872	4778	624.0102366	133
5872	6514	613.5358726	136
5873	8008	2821.295084	56
5874	14594	454.8413444	18.27487772
5875	1146	304.9266332	99
5875	18090	326.6938395	97
5880	7760	349.0840806	86
5887	785	778.9664474	200
5887	10252	822.6846285	196
5892	11496	577.739099	39.44033602
5893	15751	1011.688267	114
5895	9971	1159.268838	115
5895	11702	1103.273695	120
5899	2807	580.0247487	39.44033602
5899	9643	575.1403007	41.21271655
5899	9775	570.8327897	40.31678793
5904	13825	1086.144149	63
5907	6760	614.4832602	48
5908	2441	771.0344844	157
5912	1691	793.94591	118
5915	3635	549.5524837	78
5919	5993	903.5717122	36.1209642
5929	13587	1006.047522	50
5935	580	590.179477	98
5942	13039	1983.927148	41.21271655
5943	5922	599.7560409	56
5943	11779	590.202861	58
5951	7778	1406.421424	117
5954	18325	352.4590182	175
5956	9148	306.5062626	142
5956	16049	407.8680358	132
5959	8883	504.8954755	161
5964	6892	863.5313142	44.02173913
5968	7524	2454.478637	110
5970	2415	4098.188545	52
5970	17369	4159.526726	51
5978	12984	364.5907015	106
5979	4616	2402.591785	45
5982	4594	956.26903	97
5983	17957	217.0323364	124
5984	11947	3790.531402	65
6011	4693	300.9897197	211
6011	13765	198.1436803	219
6011	14528	230.2041693	216
6011	17182	213.5671776	209
6018	16266	604.5531159	151
6022	9104	853.2815973	71
6026	14086	294.2852683	133
6036	4065	1726.393764	146
6036	5294	1995.309773	150
6037	10954	1190.293758	117
6037	16654	1367.650154	116
6041	16072	771.8945073	124
6048	3058	4827.187344	53
6054	13874	1505.633722	83
6056	15201	704.948087	70
6062	3262	3860.413177	46
6066	10419	860.83755	44.02173913
6066	13737	805.5238289	46
6067	4120	3269.642468	47
6071	3348	615.3463819	148
6071	15638	658.5031977	152
6073	9003	585.8017984	120
6085	18212	1305.9196	59
6086	15869	2146.154192	89
6087	16844	708.7884567	99
6089	2218	519.2377667	97
6091	6142	1109.545177	102
6092	7571	690.7118212	81
6094	7471	2768.239725	70
6094	16777	2768.239725	70
6094	17832	2768.239725	70
6100	9486	303.8888423	248
6102	7654	716.161249	69
6106	2849	880.4223795	102
6113	12000	254.7496158	194
6115	199	695.5587075	111
6115	7212	700.4412627	111
6119	4039	380.583207	123
6122	8960	2565.141531	45
6126	13187	1210.55403	107
6127	9361	706.8358707	70
6129	14655	2155.341973	59
6133	16485	1382.636815	24.31888239
6133	17951	1426.226019	26.5536902
6137	5174	960.5189957	81
6141	16374	345.6756511	116
6146	3865	1028.805671	117
6146	15967	968.07159	120
6147	10580	1008.364008	48
6149	11691	375.2756001	147
6151	9901	2225.135494	93
6158	8452	566.0739277	91
6158	14543	623.8845894	85
6159	1765	983.0601271	154
6161	10901	1274.567923	20.85097594
6166	15367	1843.103211	84
6169	15999	2447.901547	49
6180	14579	1053.170549	52
6181	17434	4380.701817	67
6184	3999	2286.290172	123
6187	16191	678.9829851	90
6189	10856	717.9951173	99
6190	13904	1267.499203	29.63817606
6190	15477	1244.471111	32.36180563
6192	13410	1253.838455	106
6196	15363	960.6159057	86
6199	2371	912.2545019	85
6199	9409	952.5856097	88
6203	8610	4123.829855	36.1209642
6214	2507	4172.670962	149
6214	14465	4183.007889	149
6215	16099	996.4214409	118
6223	11156	437.276559	135
6227	11369	1390.917542	38.58293741
6229	9908	1211.993883	124
6230	5725	1434.698709	86
6235	16450	608.1709077	78
6239	2299	201.3350716	189
6242	1968	1417.919259	85
