7	6747	227.5585663	191
7	8377	183.5717505	187
9	15309	486.1536862	134
12	2443	1472.918394	70
19	7055	211.8721558	148
21	2535	402.1267587	134
23	2249	773.6723402	98
23	4182	805.7196779	94
23	10174	735.1876765	98
23	14325	688.651221	95
24	5576	1022.178058	124
27	16139	1345.796421	91
27	16399	1384.204479	92
31	11910	732.8749013	99
33	16016	3088.442952	33.08095687
33	16112	3082.752061	33.08095687
36	9562	466.367765	102
38	2567	517.5940828	110
38	13635	345.6526205	131
38	17411	454.4626192	113
41	16037	1158.887059	84
46	16968	2789.978211	40.31678793
49	8011	982.0171704	127
53	3748	2037.556309	30.2968022
62	9213	250.1530794	90
63	10119	720.6242857	130
64	8099	3680.242614	27.1437722
64	12613	3687.525596	24.859302
72	13297	283.0254896	187
81	16645	655.2523495	143
83	12584	1412.735212	81
86	11885	2731.912657	75
90	1574	224.1807277	206
91	14186	1525.918777	104
95	4060	1122.848921	64
99	4853	781.7109518	122
100	15710	591.1379061	113
102	6076	2785.634087	59
104	16589	1777.563996	66
109	1521	792.5109547	125
117	374	489.1902883	100
117	5025	469.768055	102
117	13672	456.1069432	101
117	16424	331.6009277	119
120	14461	557.1964193	174
121	11783	3404.813493	95
122	7713	3320.960694	93
127	17763	368.9916396	229
128	5948	934.8232392	97
132	15718	285.8059809	154
136	4829	1488.398601	63
137	3873	1056.714329	66
144	13939	195.9592321	255
148	16963	254.5829822	163
151	16881	2241.816042	72
153	1491	3619.759888	93
153	6484	3855.411406	90
153	17360	3538.160341	92
160	3840	656.8758623	41.21271655
160	5357	500.2217101	55
161	12790	3116.429656	56
162	6915	705.6594155	134
164	8910	1280.122356	75
177	8508	434.4323151	62
177	18183	443.0141291	60
179	4872	462.23431	55
187	2518	1213.137465	66
189	18823	573.8844489	40.31678793
190	17708	200.540188	188
196	17814	335.5705958	89
197	14076	553.7884235	116
201	13707	1893.047248	37.7441779
202	16824	948.453528	71
204	2184	1097.660201	142
209	3023	263.1813351	187
211	18142	1147.474008	98
219	17639	561.8340893	122
221	396	598.9856631	69
221	14382	678.5330463	64
226	1244	636.1986365	127
229	1605	665.16795	150
232	7493	188.8670206	219
236	10776	2664.016786	47
253	9267	189.9651675	229
254	7932	687.4657117	41.21271655
255	14556	1304.601659	63
257	11737	1378.545792	95
263	6795	838.6326248	116
265	10919	1260.967246	102
266	12794	1238.382738	67
267	11102	616.7786128	157
274	4499	1673.531467	22.27216015
275	7698	2664.011805	38.58293741
278	11619	732.8561195	70
283	289	1379.294464	71
283	11529	1402.683675	67
285	6909	1889.641663	55
286	17854	400.4269259	166
287	6478	213.1647439	202
291	1375	1096.907261	106
294	12628	900.7877175	40.31678793
295	9540	427.6187473	81
305	16256	383.846343	164
307	1310	1134.318279	134
309	4292	636.2366108	112
321	5517	1824.415939	93
322	12679	270.2518524	61
324	13541	1190.140583	108
331	15004	440.5377168	118
336	10268	235.2420601	164
342	18774	2601.234694	58
343	16007	357.2355343	146
347	7605	2448.224215	42.1285547
355	5083	2582.152146	71
362	809	360.7599654	134
366	7877	1038.925228	58
367	18860	190.6454898	222
368	14934	924.6500644	44.02173913
368	17505	897.5340813	42.1285547
372	22	2287.213218	63
375	14302	517.7820756	80
376	1675	590.9106018	58
376	4850	619.7923895	59
376	14604	636.2579284	54
378	559	1131.697081	33.81608925
378	13659	1097.70648	36.92365229
382	50	435.77649	167
382	15719	396.0690841	171
383	3186	805.1024395	104
387	979	237.6171546	145
390	8979	2375.548392	28.99386789
395	12915	349.6876967	200
397	18112	4580.918419	60
399	4837	1380.370464	39.44033602
406	3212	710.2556784	129
407	4629	777.3141528	84
414	14660	948.7957068	132
415	7549	581.4017211	67
415	17145	575.5314407	68
419	1974	1544.598547	78
419	9923	1552.018198	78
420	7866	755.5696798	169
425	19164	886.9942277	100
427	12192	5002.227932	56
429	1678	345.9191109	131
429	6078	419.1168795	135
429	14564	366.62435	142
430	222	2889.681905	33.08095687
431	16606	286.7570054	117
436	1334	256.5925476	124
444	8867	1738.656218	102
446	14677	386.4630336	111
449	5087	1065.990084	110
451	1621	428.5592365	164
454	5184	823.9333905	79
456	18707	790.2720999	120
457	12106	3150.420824	62
457	17460	3344.710386	61
458	3355	947.6973081	101
459	5920	1542.168952	76
461	14994	575.8692957	67
461	19095	491.9184966	77
463	1930	2540.518761	83
465	9653	1989.262141	75
466	12439	2093.295908	51
467	9260	1912.29321	60
469	10887	1270.441032	78
472	17418	1370.108759	68
472	17984	1251.79961	75
473	15314	1161.960597	79
477	3982	1729.042453	45
480	3068	449.2843296	157
481	11453	305.0261368	91
483	22	2214.900421	65
485	1590	200.9992524	218
485	6397	193.7515494	206
487	19190	753.9376587	130
493	14355	373.9116956	106
494	10511	2518.549213	49
496	7090	596.0670979	74
497	6538	2247.095357	85
498	3284	1316.012957	76
498	6072	1025.0943	84
498	6846	1142.12541	83
498	12429	1166.013603	79
498	17635	1041.357781	82
498	18706	1107.754377	83
499	16084	1383.108684	90
501	1458	1350.248719	88
502	6007	1316.842075	106
502	17093	1345.012974	99
503	11886	5186.057713	64
514	8175	1578.68266	28.99386789
516	4892	1930.969783	56
519	17946	811.2390608	124
520	12465	1063.311077	116
523	3108	308.9189512	159
525	4945	710.906474	38.58293741
540	13374	661.2589278	97
543	11889	2253.998332	104
549	47	437.1852112	124
549	8912	434.3771369	116
550	14255	407.1353747	120
554	908	5472.410542	36.92365229
555	12087	534.0732466	79
558	990	624.862647	111
558	18630	676.0554736	105
566	12435	955.1382214	125
568	7593	1751.94179	80
569	3630	839.9013525	51
570	7626	1431.63872	32.36180563
574	13537	1043.735076	124
579	16619	1310.227575	75
581	1945	607.4671092	73
586	12479	577.3696045	131
586	13276	486.5926603	137
591	5994	558.1858183	47
603	2379	897.8433464	66
613	7168	311.7788674	147
629	8831	921.842183	109
632	14140	394.4407921	180
637	14559	1003.391264	111
642	13000	1336.830778	64
649	14551	2188.856337	53
650	3103	472.3077667	82
650	11622	485.0841932	77
653	13476	1923.837939	76
655	10312	337.3766439	83
655	13980	352.0588342	84
656	2933	590.3841737	58
656	5764	509.5155147	64
656	7470	455.1860615	71
656	7793	595.6954252	60
656	8534	590.3841737	58
656	11325	521.3205276	66
656	11803	571.1839215	60
656	13856	481.0965512	73
657	4286	838.6155589	50
659	6021	1052.353205	122
660	5261	892.3840588	117
675	2808	2141.056631	36.1209642
675	17941	2196.9501	34.5675579
680	8856	229.666906	183
683	4582	758.1698682	133
689	779	2141.773444	63
689	7903	2200.246705	61
693	10148	723.2597036	75
694	10280	979.5264368	61
695	1879	837.6381177	24.31888239
695	17596	852.5948444	23.79021103
696	12659	280.8299938	74
699	6002	1644.564268	27.1437722
699	7945	1651.274791	28.99386789
703	19008	616.90261	129
706	13177	1087.50745	107
708	11940	195.6348581	71
712	16700	1885.522069	87
713	12456	199.3788355	113
718	12876	766.5803586	78
722	115	2442.857993	71
723	3693	510.723379	90
724	437	1215.307754	78
725	5042	347.4828473	165
725	12086	374.4275018	175
733	16986	1188.594189	106
735	19072	1168.635653	103
739	17237	1162.834101	107
741	3517	304.8999901	137
746	12601	813.0562972	85
746	17671	666.3197432	94
749	8864	899.7711406	105
751	12102	3385.526914	35.33572585
751	17257	3867.689857	37.7441779
757	1737	2894.967298	87
760	18060	1255.924599	99
762	16564	488.6635386	106
767	13152	190.9708945	129
768	13361	939.0668459	144
772	12476	2279.981996	61
772	12990	2307.099762	66
774	4792	1250.893987	123
775	6178	200.5829033	158
780	7409	1168.27628	128
785	2364	915.8346716	47
791	1386	661.5418741	102
791	14119	582.0808579	97
795	6651	1084.3162	67
799	16518	449.8211258	74
801	5602	549.5094674	48
806	17314	2951.173698	44.02173913
807	767	273.3780989	142
812	5888	1354.593143	102
815	7556	1539.082341	91
815	11616	1506.37547	92
816	1075	187.4441518	252
816	12142	207.1084501	263
825	9635	422.168496	105
826	5261	697.2631167	125
827	12719	247.7245453	253
832	11054	2359.872708	31.65828812
834	955	681.1421588	109
834	9787	648.1127416	113
835	8590	351.8667799	169
835	13463	320.4790182	172
837	5020	893.7242856	31.65828812
840	10444	1139.186432	66
840	13006	1101.714897	68
840	15808	1134.362422	65
842	17495	762.5317332	125
848	15130	459.632753	178
850	3792	259.2981137	148
853	1001	1602.285083	76
853	2221	1506.585031	84
857	3186	1022.387487	94
859	5547	758.2448781	100
861	12186	234.0712248	129
862	19155	316.7713368	91
869	17948	1410.887951	92
873	1092	221.0152212	149
875	3857	1254.766443	149
877	2594	362.7353063	163
877	4510	435.7987046	151
879	12969	1840.817909	67
879	15061	1271.112204	76
882	7747	1115.847184	68
884	18365	1318.145194	49
885	5597	1044.446656	77
885	14757	987.6057657	80
893	7488	2242.206486	69
895	885	1154.387672	75
896	11946	1674.200519	62
905	13361	1002.445777	140
919	7079	1342.030423	80
921	16512	275.1674266	249
926	12334	634.1361881	76
927	9489	1080.91644	82
927	11816	1189.068823	88
934	1936	1283.548454	83
935	2912	2896.254282	55
935	2935	2928.147597	53
937	2330	670.1648405	78
941	7237	373.1638154	76
942	17340	397.506822	118
952	8396	1439.7853	57
952	9617	1242.755788	66
953	11926	830.6670579	44.02173913
955	8052	325.9016739	85
959	3186	1002.254576	92
960	9793	286.4900383	143
971	12456	269.2960321	106
982	1856	1189.310582	101
984	16609	403.6109693	84
992	17901	556.4612735	116
996	12435	978.1507709	121
1002	13782	1669.077032	140
1004	2658	1371.441597	73
1005	18442	1422.070731	113
1009	913	326.1948153	149
1009	8182	362.9895353	144
1009	17377	295.5444278	152
1015	10336	978.752954	107
1016	3074	277.5292375	132
1019	10289	1075.691319	52
1024	1119	522.6496898	108
1026	13472	860.9270497	158
1030	3333	482.2057119	116
1030	8908	596.5255607	120
1040	7521	428.8080216	144
1045	14431	1064.275041	144
1052	7726	1416.632488	150
1052	9176	1197.238012	158
1054	6727	243.2036782	147
1063	12007	2418.708973	75
1067	8950	894.7268038	86
1070	2532	1196.339416	50
1074	11075	252.5714043	178
1076	16195	734.2531375	133
1082	13228	271.3781972	170
1091	14042	659.8883456	135
1112	18827	4931.888087	40.31678793
1114	6126	2220.903129	32.36180563
1114	11343	2382.54157	33.81608925
1115	5261	662.5844187	130
1119	9568	955.9068413	154
1119	18086	1031.147365	149
1134	18315	728.3255124	72
1135	16004	796.6962359	89
1143	5949	777.9855036	114
1147	4251	710.8131193	106
1148	9585	493.5799845	126
1149	18744	1419.774114	111
1155	4808	182.2816884	238
1155	16890	194.8464832	234
1156	11495	923.340802	152
1162	4416	3183.087413	32.36180563
1165	12973	206.2303367	184
1169	3174	1041.807655	142
1169	11582	1137.612838	131
1169	11854	1140.681008	129
1169	16753	984.4930717	137
1174	1757	474.598762	128
1177	15271	604.5356214	64
1178	2004	268.6190193	66
1178	8219	263.7154193	68
1180	3056	255.0141977	247
1181	702	2058.503504	75
1183	46	1373.827511	77
1186	5569	1346.999399	59
1186	14201	1110.265797	65
1186	15940	1398.696681	55
1188	14825	501.8411486	49
1189	15259	224.8867589	165
1190	224	315.9027773	151
1191	9027	2661.559941	60
1193	11004	472.076032	122
1196	12623	1126.858909	108
1203	5221	396.3956276	93
1203	13358	498.8986516	82
1205	12828	1045.093227	156
1208	19100	597.0716899	130
1209	14640	1932.266185	65
1210	83	252.3562542	179
1211	12943	589.0363337	100
1215	13195	634.6533943	49
1217	18164	383.7873087	228
1219	1549	4750.352201	28.36356641
1219	2774	4536.257529	28.99386789
1219	10371	4837.698976	27.1437722
1219	12491	4626.684671	28.99386789
1219	15593	4600.163219	27.74696714
1222	7762	422.4957637	131
1225	8788	1222.634896	66
1225	12532	1468.918979	69
1225	16982	1549.684356	68
1225	17842	1591.422761	65
1243	9473	3913.585327	19.95426572
1243	13536	3998.189408	17.48895434
1243	15469	3961.399537	18.27487772
1246	4924	236.4819157	181
1257	17864	862.5028422	33.08095687
1263	1282	447.1770494	102
1263	17627	502.8416494	88
1270	2310	928.5153063	82
1275	6404	1412.920996	35.33572585
1278	3884	2263.748268	23.79021103
1278	10356	2505.96465	22.76709704
1279	11818	1266.905264	92
1282	4456	1099.672358	103
1282	11976	1677.614702	103
1282	18354	1773.657532	108
1286	16035	529.4323434	132
1292	13945	1409.02691	27.74696714
1293	2028	748.0085973	109
1297	8652	198.589107	136
1301	11113	786.9309618	98
1305	10506	1824.543186	105
1307	7662	3443.494766	52
1309	8186	1009.307284	89
1309	13014	970.7999086	89
1309	17828	999.5850494	91
1311	869	1607.60068	23.79021103
1313	573	1707.678684	71
1314	6265	1678.868096	63
1316	6675	2297.619051	100
1320	1595	231.9817493	249
1323	11457	1136.094019	86
1328	527	269.1288736	176
1329	14818	3400.919292	36.1209642
1330	2837	336.1250118	109
1334	14389	353.4364208	244
1335	18265	181.7862392	208
1339	2480	519.3055362	88
1340	16125	1499.80978	62
1345	5792	394.4988847	132
1347	16165	1427.520178	117
1349	5031	1240.378391	54
1350	10607	1908.425135	68
1353	5234	1104.31645	71
1354	12703	977.0271525	107
1356	15449	2521.93332	104
1357	3828	2078.98283	82
1358	671	1206.508156	28.36356641
1358	8471	1318.46983	34.5675579
1361	16484	2360.375085	86
1377	7889	895.4843717	109
1377	8037	941.3942422	104
1378	18529	4082.516703	25.97643606
1379	14782	1148.218259	70
1385	16457	711.3518674	114
1386	1349	1857.810464	73
1406	11100	2692.30647	60
1410	4665	1306.917816	37.7441779
1412	9985	3650.095251	70
1414	760	291.4982385	163
1414	1390	269.6968247	167
1417	10326	946.5512274	74
1423	16476	418.480304	148
1428	1035	1463.551224	93
1429	2263	1824.638648	97
1429	15809	1853.118978	97
1429	16398	1848.732579	98
1430	11757	2805.715898	93
1434	15806	516.1744323	156
1435	9530	235.8919239	94
1435	11890	300.3826056	99
1439	16447	575.0468692	77
1444	5029	1948.874268	60
1446	11155	1677.662819	100
1449	15923	1038.060907	97
1453	2490	325.0719556	144
1458	18666	798.0334529	79
1459	8249	1767.517337	8.1035948
1459	14739	1802.296655	6.224921831
1460	6303	685.2899403	146
1461	2899	1512.058648	76
1464	2517	1258.309669	77
1467	8290	184.8142756	192
1468	6586	1096.670071	55
1470	9276	210.2600559	185
1475	2918	2395.898508	42.1285547
1475	10916	2673.385576	39.44033602
1481	120	552.1621157	40.31678793
1481	12754	488.5231746	28.99386789
1482	16536	1595.660665	102
1486	5056	276.8294318	139
1491	10475	1125.058471	109
1492	7924	1170.057477	60
1495	8997	757.4494304	131
1499	12072	964.7561522	121
1502	18983	1428.339483	65
1507	15166	1682.707544	122
1510	13093	1307.742832	92
1513	10778	1016.742486	28.36356641
1515	11065	1159.349506	76
1517	3542	3013.995177	80
1518	581	1302.553914	74
1519	2484	707.7751739	87
1519	11265	805.9177427	82
1520	1224	393.0866325	141
1524	328	1611.558299	126
1532	14386	1101.441495	105
1537	91	234.8450738	118
1538	3864	252.7112856	204
1544	1860	2070.18957	109
1546	8619	677.3280886	96
1546	15744	719.7011952	91
1550	7603	623.5024781	129
1551	12873	1130.237026	151
1554	3973	1003.636631	59
1559	17432	1661.305394	135
1560	6384	2514.326008	82
1561	2350	244.4030713	158
1567	2838	205.3541001	137
1575	15314	1203.08579	76
1580	187	851.5800143	64
1583	8336	532.6542027	101
1584	18319	18124.10879	26.5536902
1586	349	745.3127633	182
1586	5810	829.4829944	169
1587	16340	347.9067463	96
1595	15114	1183.595769	119
1596	3908	987.2399901	151
1601	3900	962.8068252	82
1603	5903	1396.643047	72
1606	3787	244.4337255	226
1606	15139	202.805986	245
1607	8131	1728.401266	68
1616	2030	609.9336273	92
1616	13491	609.4409086	92
1618	8962	342.5882792	174
1624	63	1498.746148	82
1626	7413	3130.030028	78
1628	13035	383.3516818	135
1639	3604	2030.47986	58
1641	4988	1507.578863	124
1642	15690	645.1524136	122
1650	17046	795.4469894	76
1652	6270	635.9840638	122
1658	7794	2661.913072	50
1658	14831	2497.684493	48
1664	3201	3938.058368	20.39769385
1664	6419	3913.140533	20.85097594
1664	8689	3874.001129	20.85097594
1664	10486	3903.221504	20.85097594
1665	6460	901.4451537	67
1669	3801	1954.046753	123
1670	6618	299.8728517	84
1677	590	665.7590156	74
1679	2139	182.5889927	265
1682	10886	658.4376549	61
1682	18810	643.9630987	63
1683	11989	1075.023228	81
1691	6587	2254.920863	35.33572585
1692	9076	1188.666832	97
1693	14003	463.8872683	124
1696	17882	499.8538149	138
1700	15852	222.0561908	148
1705	17259	299.6873771	137
1709	3728	315.1046043	196
1712	5303	539.0698038	64
1715	9936	1131.835786	27.1437722
1717	17375	206.6871381	142
1720	9025	638.0975588	72
1727	5901	803.5386578	89
1732	6219	644.9695247	172
1732	7099	661.616781	174
1736	1597	560.5492861	132
1736	14506	573.5667714	143
1739	1391	685.567079	89
1742	119	529.0474458	113
1742	2040	472.6462483	102
1744	6233	693.1442399	108
1745	10007	350.0671961	145
1745	11118	274.8801476	164
1745	15826	255.2345057	161
1746	9838	2010.726883	19.95426572
1748	12966	460.4796131	115
1749	8749	2391.529774	51
1752	7494	1401.713123	103
1758	14418	210.0370143	154
1762	3378	770.2007592	134
1770	4532	315.3035472	234
1781	6206	662.1223283	153
1781	10524	671.203564	148
1786	7310	280.1408664	152
1794	2153	298.2015161	211
1797	14583	1273.079566	104
1801	4276	3081.36344	81
1802	6121	1154.531372	70
1807	4581	257.7923284	282
1809	15722	1191.415798	52
1809	16530	1221.658779	54
1814	8688	4002.48798	56
1823	9472	2453.380397	40.31678793
1824	13761	229.2559484	185
1833	11222	2493.728189	127
1834	2272	1170.951253	129
1836	5505	315.2186032	136
1842	14269	463.2025713	59
1843	8261	261.9110454	92
1843	17618	377.1833886	77
1851	5290	1444.639254	113
1856	1123	978.518771	60
1861	8418	621.6713806	93
1863	6562	327.0076658	114
1871	9499	576.0145893	153
1871	11761	633.2039812	148
1874	1336	583.3174904	105
1878	13381	310.6180222	97
1883	1318	1358.778367	88
1885	2597	727.5073638	51
1885	13861	816.0797554	47
1887	2285	369.0782005	148
1888	1520	845.0999315	28.36356641
1888	1990	840.9949392	22.27216015
1888	3062	842.9506901	28.36356641
1888	9832	833.7061392	29.63817606
1888	12495	845.0999315	28.36356641
1888	12544	829.5520988	20.39769385
1888	13813	833.7061392	29.63817606
1888	13866	845.0999315	28.36356641
1888	14965	821.3017989	21.31433096
1888	18093	845.0999315	28.36356641
1892	3272	2062.865006	47
1894	12966	436.3929227	121
1902	12998	801.062642	138
1903	4560	898.3957048	42.1285547
1903	5514	923.7227744	40.31678793
1903	11482	897.9029094	42.1285547
1904	5610	472.9610066	205
1906	2313	1141.073916	38.58293741
1907	13546	3694.197552	59
1911	16213	302.1492898	153
1913	1904	546.7979655	159
1916	2354	3054.531461	25.41173093
1916	16352	3034.628515	25.97643606
1917	2980	1248.100016	12.30378567
1925	3186	955.0160287	102
1927	3186	924.3175534	98
1929	15746	646.9278196	136
1932	9109	3333.801988	109
1935	10672	1236.089678	159
1937	13302	887.4569471	104
1937	14959	817.8280992	105
1940	16343	290.8680639	135
1946	655	1746.864673	64
1949	7641	331.1244629	73
1949	12564	338.4092608	62
1951	5612	828.8393322	123
1951	17068	946.8189813	122
1951	17118	1027.674175	119
1953	9749	2441.093885	109
1962	14470	4063.811468	68
1969	11259	5160.076467	43.0647448
1973	4558	997.5105465	156
1974	13252	313.5308471	151
1987	11702	829.0338604	40.31678793
1989	2386	646.9660441	120
1992	9691	3109.908886	67
1994	8863	1385.405541	77
1994	13871	1469.505956	72
1998	15586	1337.476137	47
1999	6910	1519.592712	72
2001	8999	1144.430322	91
2002	12453	704.065893	131
2011	11244	811.3072794	82
2011	16540	1092.720361	69
2017	12350	4013.655289	77
2020	16431	897.5524267	113
2021	12504	1473.59489	83
2024	6458	361.5963348	139
2024	9846	361.5963348	139
2030	7262	1182.680477	120
2030	8981	1591.774855	115
2030	14036	1275.485345	122
2032	6172	1912.075867	55
2038	17240	493.1740493	138
2041	14280	1784.751817	93
2042	18547	304.8267679	131
2044	8082	417.4776937	62
2046	3032	1929.393662	74
2047	11897	214.7584116	186
2048	17526	194.78644	249
2053	18295	434.2987685	127
2054	18800	682.9937202	125
2055	4423	5516.32295	55
2057	74	486.2386726	159
2068	18658	4911.408071	54
2073	5249	2556.346209	66
2078	12600	8807.900463	53
2081	4227	234.6777427	141
2081	14598	184.850194	141
2084	12570	288.1293805	179
2089	15349	526.3220212	155
2097	1692	1297.798574	19.95426572
2097	16962	1291.263157	21.31433096
2101	15493	653.0484996	128
2102	5694	1248.088512	62
2107	5161	3670.492541	25.41173093
2107	16717	3831.034002	23.27303253
2113	203	3346.559547	102
2113	10104	3357.355797	104
2117	8309	532.455205	133
2118	3186	767.0746646	109
2122	4534	732.4749175	170
2123	19208	347.1783624	172
2124	18026	249.4049265	102
2125	4640	627.2548337	94
2127	12329	1273.9187	184
2128	17209	1030.61803	50
2129	8385	1048.290874	106
2130	1370	600.1815406	157
2131	10138	2321.879146	105
2134	16280	2716.545463	33.08095687
2138	8514	1019.516964	88
2143	18486	350.959707	163
2144	8254	336.6566975	57
2144	12173	321.0388365	62
2148	10049	1094.059099	101
2151	1606	408.0888263	100
2157	10114	1748.36077	30.2968022
2160	13816	3286.043178	38.58293741
2170	12302	1167.226749	61
2176	12625	737.0782597	33.08095687
2176	16113	834.0749208	24.31888239
2176	18724	781.6402896	27.74696714
2177	10447	1700.126836	58
2182	1332	1261.654162	151
2183	17041	719.7984178	98
2185	12342	1010.017512	106
2191	7348	775.1406001	100
2208	7412	507.7933187	112
2210	3043	244.9528513	103
2210	5653	281.5935118	78
2210	7737	280.9481578	83
2210	10075	254.2271486	101
2212	5310	202.9674544	158
2214	957	1171.272903	131
2214	13630	830.2613835	129
2214	18170	1142.65466	127
2216	14	1550.738918	52
2220	17143	3539.808211	54
2225	2537	363.1466743	126
2225	3844	454.8695787	131
2227	2	2349.496154	32.36180563
2227	2928	2263.995765	32.36180563
2227	3147	2380.562221	30.2968022
2227	4428	2042.358415	30.2968022
2227	16103	1918.234495	33.81608925
2235	15445	434.7392566	94
2235	15637	414.2223508	91
2236	15101	2005.845569	54
2237	12416	755.3844595	41.21271655
2239	674	216.590856	253
2239	3010	236.0380594	247
2242	12411	930.7190478	142
2244	9697	2937.707863	67
2250	11912	667.0400242	127
2252	5700	1310.456953	83
2252	10786	1652.249367	79
2253	7552	547.8542041	112
2254	11852	207.0463083	152
2255	12472	1106.795365	28.99386789
2267	15147	1993.189248	40.31678793
2269	4470	2983.081401	73
2270	17750	314.3596305	91
2279	10527	857.170152	119
2279	17972	930.8035036	123
2280	782	203.5674467	257
2284	14885	603.285733	111
2292	18226	262.79697	139
2296	18623	337.7861634	141
2299	18410	957.2147067	66
2302	1632	2621.383845	54
2303	1897	652.189511	35.33572585
2303	3877	868.4845143	36.1209642
2303	15000	594.2312238	43.0647448
2305	3701	2159.620146	150
2315	7728	1555.513823	110
2319	6100	1686.472767	37.7441779
2324	1994	724.3196726	128
2326	6527	595.832235	95
2327	1982	1665.243627	51
2329	3869	1084.265017	47
2329	5733	1040.304289	49
2332	2723	303.7546306	44.02173913
2333	4687	1957.409442	91
2345	9940	1336.22474	156
2348	18665	2552.112023	47
2353	5411	260.2733744	92
2354	7187	1344.888653	86
2357	8226	258.479851	181
2359	9348	620.6844095	92
2364	602	225.5670047	311
2367	12614	208.9043068	123
2369	541	621.6309863	135
2377	718	745.595575	125
2377	9823	935.3641519	111
2378	3486	524.1684747	82
2378	9083	525.4586506	92
2382	7611	720.3329409	56
2382	10793	848.5682983	54
2382	11070	893.4134991	49
2383	9619	458.0309366	101
2393	7966	268.5958262	162
2395	11466	248.293184	188
2396	17701	400.8821059	91
2405	5685	857.0942918	81
2407	3781	1500.839453	113
2412	15307	769.6728814	121
2414	1927	940.7778646	118
2416	11301	2446.723014	68
2421	7985	344.6674928	102
2430	5388	664.1257487	80
2430	7119	693.5212034	78
2431	3258	345.4894434	97
2431	4153	314.3996563	98
2431	8523	461.8372552	90
2439	2676	776.8765248	200
2443	14599	1431.118279	102
2448	10215	456.6287887	168
2453	184	1221.155537	120
2454	15731	311.7647244	154
2458	8304	3101.125865	84
2460	15303	1066.083377	116
2461	5817	3798.280093	21.78798276
2464	12901	1233.20941	96
2465	8827	2137.517455	84
2489	4036	1794.812926	44.02173913
2489	12843	1816.49527	44.02173913
2492	2155	2428.047073	42.1285547
2492	9511	2404.930753	39.44033602
2492	12262	2303.096534	44.02173913
2500	5064	4777.103741	55
2502	18003	311.0911276	156
2511	7042	2576.907424	75
2513	15375	194.3623465	205
2518	10503	586.0686561	200
2519	7513	4468.57259	52
2520	6350	252.1795285	158
2526	14307	717.1580086	92
2529	7678	585.7457588	80
2531	11164	577.8685188	183
2533	15954	868.7840769	114
2536	7113	567.6634193	138
2538	5346	1257.213624	85
2539	957	1131.81606	129
2539	13630	808.4945428	123
2539	18170	1143.521895	123
2553	371	1056.58945	109
2554	8096	1178.29276	69
2558	18843	2026.375652	72
2562	2320	862.8927566	77
2568	3699	281.6671419	157
2568	4798	335.9568835	136
2570	1044	1396.147072	52
2570	7345	1415.121482	51
2576	19004	1866.799803	55
2578	16203	3448.372139	18.68098611
2587	18285	1388.817928	100
2591	12701	511.313786	102
2591	15621	485.4758804	102
2591	15893	489.7177048	105
2597	13494	582.5311165	163
2601	7814	973.4734009	134
2605	12993	287.5702327	117
2608	8677	2812.893136	36.1209642
2608	12177	2803.152769	33.81608925
2611	11125	2792.104467	71
2616	11846	559.4534983	78
2623	2872	2850.503919	54
2624	4613	546.5986804	146
2624	6043	647.6810965	136
2624	7241	657.8016035	133
2624	15500	570.7601894	139
2627	3645	3228.823794	20.39769385
2631	12487	243.4536963	131
2636	8585	530.0554811	119
2638	10045	664.2058693	95
2645	9651	1322.050347	135
2647	72	310.1488277	140
2648	9462	1703.348676	59
2651	16726	556.3645625	150
2658	16863	263.1223889	120
2659	4392	469.1046999	136
2659	4975	516.9957712	126
2662	12959	1083.386106	96
2664	3284	1377.888431	76
2664	6072	1247.398519	74
2664	6846	1192.314669	87
2664	12429	1449.168702	69
2664	17635	1300.836202	72
2664	18706	1157.988696	90
2669	756	804.1900983	168
2671	10929	375.9710383	43.0647448
2672	4198	2409.63597	43.0647448
2672	14338	2424.598864	41.21271655
2680	15574	1085.13395	88
2686	4410	1004.186782	63
2689	11876	958.7837395	74
2689	16089	1226.02542	63
2696	6477	1499.930556	128
2706	3164	240.4422335	140
2706	3480	239.7649969	135
2707	11032	1820.054909	97
2710	8639	2842.511955	45
2712	1643	1386.368342	7.927429696
2712	10836	1409.308114	5.57708563
2712	12722	1386.368342	7.927429696
2712	12848	1386.368342	7.927429696
2712	17341	1386.368342	7.927429696
2712	18871	1341.205424	7.927429696
2712	19105	1386.368342	7.927429696
2719	16950	729.5886761	123
2722	5442	252.1486797	203
2724	15879	319.5944103	108
2725	4421	5973.903219	50
2727	11540	980.9195924	77
2728	19096	710.4931815	95
2740	15473	907.3733573	140
2747	12456	289.4681089	102
2750	15539	731.9212099	147
2758	8238	1191.47538	86
2760	3355	695.7658163	116
2764	4637	917.8524531	44.02173913
2764	9182	611.851679	54
2765	2678	1046.9531	186
2766	5859	2580.395125	52
2766	14649	2537.330365	51
2771	10495	638.84687	104
2778	5706	215.8911642	226
2779	6848	2250.078882	62
2780	19138	1838.291757	91
2792	11021	2935.155779	70
2795	2947	913.2780856	81
2803	17783	3194.687556	57
2804	16866	432.2691334	130
2811	1057	334.1831622	185
2813	2285	371.2607259	149
2816	15977	452.2896696	114
2816	17374	588.5304246	98
2816	17571	511.0286035	98
2818	16960	2526.371073	98
2826	10499	314.9763186	123
2827	1446	1078.409964	62
2830	741	1851.271483	59
2835	1742	558.4933262	99
2835	12610	580.5552733	102
2836	4094	1039.949569	44.02173913
2837	3101	214.3793019	141
2837	11868	273.1634973	118
2845	1682	1494.38265	101
2851	13211	901.4030009	51
2861	18896	2936.305809	67
2863	733	980.9976004	48
2869	10055	1722.930474	45
2870	1950	321.9697022	269
2871	18452	4215.650823	31.65828812
2881	8767	1927.413528	63
2890	11426	485.414637	138
2890	18202	369.3231018	147
2897	11635	1329.293949	17.87759777
2899	17955	666.3818659	80
2899	19059	676.555434	72
2900	1643	1363.342507	8.848282679
2900	10836	1384.527776	7.927429696
2900	12722	1363.342507	8.848282679
2900	12848	1363.342507	8.848282679
2900	17341	1363.342507	8.848282679
2900	18871	1429.810336	6.363253428
2900	19105	1363.342507	8.848282679
2901	14471	282.3421777	168
2906	985	1656.636638	49
2907	10146	3695.716864	63
2913	9793	213.4631152	167
2915	2624	1909.000982	59
2918	8918	339.3961596	159
2920	13586	776.0842801	117
2920	15415	749.4981109	116
2920	17855	771.5098771	118
2921	3219	1946.189289	37.7441779
2928	780	1917.59184	64
2929	11026	844.4656773	25.41173093
2930	19045	1796.095638	106
2940	8343	1063.383521	105
2941	3779	2362.905344	31.65828812
2954	6034	2528.614808	64
2955	16832	363.4538348	148
2960	5578	3935.164014	41.21271655
2971	2263	1810.881949	103
2971	15809	1861.505848	101
2971	16398	1895.778438	101
2972	1518	2154.741776	66
2972	12000	2044.717098	69
2972	12264	1985.354746	74
2972	13271	2013.336473	70
2972	15912	2019.984765	71
2976	18178	781.4402485	33.81608925
2977	14868	647.2330127	124
2979	3149	406.9148277	167
2979	18058	395.820493	173
2982	1991	820.0860808	73
2985	9771	832.0862247	89
2988	5153	1233.24137	70
2988	12779	990.8632975	85
2992	1672	279.2408193	212
2993	1473	712.8356333	105
2997	5217	1049.685628	79
3003	35	601.3647662	100
3005	1745	800.355035	92
3016	10225	570.4361144	129
3016	13779	654.5407128	112
3017	7453	929.3455568	92
3019	8093	866.646984	125
3022	6664	984.3927739	67
3025	16749	454.147009	100
3027	18220	239.3045146	130
3028	5833	2232.890523	57
3030	11547	517.2137139	56
3036	11909	805.9253418	54
3039	2204	2961.454598	13.73299768
3039	6326	3048.502586	12.85669654
3040	242	243.7086613	236
3040	12012	336.6944656	218
3041	2377	1344.691204	107
3053	7650	322.9306941	134
3055	7602	1201.122276	143
3059	18900	2216.091657	59
3067	4543	243.0060314	97
3069	11377	234.378203	133
3076	4491	972.907064	130
3077	3334	452.9471477	102
3082	17938	361.6406969	127
3089	4088	286.3881569	134
3089	16019	227.1857901	139
3090	9327	875.0651204	64
3092	17235	772.2784037	44.02173913
3093	14010	195.3685417	281
3098	1924	682.9470812	161
3101	9254	2210.963074	103
3106	16299	749.3449883	156
3107	15092	544.8188859	113
3112	16594	906.6787801	104
3119	7805	707.5115558	102
3123	10734	352.5104156	93
3129	6301	362.1876496	154
3130	6443	423.7908406	138
3132	10750	1568.9977	95
3135	2868	1339.911617	11.77465311
3136	17702	2867.917776	34.5675579
3138	7983	305.4155077	266
3146	12964	3835.543574	47
3147	12517	762.6174522	90
3147	14261	903.4252608	87
3147	14592	824.4570502	85
3150	1713	217.666691	245
3152	10973	449.4509671	98
3154	16751	2136.589021	53
3161	384	873.6321761	120
3168	8590	360.8106936	170
3168	13463	316.7177956	165
3172	4173	1221.00042	84
3174	12606	390.180821	136
3176	10298	2721.950818	38.58293741
3177	6823	3119.499873	71
3177	15606	2861.18566	72
3180	2104	677.6996094	103
3181	14020	1957.464319	46
3182	16345	290.5263399	130
3188	12156	1767.111199	36.92365229
3189	1659	1476.857649	24.31888239
3194	12002	1672.82165	66
3203	9496	374.2348374	161
3213	7246	1489.966885	58
3215	15189	1011.948241	82
3220	98	2268.568032	40.31678793
3220	10245	2164.667684	44.02173913
3220	17957	2142.412488	44.02173913
3223	691	1222.840852	81
3228	11009	1492.335182	110
3230	10673	321.2174492	133
3232	11284	185.2478899	284
3244	1685	406.8879771	129
3247	6144	482.571949	55
3255	2061	650.6662265	130
3255	10513	549.9339533	130
3256	2024	999.4298008	161
3258	4192	2598.868165	66
3261	2589	695.637884	110
3267	1353	305.6110191	87
3270	5296	708.3471389	89
3271	7546	1181.286569	38.58293741
3271	9652	1419.506415	43.0647448
3274	17033	1213.766135	127
3278	12904	4829.175546	66
3285	12797	1010.782589	114
3286	7796	911.0392406	101
3286	15483	877.1670403	101
3287	1163	376.1480039	140
3291	797	511.7963054	88
3291	15256	555.6565805	79
3296	5825	839.1960462	103
3296	7433	902.6000654	100
3297	18765	5940.726555	124
3299	1079	1289.724896	144
3300	4878	1095.671728	129
3301	15760	3192.947374	48
3304	2314	756.7535074	177
3304	18525	822.2810824	177
3310	13266	945.5799041	110
3314	10204	593.8413387	111
3314	16293	509.9303831	105
3317	8575	613.8367096	84
3317	13881	819.9349306	71
3317	15964	625.3566861	83
3318	8816	1434.314842	55
3318	14206	1339.183982	60
3319	15	935.9017375	22.27216015
3319	1432	923.403203	23.27303253
3319	2966	946.4547225	20.85097594
3319	4694	935.1022481	22.27216015
3319	5883	935.9017375	22.27216015
3319	6254	932.835253	22.27216015
3319	7012	934.5448986	22.27216015
3319	8623	935.1022481	22.27216015
3319	10179	935.1022481	22.27216015
3319	10472	937.3361314	21.78798276
3319	10620	937.3361314	21.78798276
3319	11710	942.1348124	19.09611913
3319	11951	946.4547225	20.85097594
3319	13671	923.403203	23.27303253
3319	14880	935.1022481	22.27216015
3319	16462	935.1022481	22.27216015
3319	16686	957.7504228	19.95426572
3319	18428	942.629379	21.31433096
3319	19246	935.1022481	22.27216015
3321	17872	2837.308775	33.08095687
3324	8860	2571.411548	36.92365229
3324	10501	2621.468062	34.5675579
3325	17310	337.058281	100
3334	7725	251.8613676	121
3336	9502	352.862471	77
3337	9771	826.7234489	89
3339	5608	2308.554807	100
3343	8613	994.2328627	54
3351	6650	688.180613	153
3354	11648	1663.74931	93
3355	15926	664.8882948	101
3363	4110	435.5659743	129
3364	999	431.0036001	101
3364	8921	460.0743785	84
3367	5743	193.4332171	287
3367	18166	411.2537161	265
3368	1518	1743.976015	77
3368	12000	1817.839287	74
3368	12264	1769.671719	75
3368	13271	1779.770768	73
3368	15912	1623.17531	82
3375	11336	597.4517844	138
3376	10558	699.9610611	58
3376	17052	773.2466983	47
3378	1298	4189.55482	96
3387	8513	567.1493662	40.31678793
3388	4218	214.2462169	116
3388	8599	302.6198643	95
3391	7997	213.7623856	187
3391	15423	192.7997318	200
3393	13988	5498.37069	33.81608925
3394	14396	624.0630817	98
3395	5261	681.8435302	128
3398	6427	485.507937	160
3398	9220	385.5288394	160
3400	5443	1113.823791	57
3403	4764	1176.386475	73
3408	6942	745.83353	171
3411	16619	1297.957905	78
3415	17647	6835.068305	90
3418	744	928.0080039	116
3419	8696	257.6711985	211
3420	14652	664.3783853	164
3423	19006	291.6932886	180
3426	17067	1207.352677	72
3432	12783	700.3422774	152
3434	15285	370.2141962	84
3435	10322	493.4714323	107
3437	7382	601.4243302	53
3438	1855	773.1718167	182
3438	10994	753.5255282	183
3441	15684	1908.148047	67
3443	16194	1491.502762	102
3449	1800	421.2228262	166
3449	7774	382.3566476	166
3458	16055	1555.398393	31.65828812
3460	4268	237.4746194	159
3462	233	650.2962778	94
3462	18163	564.5208924	103
3465	14766	1097.540728	60
3471	15291	3082.9409	44.02173913
3478	12554	192.7066141	239
3479	8213	2002.147478	62
3479	9368	1935.927542	65
3481	524	2490.57177	61
3483	16944	1162.19833	38.58293741
3484	12973	195.8694855	188
3486	41	1975.49711	93
3486	630	2064.569612	90
3486	6644	2123.298497	93
3487	11865	273.7687933	110
3488	8205	210.2819811	173
3493	215	792.3502128	92
3497	762	5534.446588	54
3499	5949	733.5366946	120
3503	2358	510.9752634	97
3505	2452	694.6854112	102
3506	562	1219.222342	73
3506	10012	1276.485711	66
3511	10428	338.4893064	173
3524	10795	399.551975	142
3526	5414	1138.874697	124
3528	6513	835.4575893	126
3553	6813	720.6440336	164
3555	3340	798.289903	95
3556	6613	1734.82675	62
3559	5754	905.4338644	102
3566	1049	506.6718357	161
3571	10290	520.3753182	131
3571	16157	449.4273784	133
3573	8313	380.8409782	128
3576	8222	270.7713862	164
3576	17124	316.0103509	157
3587	3371	2729.237283	67
3588	3504	998.317565	67
3589	6554	2305.732884	64
3590	11528	1071.333583	82
3592	17115	1648.067554	85
3599	3452	781.1341907	92
3607	16406	440.7078248	110
3609	15082	2448.706399	67
3610	17788	1264.782625	75
3616	108	536.7731359	159
3617	9420	859.0289088	94
3623	3487	1328.515092	147
3624	9516	355.7507208	120
3625	2765	1477.358468	97
3627	6879	1792.837207	81
3628	1001	1591.999039	76
3628	2221	1486.74059	86
3629	1838	2619.393168	41.21271655
3640	11167	2691.981329	60
3655	18009	502.722171	88
3661	2940	1366.096527	70
3661	10517	1266.068091	77
3662	1549	4795.080307	27.1437722
3662	2774	4561.103673	28.36356641
3662	10371	4883.076423	26.5536902
3662	12491	4672.78886	27.74696714
3662	15593	4653.574443	27.74696714
3674	17806	541.576886	95
3678	14296	550.8598267	81
3682	3635	3758.570106	12.03631207
3682	4486	3946.514857	9.661404388
3682	9438	3927.592862	10.0955712
3682	9947	3782.017575	12.03631207
3686	10761	1856.788338	121
3690	9696	350.8107505	168
3694	1996	700.0207652	113
3694	10680	806.7148434	98
3701	11849	205.2706755	256
3702	13944	1321.519019	30.97006447
3702	18083	1302.667811	31.65828812
3706	2420	645.061221	70
3706	4364	674.4173073	69
3706	6137	594.3610428	76
3706	6640	724.6410909	63
3706	12724	684.0421358	66
3706	13382	472.3726038	71
3706	14696	705.8171199	66
3706	15358	713.8935505	62
3708	6170	543.7242043	68
3710	1473	608.8229626	122
3711	6000	1138.671603	49
3712	9348	525.0822009	99
3713	11220	503.6005006	115
3718	17017	1144.691731	35.33572585
3726	5850	569.6256717	116
3732	12480	1090.907446	87
3735	139	315.6611197	150
3748	1815	246.9024984	201
3751	10558	860.8061693	42.1285547
3751	17052	965.2267138	33.81608925
3753	14536	218.8912651	88
3753	18465	222.049702	91
3762	14546	1787.519864	98
3766	18388	1261.619529	95
3772	2128	218.4013742	142
3773	13683	1142.085321	95
3778	3631	828.3455988	97
3779	14719	2209.537367	55
3780	9828	1010.849779	83
3787	7057	1193.504504	106
3789	573	1657.085988	73
3792	3194	1603.965831	53
3796	16733	927.6987495	61
3801	3178	1725.725405	36.92365229
3802	1224	421.0065747	130
3809	17993	263.0956421	150
3817	5449	3441.365781	37.7441779
3817	7492	3448.25508	36.92365229
3817	14507	2976.221377	36.92365229
3818	16877	3076.120826	87
3819	17942	345.7846855	194
3823	8002	2264.400883	85
3823	8943	2316.111065	87
3823	12664	2324.978056	83
3839	13181	385.0312471	118
3844	11410	872.2570254	160
3846	16365	7252.360319	65
3856	6013	823.140687	120
3856	14276	848.9040392	111
3857	12799	764.488963	157
3859	15457	862.2728019	74
3865	6818	1472.117107	125
3867	10742	1688.524274	81
3868	1373	431.9470649	140
3868	5668	414.2767722	135
3868	7299	487.8759154	115
3870	12453	742.18728	132
3876	13449	5071.973216	63
3876	14819	5096.940129	62
3879	4636	183.7471222	187
3881	11108	2197.033312	60
3882	9771	915.5318894	88
3889	10313	515.3617678	103
3890	10277	666.2294968	117
3900	15557	385.2412805	170
3905	10239	741.3242245	89
3909	160	566.0900692	126
3912	4909	369.8605132	133
3916	4403	233.220494	208
3916	17043	222.8458301	225
3922	13770	231.0217913	190
3923	10328	426.0018138	85
3925	17664	257.0980053	162
3928	1017	1356.346223	99
3931	6243	1882.438832	30.97006447
3934	12559	1139.239467	54
3934	15682	1088.224703	59
3934	18043	1039.588159	61
3942	2291	595.2619979	141
3947	11117	225.0105996	95
3951	18488	988.4126863	36.92365229
3953	15543	4698.863426	76
3954	1051	2825.571348	17.87759777
3954	8649	2816.365289	13.73299768
3960	7818	2989.507206	53
3966	3595	2390.498315	71
3977	4749	818.7428208	52
3977	13470	784.4656004	56
3978	8984	246.3063688	137
3980	4119	641.2317738	106
3981	429	893.9547239	110
3982	2972	198.731705	168
3983	2829	394.2647381	177
3985	2119	528.16989	137
3986	19256	1451.663204	18.27487772
3987	788	1324.905152	68
3987	3943	1391.769127	77
3987	17538	1434.15109	76
3987	18228	1380.381645	73
3988	10391	473.1821306	132
3990	1836	388.6163652	48
3991	1866	1839.466085	117
3994	729	615.4607791	106
3995	1239	3742.137067	80
3998	2493	891.0778207	128
3998	18549	680.7385487	134
3999	14045	319.3450157	65
4001	6031	385.4769664	169
4002	9074	1834.735652	81
4005	2090	1531.903424	81
4005	6051	1592.915766	76
4005	9403	1573.979157	77
4005	9460	1525.99361	78
4006	5246	1091.365269	177
4008	2587	439.2582909	78
4014	7159	840.802804	59
4016	15265	1478.208567	94
4017	9854	702.284816	112
4018	448	228.5495999	127
4021	12945	1635.887378	58
4022	14532	1068.143574	72
4023	6884	638.6100623	94
4023	17897	611.7356348	96
4025	8439	1073.903222	84
4030	620	4292.101249	60
4030	16486	4227.863564	60
4030	19261	4319.305671	58
4031	3140	2893.123482	101
4041	5535	1503.262294	115
4041	5913	1455.687854	115
4042	13098	613.5804384	120
4047	4393	1489.227593	92
4050	2812	1808.212078	74
4060	13535	2895.468052	50
4061	8162	624.952655	117
4068	15725	2468.225212	100
4069	882	1113.465114	126
4073	10206	887.9745113	131
4075	9654	1508.506054	61
4082	8590	459.5572574	163
4082	13463	497.223302	153
4085	7256	1096.237181	66
4087	10473	2976.259298	27.1437722
4090	1525	260.2354418	125
4090	11053	259.3426349	131
4095	11773	581.9424203	96
4095	17471	856.4102688	98
4098	8822	196.7175824	169
4100	4241	1591.821833	96
4106	5859	2155.820974	54
4106	14649	2225.870498	53
4108	3098	400.1555245	128
4123	4409	635.4376637	80
4125	7363	279.6474255	91
4140	139	380.3206415	133
4147	2152	549.873306	127
4147	4201	577.7571324	121
4147	4537	523.6648527	121
4147	15945	465.0120123	132
4151	2750	1234.180477	86
4151	9376	1138.738331	91
4164	1668	1139.560946	48
4164	11420	1174.816803	45
4171	3094	706.0530185	48
4172	13393	639.1145245	108
4175	8670	697.8721737	82
4175	12530	636.2294682	83
4181	7101	1449.129208	74
4189	2195	454.379593	153
4189	12038	440.3264287	146
4189	13545	435.6679654	153
4191	18813	1096.593652	71
4192	17320	222.4602389	225
4198	746	1155.966204	103
4214	15283	360.0922496	111
4225	3558	615.8030994	46
4225	4787	731.3328216	46
4225	8404	788.3640234	40.31678793
4225	15244	686.6844491	49
4232	5630	465.5899363	145
4232	14671	351.399832	153
4236	10160	306.8100903	177
4237	16757	270.0818398	211
4238	110	1009.744162	111
4242	5013	2282.420095	107
4245	1456	1735.080486	85
4245	16900	1670.64239	86
4246	4689	337.7224541	160
4249	5977	627.8644495	41.21271655
4252	6704	3230.933528	57
4252	8686	3001.021784	61
4253	10444	1176.511815	68
4253	13006	1137.320019	70
4253	15808	1180.586719	66
4255	14303	533.4085709	135
4256	6056	821.0837236	158
4262	5323	574.9302701	120
4266	13444	2798.279051	84
4280	7200	878.1845497	90
4282	10454	2256.993602	96
4284	2788	424.5115912	129
4284	15578	370.1032077	137
4287	2792	1840.436188	74
4289	9434	1914.057833	136
4290	18108	311.8164569	135
4292	15012	658.0766224	98
4294	6696	2078.591248	136
4295	8532	1670.163262	67
4296	12444	1423.911305	88
4299	9003	2548.678606	116
4301	6382	893.1250356	87
4301	13304	818.1166078	95
4303	12436	1157.741918	92
4304	12987	1343.227537	72
4310	6371	1509.688282	38.58293741
4311	11535	960.379604	45
4312	848	1288.635212	62
4319	8859	1169.232117	54
4321	5698	922.2172306	108
4333	14189	1270.123718	24.31888239
4334	16840	922.1553344	117
4341	10238	2482.695799	46
4343	4408	441.1504786	152
4347	82	1722.206855	51
4349	16862	3670.341346	35.33572585
4354	4338	795.445168	138
4357	9416	1954.259449	64
4360	8675	3233.546448	27.1437722
4364	18393	1184.696057	118
4383	12409	2282.314512	43.0647448
4383	18158	2314.487737	41.21271655
4386	7914	2355.216533	58
4388	2923	3456.122947	82
4388	5929	3486.92099	81
4391	2054	692.8224629	85
4393	4495	352.3658651	106
4396	2632	1544.917516	75
4402	16210	1134.321557	91
4407	695	294.8999577	139
4407	3771	421.5725021	126
4408	3841	557.5409237	111
4415	5748	261.934504	188
4415	11447	235.9567541	200
4417	17115	1736.833984	79
4419	9518	1413.58662	96
4423	10678	214.0988271	115
4435	3544	1348.533774	47
4435	5415	1480.558364	46
4439	16534	364.3102027	140
4440	15447	299.1120624	193
4441	7046	717.8812026	167
4443	8769	397.1332456	196
4446	18017	308.9790701	152
4455	2410	665.2377146	146
4455	3348	472.9244252	148
4455	18298	570.6861017	148
4458	416	205.6025907	144
4459	10464	193.664337	192
4465	4020	1640.17356	71
4467	6841	816.8151267	58
4470	18544	358.7811405	101
4473	7337	580.0911755	36.1209642
4474	3150	2799.607853	79
4475	16576	2092.602642	56
4475	17658	2074.805941	56
4483	2647	1860.069338	65
4485	8697	633.8332348	58
4493	9453	2459.225447	86
4495	13229	1430.572291	49
4497	11774	443.9786084	51
4499	9531	186.0346518	283
4514	15515	320.0896529	167
4537	12991	746.3979489	92
4546	12620	717.2966142	161
4547	18636	438.0580053	182
4551	12209	1283.702192	111
4552	7731	194.2945969	113
4552	9764	192.6970168	111
4555	965	199.9683255	268
4559	13473	668.8030971	50
4559	13883	548.3757474	54
4570	6021	1341.77134	112
4577	1518	1905.044917	72
4577	12000	1935.326471	72
4577	12264	1946.477603	71
4577	13271	1970.86282	71
4577	15912	1659.861552	84
4580	301	207.1947493	99
4580	2585	213.1162034	103
4583	19045	1543.628489	111
4587	11777	336.806258	95
4587	19125	346.0380131	92
4598	16863	304.2787956	104
4600	16303	282.0295186	155
4601	13774	472.0755571	60
4604	12836	353.3113115	141
4606	5261	643.3266683	129
4607	14993	1137.551038	104
4613	5763	2188.912887	103
4615	15055	757.2604099	58
4617	611	303.5502235	114
4617	2478	298.2784252	116
4617	13742	424.2065056	107
4618	15548	300.5476191	170
4619	3574	619.2155148	80
4625	13502	445.081608	64
4628	12478	1291.816409	76
4631	16274	438.9756407	82
4636	11256	459.002776	134
4651	11845	477.8004645	118
4652	5257	803.8641262	136
4653	19014	1617.635239	131
4654	3764	1307.05363	38.58293741
4659	16322	3381.845827	37.7441779
4660	901	738.1338178	141
4665	8707	474.4548032	122
4668	5281	288.017151	130
4674	13604	185.7347577	179
4675	14916	617.1598093	128
4676	4829	1274.990813	63
4677	16595	808.7207605	125
4684	526	867.7184349	126
4686	7004	220.9418428	118
4686	14016	186.3516661	123
4686	18314	290.695474	107
4690	6036	668.5316634	101
4694	713	1717.515941	121
4698	208	395.0303555	146
4698	18094	387.7808869	135
4700	4193	5487.415235	68
4702	16814	1158.546455	89
4706	1760	756.1217347	34.5675579
4707	12400	1050.577477	26.5536902
4716	8266	312.3435559	188
4719	9721	1216.476896	26.5536902
4719	14692	1270.69101	23.27303253
4725	6381	1557.666099	104
4726	18420	5945.22072	27.74696714
4730	17711	433.0791611	276
4736	14989	948.7658811	71
4741	13142	312.9103872	115
4747	12522	525.3899623	84
4747	17977	530.5728622	83
4751	14778	426.3764495	97
4752	13073	9152.352942	65
4756	18180	481.0008887	191
4761	13609	1411.099699	80
4762	12180	2627.397022	106
4771	2804	2604.699585	49
4774	18943	325.8587973	139
4776	1500	406.0049952	117
4779	10159	2670.611664	79
4782	1154	225.9482422	144
4783	14246	613.885292	180
4788	18167	535.2608346	85
4792	7158	1972.16951	62
4795	2631	3768.732309	71
4795	4246	3220.733179	70
4800	2164	2207.081369	47
4800	11932	2268.936973	49
4802	3640	993.8181864	100
4805	9719	685.2854496	76
4810	5180	2007.370431	83
4811	8549	2813.189568	38.58293741
4814	4608	1330.565876	65
4817	2523	2966.515105	36.1209642
4818	18207	276.4737836	112
4826	15718	315.5061456	154
4828	15361	325.2360649	94
4841	4441	4943.456825	57
4842	8814	485.5374705	145
4842	12673	464.416206	148
4842	16545	514.9355683	139
4844	14433	1716.618614	60
4847	286	2478.816731	39.44033602
4847	12232	2568.279927	36.92365229
4848	8223	1893.652241	46
4849	3509	452.5192681	110
4858	13293	1255.190582	58
4859	3196	812.7329196	33.81608925
4859	3671	803.9757607	32.36180563
4865	16150	1115.595024	151
4868	10304	654.0675569	144
4868	11225	626.1200974	138
4870	5501	306.8287457	116
4873	7616	935.2659039	48
4882	8740	318.811817	112
4886	3099	2905.479214	70
4886	3566	2531.030526	65
4908	1771	1604.410279	108
4919	3151	2815.387147	31.65828812
4924	2859	733.7599978	40.31678793
4925	10113	242.8218095	245
4927	10411	671.6033286	98
4934	17731	967.0850735	72
4935	3586	537.022776	140
4935	12956	589.6593184	138
4936	1479	380.9523021	140
4938	3967	213.5016429	157
4939	5251	686.4052282	146
4939	12523	626.5684704	160
4944	17617	3744.973098	24.31888239
4950	13592	3138.127905	34.5675579
4958	15296	1837.966096	117
4961	10649	1029.715483	49
4962	2856	1240.135766	69
4962	7045	1241.62978	69
4963	8058	2739.305912	52
4964	910	1627.107688	13.73299768
4964	17888	1650.752958	12.30378567
4966	19041	939.0676779	101
4969	1197	657.0443571	135
4969	10794	623.8239609	134
4975	4646	763.6820236	44.02173913
4980	5261	682.2822522	127
4984	2731	533.8980828	125
4985	14458	953.827444	87
4989	8788	1230.933334	60
4989	12532	1469.803405	63
4989	16982	1510.226631	66
4989	17842	1500.37657	65
4990	4040	965.6106284	141
4990	5298	1001.480519	135
4994	12988	441.2848294	102
5000	1339	188.6448273	140
5001	2396	2517.083158	65
5007	3419	2853.903301	55
5007	11603	2942.794648	54
5014	9689	1729.301081	61
5017	138	3195.374494	99
5017	3437	3440.787768	94
5017	14408	3466.2322	98
5027	10612	2251.091226	82
5027	18435	2303.398494	79
5031	16197	261.30141	224
5035	19027	3008.07531	87
5036	8101	1005.0867	112
5036	9102	984.5108588	114
5041	8328	802.263034	143
5042	7883	3156.312778	94
5044	4285	990.9577223	85
5047	2734	1107.554588	41.21271655
5048	9400	6097.186396	30.2968022
5052	1475	1795.050281	67
5053	1663	1029.951069	117
5054	12753	1187.369911	47
5060	3336	1834.206354	72
5067	17192	480.1249727	107
5070	14395	771.5625424	105
5082	1471	1121.720894	167
5086	16516	445.5537208	149
5090	10243	1175.721221	96
5091	3565	1092.596039	54
5092	17378	591.4863056	95
5093	7588	665.9022948	115
5107	12298	834.1963816	65
5109	6955	442.2208969	148
5112	10798	467.2369248	67
5116	10605	237.7137136	92
5119	2188	2096.362814	87
5121	6512	307.7382239	138
5122	1373	500.7277619	97
5122	5668	467.9996893	103
5122	7299	558.7699778	98
5123	13626	2034.353804	64
5132	18686	597.6769135	71
5133	8378	390.5266582	87
5137	15559	1938.226942	84
5138	1171	363.2310002	170
5140	9200	2849.599445	87
5144	5157	230.2700867	160
5147	6361	694.7956939	105
5147	10525	660.8361347	110
5148	12639	2972.723967	68
5149	12074	3337.0899	71
5152	3612	260.3804168	134
5154	9962	658.8421435	74
5156	19019	652.2472754	105
5157	767	257.0664558	150
5158	2209	1142.255613	43.0647448
5158	15546	1111.202262	45
5159	13208	585.0227376	93
5177	9594	467.5383321	109
5177	16659	400.6260979	123
5183	12090	252.2800486	224
5189	11188	3312.008923	45
5191	3851	1504.961232	76
5191	15116	1445.742261	73
5191	17168	1516.566251	75
5193	15723	409.1299868	141
5195	9106	514.0645572	120
5196	14012	1067.790733	67
5201	3721	207.7616825	245
5203	2076	736.5923835	118
5219	10889	516.1994294	109
5220	3190	461.141815	141
5221	11410	644.5919546	158
5222	2031	2790.149388	84
5223	2249	735.5781599	99
5223	4182	773.3173677	91
5223	10174	714.7202399	97
5223	14325	676.6244517	99
5225	6335	1737.837663	81
5227	15628	569.6185356	141
5234	2161	277.1155175	116
5237	17104	300.9067865	104
5242	7953	462.6960088	174
5245	263	1508.733936	11.77465311
5245	4196	1521.891852	10.78367647
5249	8874	1965.972685	143
5251	5691	663.9463951	88
5256	1176	1155.10314	4.099896205
5256	2473	1126.991503	4.191005009
5256	3329	1023.911149	4.476660231
5256	4575	1155.10314	4.099896205
5256	5618	1155.10314	4.099896205
5256	7495	1155.10314	4.099896205
5256	12638	1155.10314	4.099896205
5256	13436	1155.10314	4.099896205
5256	15074	1155.10314	4.099896205
5256	15688	1155.10314	4.099896205
5256	16127	1155.10314	4.099896205
5265	13715	1058.816018	61
5265	14107	953.7997064	67
5266	8594	1932.914554	91
5275	17640	1125.079145	126
5280	11491	192.4187997	202
5282	751	2980.421462	62
5282	5273	2999.599726	58
5284	18711	560.6801651	87
5289	4941	3494.024628	96
5296	1822	626.8292368	102
5299	9435	1115.129998	74
5300	12359	1148.145576	131
5300	14425	1088.914002	128
5305	6515	1797.518931	48
5305	7226	1753.964294	52
5310	10052	221.2751141	142
5318	14114	744.7088312	56
5319	7013	722.1244643	83
5319	16374	1039.082011	70
5320	4775	715.9594133	147
5323	14761	1277.298633	52
5324	8303	3080.595132	36.1209642
5331	6642	3424.810564	84
5336	2796	449.7488474	140
5337	13757	972.4570427	90
5339	10421	894.1361756	81
5341	467	529.28956	93
5341	6026	485.31791	91
5343	18663	2089.033009	78
5345	2419	514.046114	77
5345	4800	499.5298601	79
5354	11657	1947.664419	57
5355	688	740.8880342	97
5355	14420	581.9427481	92
5358	16072	2180.312214	73
5363	11295	1103.380768	99
5365	18933	754.7570379	89
5366	6785	944.4376134	101
5367	14961	337.3361864	88
5369	4717	2242.540913	93
5373	15465	1088.116236	45
5377	6299	1529.74863	143
5378	9878	943.5360337	127
5378	15451	986.2019864	121
5382	9040	883.1652701	67
5382	14390	954.0015688	60
5382	18147	913.1693242	63
5386	9683	1424.546	117
5387	11191	894.857538	84
5394	8922	981.5935408	43.0647448
5394	11133	1217.740482	33.08095687
5398	1790	391.9668968	165
5398	8499	446.9660288	154
5400	5394	566.9669772	141
5401	9143	645.9643834	77
5401	10409	772.2284156	66
5401	15324	773.0220635	65
5406	11043	272.5812033	127
5407	5634	396.2107257	116
5408	5456	1290.045681	64
5409	11912	785.0790029	114
5413	12587	514.5727907	115
5424	4348	371.3519625	156
5428	2984	254.3660957	240
5430	8551	1738.812842	34.5675579
5431	15707	534.5314668	202
5436	12095	837.8507989	44.02173913
5443	10374	674.6586556	139
5445	8233	1558.532714	59
5447	11370	7416.539392	80
5449	16319	3813.409069	78
5450	6262	950.4517955	117
5452	1905	743.5033386	136
5456	1916	1554.655344	50
5462	17558	375.3104469	112
5468	1909	610.9984943	97
5473	14669	5068.48295	61
5479	4131	1445.964054	53
5494	2557	324.9706029	149
5501	10176	558.8213556	88
5502	732	3734.350585	102
5510	13583	1364.307583	133
5514	1896	539.7388294	104
5516	10662	1056.859353	90
5517	15470	1524.959313	51
5518	4167	207.8655542	137
5521	7738	746.3165351	122
5521	9352	659.2109227	120
5525	19068	220.9117565	164
5532	1981	872.3271616	51
5536	3097	1266.613109	117
5537	836	1570.243584	144
5537	6333	1802.200077	137
5537	8853	1665.69713	140
5538	11670	791.0760012	107
5541	107	1260.545443	94
5546	6714	745.9320725	104
5546	8553	1029.869807	102
5546	14737	1083.040905	99
5548	15604	951.5378973	52
5549	10964	300.5270674	107
5551	9569	245.7608154	144
5557	18317	1484.029504	19.52047734
5567	6616	1780.792203	52
5572	18735	190.7019763	338
5576	5408	2885.92124	80
5576	12433	2824.545073	81
5579	16872	1310.475143	64
5581	1731	1265.350726	49
5584	15647	448.9018509	159
5588	1273	671.63488	101
5592	1971	491.8347645	65
5592	3969	575.5127467	54
5595	139	301.8400151	152
5598	7625	447.8789754	158
5604	12957	331.1635471	133
5607	6222	408.5760608	63
5610	18317	1629.034887	18.27487772
5617	2967	199.581724	115
5617	4664	203.999089	106
5618	4027	773.069588	93
5626	6432	3445.87213	75
5632	3883	965.8718447	152
5632	4519	957.9357214	156
5637	2260	2531.210162	44.02173913
5637	15332	2570.719879	43.0647448
5639	4360	1328.288738	68
5639	8865	1297.92008	71
5640	5410	719.3492061	110
5643	34	2514.061557	55
5643	168	2548.420869	54
5646	3827	3575.231124	82
5648	15010	443.9729909	140
5648	17365	455.3598055	138
5649	15581	1989.136322	71
5650	5267	1175.328036	73
5654	6984	436.8966076	50
5656	18688	892.8306262	143
5657	13649	1653.449787	112
5659	5391	6104.565035	63
5659	17695	8989.498934	65
5664	13941	721.7256543	86
5665	2828	579.1507229	83
5665	9412	666.7896165	78
5665	12319	610.4767912	76
5667	8218	1635.122281	77
5669	3945	717.1886747	116
5670	9722	1308.371852	139
5673	3649	249.5651377	300
5674	5049	759.6037373	107
5674	12525	802.3410549	103
5679	6708	521.4286933	126
5681	859	632.4283167	75
5681	13028	632.8693377	69
5682	4969	185.1178602	265
5688	16164	383.8268205	134
5689	4663	334.3213185	150
5690	17662	767.6942871	112
5691	14372	1826.12478	59
5695	10062	2884.570468	27.1437722
5696	18189	3421.794376	23.79021103
5697	18516	1003.01836	114
5701	16979	457.6499847	107
5702	1013	2841.056733	97
5702	13131	2835.244953	94
5705	14752	3116.062206	84
5705	14962	3040.635853	84
5708	11839	1877.525907	42.1285547
5708	18474	1899.909275	41.21271655
5709	10301	1538.820957	97
5709	10311	1480.202139	100
5710	594	467.7496528	50
5710	1888	457.3149292	52
5712	7025	1603.979054	106
5714	9001	355.8508632	169
5721	12033	1484.26263	63
5721	16435	1273.979909	68
5729	11000	1485.501953	22.76709704
5733	1841	1650.78975	67
5734	1089	183.3840927	204
5735	6253	330.1790463	164
5741	8698	1602.525718	105
5742	7235	358.3480888	176
5742	8994	354.1751193	173
5746	10254	247.5143531	153
5747	17449	2980.034654	30.2968022
5753	3763	1230.395829	118
5754	16933	354.6902194	87
5755	2338	1665.441309	62
5759	8783	2853.060026	46
5759	9773	2828.488847	49
5762	5986	4089.481168	34.5675579
5767	5337	1638.044447	50
5769	13130	1444.419691	94
5769	14996	1470.683539	94
5774	15551	925.4718858	112
5776	6682	1933.517801	126
5777	12973	199.122244	187
5778	3442	1616.468567	82
5781	16693	3913.116979	36.92365229
5787	13629	337.3286248	149
5795	2724	350.0752055	153
5795	6357	347.6240364	158
5795	7379	340.8969655	158
5795	12055	337.6054938	159
5795	13504	367.4038888	156
5796	13269	769.0144157	66
5802	10096	2964.522266	85
5803	10293	905.888923	142
5811	16888	416.3148574	110
5812	18873	2313.814072	74
5814	12919	4290.704849	63
5814	14667	4392.206108	61
5823	4517	1953.673924	75
5829	19166	1302.52375	44.02173913
5830	6749	770.4640481	67
5834	16780	569.0752516	94
5837	6585	4745.876082	55
5844	362	316.2043253	86
5845	1529	428.7676723	139
5852	15133	214.482125	168
5863	5153	1565.746694	66
5863	12779	1401.633885	73
5866	12293	1287.851368	135
5872	6279	541.5530765	133
5872	17404	626.803628	134
5873	8058	2633.677564	56
5874	15891	454.8413444	18.27487772
5875	5907	308.4621861	100
5875	12894	306.2213439	97
5880	11668	354.9695647	86
5887	17018	839.286281	184
5892	1385	504.7119583	48
5892	3133	479.934352	51
5892	10056	509.9472437	48
5892	10821	557.6191338	41.21271655
5892	17140	477.5313779	49
5895	2819	1250.694103	108
5899	14906	570.8327897	40.31678793
5899	19189	575.1403007	41.21271655
5904	4713	1102.962647	66
5906	9039	194.9007517	222
5907	988	537.1497318	53
5907	9226	474.683467	52
5907	11749	398.5943428	60
5907	17459	600.8190437	49
5908	777	866.690372	132
5911	10589	187.9190279	111
5915	10627	623.2164938	81
5919	18222	884.0484545	36.92365229
5929	15571	926.6688904	49
5935	7374	577.173545	98
5935	13772	572.623533	99
5942	17162	1950.759271	43.0647448
5943	16136	543.936383	57
5943	17146	596.3467033	54
5943	17251	562.1755685	57
5951	11391	1670.22893	114
5954	8085	346.7727442	185
5955	1443	540.0989223	122
5959	4908	457.4874666	155
5964	2549	863.5313142	44.02173913
5964	13239	863.5313142	44.02173913
5968	10051	2391.113532	112
5970	17255	4192.418327	50
5970	17675	4039.982314	52
5978	17786	337.1109495	114
5979	5344	2461.059982	43.0647448
5979	11958	2425.481738	46
5982	235	975.0071594	91
5983	6572	356.0806734	81
5984	12970	3793.789676	65
5989	11463	3411.933402	53
5992	6302	832.243464	72
6011	4808	262.4828048	209
6011	16890	331.7077755	195
6012	10976	1358.949009	82
6020	4072	886.1373147	96
6022	4312	775.2876462	81
6024	2667	4985.72119	60
6033	3024	435.634332	84
6036	3821	1803.574688	152
6037	6976	1377.481462	113
6037	16463	1125.759277	118
6041	9433	755.7328608	116
6054	3292	1374.705875	88
6056	13897	582.2566842	68
6062	18891	3887.368036	45
6066	18422	752.6756252	50
6071	1275	883.7175571	131
6073	4130	565.0636108	120
6087	356	740.710188	86
6087	10820	747.206522	88
6087	15113	792.791902	86
6091	924	1287.820642	109
6092	18069	687.8860263	71
6100	1596	300.1968091	258
6102	7585	676.2067108	75
6105	1747	711.7478868	82
6106	8772	898.571592	101
6113	11035	404.0180129	139
6115	8662	696.2040444	104
6119	11373	341.2988792	122
6121	9977	183.6860291	151
6122	18326	2577.110449	44.02173913
6125	6701	513.0578839	172
6126	1624	1329.007257	102
6127	9231	852.6822629	67
6129	15684	1924.097883	68
6133	671	1210.07101	25.41173093
6133	8471	1365.759041	26.5536902
6137	8619	819.2878648	94
6137	15744	881.6936188	82
6141	12320	352.6441919	107
6141	14459	335.5333194	110
6144	890	244.3645398	139
6146	14242	1035.719551	106
6146	14282	1017.855713	116
6147	17326	1129.645441	48
6149	12052	377.0488989	147
6151	9510	2391.658061	84
6151	12757	2547.9035	79
6158	2614	547.1951831	99
6158	7754	600.8865543	91
6158	10034	579.3881274	94
6158	11467	634.1324324	89
6158	14051	573.0915302	92
6161	11204	1274.567923	20.85097594
6165	16913	227.3198243	250
6169	690	2479.603608	52
6180	13263	1079.478672	50
6182	2247	292.6156383	271
6182	11292	191.8885165	271
6184	17530	2265.675578	122
6185	10244	21475.04678	59
6189	5108	708.3128938	89
6190	10084	1243.75912	31.65828812
6191	9682	503.1644689	164
6192	14648	1209.235793	101
6196	10141	1044.834778	82
6199	977	946.6169864	86
6200	17583	219.4560084	275
6203	9711	4135.950273	36.1209642
6205	1103	217.5172781	204
6205	18876	219.7089136	191
6213	1867	2529.538234	64
6214	2369	4065.891733	152
6215	1431	1087.986648	101
6222	19063	1030.393473	98
6223	13979	444.3724843	131
6227	565	1297.78039	43.0647448
6227	2505	1413.748258	36.92365229
6230	14665	1478.235085	85
6235	824	618.3009067	81
6240	16353	580.9432868	138
6242	10547	1405.356298	85
