1	20868	240.9378964	207
1	24753	192.4159431	219
3	21862	464.5870738	136
4	26000	204.1057154	131
12	8616	723.1204519	117
12	19048	644.8654778	126
12	25847	787.0491654	115
23	13705	1256.995867	74
23	32171	1254.799107	73
24	13123	961.9521858	129
24	21543	916.97819	133
26	13892	229.6319696	184
28	15417	1093.388634	121
31	9526	910.6294621	97
31	22422	853.357789	100
33	17278	2823.606183	36.92365229
33	23947	2863.55584	36.92365229
38	30317	382.8435535	144
46	14050	3044.927385	36.92365229
46	26635	2573.506639	37.7441779
47	4497	997.5658212	123
49	1968	820.5649079	123
53	2572	1853.311881	36.92365229
53	13645	1880.42767	36.92365229
63	30123	725.9609424	138
64	9968	3464.684574	28.36356641
64	11691	3532.879895	28.36356641
64	17378	3549.800967	26.5536902
68	263	244.3655474	194
69	2185	229.8871698	142
83	8985	1464.115184	79
86	21836	2135.639483	85
86	23295	2243.441883	84
88	11562	799.6915053	111
90	30664	244.7650027	196
91	13496	1289.964896	90
95	28965	1046.467299	69
99	7853	620.292244	134
99	20753	607.5465452	134
100	16455	329.0287685	157
100	24292	329.7731786	162
100	31556	322.2792465	167
102	7891	2707.350457	55
104	11776	1802.925481	64
104	16223	1838.939839	64
104	31224	1820.100023	63
109	32254	277.6758124	170
115	30960	1570.199779	62
126	20887	891.6541164	107
132	28049	323.9635739	148
132	29365	211.7919768	157
136	2213	1518.946476	52
136	4231	1289.306617	64
136	7230	1445.051061	56
136	15822	1548.277196	56
136	15961	1466.227515	60
136	27960	1507.194841	58
136	32633	1270.703556	66
137	1871	1082.241566	65
137	2838	888.5035394	66
140	291	241.4865446	204
140	3056	199.6484197	223
140	12190	310.4173336	194
140	23965	245.3893697	214
140	31895	272.9425938	219
142	1782	1708.98173	69
142	7616	1617.512568	78
142	9124	1684.421536	73
144	30986	184.2092255	265
151	3260	2301.208817	77
151	17800	2369.492721	72
151	19905	2289.318801	75
160	721	670.0847838	38.58293741
160	10424	670.0847838	38.58293741
160	25704	670.0847838	38.58293741
160	32194	682.1272175	37.7441779
161	14946	3080.210475	54
162	29267	716.7721009	128
164	11653	1344.248655	74
164	23516	1337.910801	75
166	1844	1020.990446	101
166	3251	993.4388295	102
166	27965	998.613818	103
172	1926	557.061445	136
172	1965	575.0637225	133
172	3579	605.4628032	134
172	22613	487.6811871	126
177	4371	406.540208	66
177	9452	396.0696629	68
177	10677	461.7582702	67
177	11489	464.8021696	70
177	21165	468.8313156	69
177	32468	445.5485135	70
179	3109	401.6364698	62
189	6547	411.6403345	68
189	21772	385.9011177	69
190	31569	182.3886598	184
192	19897	220.6502506	153
196	4342	331.2873182	76
196	6958	351.6133134	72
196	20918	330.6622101	72
196	29170	284.7649656	84
197	13351	755.633953	134
201	14859	2042.445325	40.31678793
202	4703	630.7954021	97
212	504	522.0752788	92
221	8830	664.5324273	60
221	11045	679.8741455	58
221	26415	644.534673	63
221	32679	661.91116	60
226	10717	726.6090321	121
226	16597	610.3443364	127
229	8595	647.6253931	156
246	9798	1844.83403	94
254	5626	555.1232634	66
254	22441	543.6331342	66
254	31717	521.3642132	66
255	13236	1192.210165	67
261	26421	323.3374986	128
263	19493	669.4823233	121
263	19714	663.5761638	117
265	12672	1029.155564	121
266	12334	985.6257054	77
266	17693	1072.042286	76
266	19701	1082.645245	79
266	24322	996.3914859	76
267	11800	621.2263344	174
267	23753	585.9305766	180
274	439	1515.235973	29.63817606
274	4567	1517.224435	30.2968022
275	12571	2631.395923	38.58293741
278	13625	774.0380645	59
278	20658	755.7253932	63
278	30397	775.0128352	59
283	19955	1348.825152	70
285	6715	1759.819785	58
285	23647	1769.834831	58
286	11476	283.496736	191
294	18485	889.3839403	40.31678793
294	27064	929.4334219	39.44033602
305	11642	321.6266978	180
305	15950	319.127728	184
321	32572	1899.889291	95
324	12318	869.3042806	128
326	4973	478.3662927	104
331	323	379.5515228	118
331	8819	420.3900169	111
331	21289	420.3007503	116
333	16546	1269.549724	112
333	17533	1251.692426	116
333	25543	1247.66926	113
333	26419	1250.165406	114
336	14548	262.8650471	160
338	11621	446.4306278	113
338	26501	426.9503929	110
340	7274	426.5948593	121
342	8587	2607.290012	60
342	11157	2752.062434	55
342	21118	2728.011674	55
342	28486	2624.226348	60
347	28107	2421.841841	44.02173913
350	22431	1340.51941	110
355	24390	2339.95855	74
362	19471	358.6022167	137
365	17095	927.6872451	63
365	31745	960.7561236	58
368	15423	751.8059029	51
369	2541	724.6449784	114
369	6196	745.1457421	111
369	20816	696.6306217	116
369	26086	651.2544295	112
375	23999	500.1500483	90
376	6341	999.0355291	21.31433096
376	24755	902.3749384	18.27487772
376	27920	992.0270923	22.27216015
376	29427	1013.991229	21.31433096
377	820	855.5662965	96
378	17997	1065.478405	37.7441779
379	22443	206.664167	147
383	9890	706.3139551	109
383	11459	677.8257134	115
387	21241	258.8207481	136
397	9726	3630.618828	79
399	199	1302.717735	38.58293741
399	6359	1304.731107	38.58293741
399	21090	1308.460955	38.58293741
399	21206	1297.728723	39.44033602
403	27814	187.0000479	180
407	4017	692.7441718	108
408	15602	1582.401848	79
408	25044	1541.549957	83
408	30119	1546.968797	79
413	28805	191.6743402	190
414	6369	759.7093573	137
419	4440	1576.714678	76
419	22189	1586.287452	75
419	26600	1588.440237	73
420	29272	499.6317198	192
425	6411	875.7962061	103
425	23777	853.077257	102
430	31473	2989.062671	25.97643606
435	15820	330.3650372	159
435	20007	290.9034355	178
437	25506	454.7159264	176
437	27208	467.5459189	176
437	27774	446.9819316	173
437	28067	433.0354876	168
444	14658	1561.222954	112
446	16116	549.8702053	69
446	29125	513.9592503	72
449	14429	1075.368565	103
457	21612	2773.160242	68
459	3269	1634.980735	71
461	2491	507.9187262	73
463	1425	1279.418193	125
463	6631	1287.331934	125
463	13836	1309.922796	124
465	31116	1886.558647	72
466	8047	2104.127541	51
466	9645	2126.401299	51
469	21045	1261.928261	79
469	28056	1303.124612	75
470	5386	1570.280773	73
472	3978	1367.333178	66
472	25248	1379.679898	65
472	28140	1389.439109	64
473	3871	1040.451469	92
473	12145	984.6347947	92
473	15770	1032.188894	89
473	17149	986.8827498	91
473	31884	1046.371625	90
477	11304	1659.117375	47
477	15815	1661.34003	47
478	195	257.5729866	156
478	31939	281.6007345	152
481	19695	200.320199	104
482	2811	899.8678311	98
482	32935	729.597224	99
494	16859	1272.569022	95
495	7544	375.732563	88
495	22862	365.9754366	92
496	3505	623.2085212	70
496	10485	630.1384674	68
496	24635	633.7164122	68
496	25382	600.3452825	72
496	25687	618.9972106	70
497	15428	2122.32556	64
499	6599	1550.122701	77
499	11706	1500.667214	82
501	9937	1290.537341	94
501	19148	1291.013913	95
502	16546	1288.854295	105
502	17533	1316.208961	100
502	25543	1339.369485	103
502	26419	1312.847968	106
503	20138	4959.755729	68
503	23498	4970.343085	67
503	28709	5075.237398	67
514	19793	1548.665818	30.2968022
514	30156	1548.665818	30.2968022
516	2732	2032.02303	53
516	7441	2038.726671	53
519	32763	579.174337	145
520	10312	341.0904324	188
523	28662	268.7121242	162
525	14086	905.9448368	35.33572585
525	15944	917.5753214	34.5675579
525	20439	907.4365378	34.5675579
525	27886	917.5753214	34.5675579
540	13328	906.7963893	69
543	24156	2469.177797	98
545	26109	281.2000207	178
546	16199	770.4069025	104
551	30050	211.0185972	216
555	17472	439.0806391	85
555	24126	445.7131645	85
555	32713	522.1722355	82
555	32783	448.5051173	84
556	4055	236.2822507	88
559	33467	224.5300892	275
564	28461	1273.04803	82
566	30449	1028.76441	131
568	30762	1696.597666	79
578	19908	186.6203592	129
581	13684	591.2890923	71
591	11743	531.0690441	51
591	25655	533.5499303	50
591	26665	564.4993472	45
591	30524	566.2448748	45
607	4292	250.5982519	195
611	1971	232.2910366	150
616	26570	711.9629311	127
622	8212	951.9623425	75
624	28002	430.4717007	130
626	16497	430.9383431	130
629	8196	811.928174	120
632	17052	442.4979512	163
637	5398	671.4528078	129
641	7391	346.3920629	186
642	386	1222.488982	66
642	22511	1226.664557	66
642	28670	1200.630498	68
642	29273	1184.377108	69
646	8675	719.7216975	147
651	16298	248.8101044	167
651	30506	238.6731781	166
655	26763	342.4375352	80
656	2956	640.0192365	46
656	7920	673.7027836	49
656	14254	630.0108175	47
656	21946	650.0891071	45
656	32343	625.4716587	48
657	2523	794.263533	56
657	25145	775.7231769	59
657	31802	857.8105909	51
658	9975	1024.94128	142
658	21182	946.9002333	146
658	32099	1026.30967	139
660	9442	966.6313817	117
660	32714	802.4455787	118
662	24295	419.4226307	118
670	3581	248.3456355	131
675	5957	1883.048163	48
675	6132	1866.286143	49
675	32190	1828.010938	50
678	7347	1517.954854	112
678	15978	1523.458307	107
680	3144	331.5188399	167
682	4625	2023.892311	52
683	23332	533.5212958	138
683	28933	730.046589	141
689	2098	1488.535454	76
689	18686	1396.153204	78
689	33279	1524.480004	75
693	12256	422.5887308	116
693	22551	419.8047723	119
693	31733	469.22148	100
694	6225	780.6686953	73
695	1551	843.9111248	25.41173093
695	23549	846.1490019	25.41173093
695	28100	857.4350516	24.31888239
695	33321	842.5056666	24.859302
696	19903	260.2976468	77
696	25850	258.0198739	74
699	1815	1620.26489	32.36180563
699	13252	1630.715861	31.65828812
699	17878	1614.515379	32.36180563
699	27059	1630.715861	31.65828812
706	10612	1123.312593	103
706	21782	1108.183915	100
708	29982	201.5376728	66
709	23225	599.7418288	134
713	30100	224.7935391	107
718	7119	366.9809601	110
718	10669	447.64678	107
718	10849	376.4519178	110
718	27414	483.8212494	107
722	10721	2214.727265	82
723	5693	514.0813351	84
724	19089	1143.94293	84
724	20593	1173.213837	82
725	17315	408.0046766	135
731	8576	374.7857898	146
733	4362	1051.241639	114
735	4145	1113.509321	92
735	30625	925.5616114	100
739	32423	1082.235946	108
741	9546	226.3992616	135
741	18283	220.6522106	144
746	16637	371.8321275	133
750	23220	481.6007891	123
751	8929	4679.21932	33.08095687
751	20241	4719.438811	33.08095687
751	30535	4710.863698	33.81608925
755	14021	241.5094537	183
755	16535	268.047841	178
760	4385	1111.697185	89
762	14797	441.9640675	112
762	15259	384.2352627	125
764	28358	472.2275209	118
766	26802	716.5907657	84
768	4125	789.9696596	152
768	4802	862.0438221	152
768	14522	900.8776092	146
768	20184	837.6151151	157
768	24587	855.9658308	157
773	17530	196.1335419	176
774	13377	1160.923909	102
780	9699	551.2295281	179
780	31388	542.2296167	179
783	15901	591.580909	73
783	23669	563.1169942	80
795	1802	1204.590325	56
795	14394	1148.599138	60
795	16391	994.5600209	67
795	17642	1118.059383	60
795	24661	1114.040464	63
795	29863	1138.01423	60
799	7326	433.959662	69
799	22111	437.8917415	68
799	26844	437.8917415	68
799	29375	438.5346435	68
799	29785	424.8700141	70
799	32303	434.9935084	69
801	23680	495.4374978	45
801	24196	573.4263767	52
806	12605	1764.812519	77
806	16087	1669.299596	79
806	18682	1730.430681	75
806	29667	1680.998487	78
812	19563	1035.573409	115
812	24683	968.8136367	120
815	11864	1750.522834	76
816	1293	2050.94547	75
816	7596	2066.488108	76
825	22804	356.6615615	105
826	9442	745.5197438	133
826	32714	650.1082335	134
827	6075	213.7906687	260
832	12470	2373.602709	30.97006447
832	22295	2317.87985	31.65828812
834	7318	674.6066103	102
834	16975	665.9174121	102
834	21299	713.2380348	102
834	25279	674.2969272	101
837	9061	949.7310157	25.41173093
837	22410	954.4744634	25.41173093
842	10126	640.6665572	124
850	14812	223.700182	143
850	26229	213.119293	138
853	22767	1541.70655	76
853	23797	1527.670246	76
862	11217	397.973458	83
862	28683	401.1121356	86
862	30594	381.8075393	92
862	32380	340.694028	99
869	2176	1537.38691	85
873	6956	242.5379065	141
873	32521	249.7599458	148
875	7640	1112.253192	138
882	20418	1092.644901	71
884	3121	1371.599478	48
884	23305	1395.988894	46
884	26420	1398.508228	46
885	21245	788.6283649	89
893	23861	2125.922434	69
895	22332	1057.705768	67
896	9651	1729.38294	58
905	4125	836.4615558	147
905	4802	888.7329431	149
905	14522	945.1625885	143
905	20184	886.9401136	149
905	24587	873.4036174	150
906	21482	213.0070954	133
919	21870	1281.558051	90
920	27426	2110.934732	69
926	28506	450.9746103	112
926	33209	453.6272352	126
934	8570	1204.234264	84
937	1010	543.1502144	96
937	5287	551.1120856	93
937	15642	545.1015452	94
940	26868	358.4997228	150
941	9413	426.7307094	64
941	30257	436.2002915	62
946	5972	1592.009136	48
952	29549	1303.842796	63
952	30516	1361.352623	60
953	6587	589.3693907	68
971	30100	296.1087138	96
982	9741	1207.151702	104
982	24871	1221.524257	102
992	4957	460.1399235	133
996	30449	1020.706646	134
1005	3529	1237.876727	124
1006	5019	1888.388258	36.92365229
1006	20956	1884.542823	36.92365229
1006	30060	1617.00064	38.58293741
1009	6443	442.8456955	135
1016	2474	366.0877095	107
1019	9635	904.6235923	65
1021	24109	1199.147782	57
1022	2541	876.4894098	107
1022	6196	965.359825	103
1022	20816	1013.654917	99
1022	26086	706.4805741	119
1024	6103	362.8821298	109
1024	23313	342.3368937	120
1025	31817	216.9399565	181
1030	4996	495.2955731	116
1043	15909	224.1318158	205
1050	26568	923.9450003	107
1063	2428	2219.38346	78
1067	10829	590.8456586	109
1068	29420	702.8902215	155
1070	1105	1001.950265	56
1070	3316	967.2987694	62
1070	29693	991.114791	62
1076	360	545.6657266	145
1079	2783	595.0492251	114
1079	16259	750.8065095	108
1082	11054	469.8016945	137
1088	8081	368.3725626	33.81608925
1088	33190	368.9322368	33.08095687
1114	25112	2496.949483	31.65828812
1115	9442	709.7526658	142
1115	32714	668.0569205	131
1129	3731	472.0583614	49
1134	7636	775.1301449	67
1134	16356	799.2327549	64
1134	29998	798.2093297	63
1139	15037	615.3378607	119
1143	9838	1017.654161	92
1143	20220	987.2018592	95
1143	30052	1027.592998	89
1143	32186	1018.855507	91
1146	3962	2197.020461	25.41173093
1146	11392	2175.706874	25.97643606
1146	14715	2115.205609	27.74696714
1146	26449	2200.49389	25.41173093
1162	26638	2959.244874	36.92365229
1162	31084	2955.014204	37.7441779
1170	5675	1250.296248	132
1170	10995	1261.463737	129
1172	12870	250.2378729	213
1172	28766	285.5882967	193
1174	9423	493.137699	122
1177	11573	765.7826302	74
1177	12134	808.6191788	71
1178	893	248.4995887	70
1178	20788	230.4261858	69
1178	24687	248.4995887	70
1178	30605	260.3933274	70
1179	7617	510.1785876	94
1183	462	1314.980026	86
1183	7082	1325.977325	81
1186	2914	1072.727371	72
1186	5182	1018.556546	73
1188	2311	519.7049058	46
1188	15926	534.9078014	43.0647448
1188	23740	405.7664197	50
1188	25436	531.8960909	43.0647448
1189	14145	307.2286897	168
1191	15805	2559.00208	71
1193	8248	502.9255909	99
1194	24281	858.7837802	109
1205	31927	637.4783482	158
1208	13699	876.3081903	112
1208	29079	726.5512057	118
1209	27261	1947.307753	70
1210	27263	308.7899176	165
1211	394	445.3290619	119
1212	21593	363.6539745	129
1215	1	657.5513481	46
1215	683	692.9916588	43.0647448
1215	2562	658.8425654	46
1215	32055	666.8663082	45
1219	12954	4470.186434	30.2968022
1219	27904	4592.535602	28.36356641
1222	10032	379.5210147	123
1225	10951	1385.349434	70
1225	24308	1468.028296	65
1225	30940	1517.937006	65
1225	32358	1267.399882	74
1226	10056	374.3406601	126
1226	16054	507.5988519	128
1226	17940	530.9271041	113
1230	17678	1390.729975	75
1232	21616	1170.060258	16.73683012
1234	189	621.6096588	143
1234	14689	613.6534684	153
1234	23062	619.743568	140
1234	28416	628.2232472	151
1239	32049	192.3193319	186
1243	7900	3683.661648	24.31888239
1243	13467	3698.334255	24.859302
1243	17255	3696.077571	23.79021103
1243	22849	3653.55848	24.859302
1243	23734	3704.512394	23.79021103
1243	24112	3674.637454	24.31888239
1243	27146	3709.472791	24.31888239
1243	28221	3687.261906	24.31888239
1243	28223	3679.391055	24.859302
1247	10202	577.5824814	94
1257	4773	783.3354724	43.0647448
1257	18962	763.2678612	41.21271655
1257	25629	770.9449806	40.31678793
1258	11391	209.2701966	177
1263	15202	550.9422316	88
1263	16643	561.7774723	87
1263	27941	555.8256731	82
1268	26759	461.0275065	129
1275	5774	1444.732993	32.36180563
1275	11188	1473.365559	32.36180563
1278	16385	2449.870642	25.97643606
1278	17886	2460.219132	25.41173093
1278	28507	2446.102096	25.41173093
1279	11769	1205.779107	90
1282	25319	1940.890532	95
1282	32684	1893.080513	101
1285	6592	409.9245787	94
1285	12550	418.2377072	76
1286	11767	1975.794428	42.1285547
1292	26916	1425.835709	27.1437722
1301	4503	656.0484047	115
1305	22323	1666.593801	121
1307	6969	3001.17086	60
1309	273	1323.826733	67
1309	9050	1337.542625	66
1316	9591	1842.556863	109
1320	27859	184.6198665	276
1323	2924	879.0317083	98
1323	8761	699.1042837	94
1323	26145	918.40466	94
1324	8446	308.9750384	127
1324	11876	334.4502996	113
1325	17307	807.4009506	131
1326	9244	186.729715	194
1329	4557	3309.277951	37.7441779
1329	19314	3285.028559	37.7441779
1330	2823	311.925983	104
1339	2597	402.8450092	114
1340	28	1419.419509	64
1345	25269	467.1122919	117
1347	20499	1407.830991	116
1349	6626	1053.848372	57
1349	15512	1069.369838	55
1349	22768	1098.742871	59
1349	28389	1070.455555	55
1354	1935	981.239851	107
1354	9358	930.6472798	106
1354	19956	1011.217606	103
1354	27104	913.8184855	110
1356	1158	1719.69959	128
1356	5659	1995.617632	119
1356	19689	2018.529086	119
1356	23625	1769.697705	127
1356	30957	1795.601126	126
1357	29514	2104.230086	75
1358	18019	1055.953424	42.1285547
1361	13023	2304.709233	88
1376	9518	655.1895799	52
1379	8138	351.6777321	140
1385	19397	433.0240037	136
1385	22909	569.0643934	115
1386	19720	1469.570256	85
1410	11977	1180.742716	49
1410	13688	1236.180296	41.21271655
1410	19315	1231.705249	41.21271655
1412	271	3276.869061	76
1412	9753	3338.085696	77
1412	23828	3294.936142	78
1417	27112	916.5315076	68
1428	2944	823.4650643	125
1428	12354	827.5841611	139
1428	29718	787.302501	131
1428	31070	848.3883731	134
1432	22847	279.2145495	153
1434	18027	313.0454939	196
1435	17632	182.8694108	130
1435	20388	193.3549398	127
1439	19276	602.1330375	66
1439	32555	508.3952751	75
1444	28036	1960.12285	62
1446	17505	254.0139164	209
1449	13308	1025.320512	88
1449	15230	1033.595111	90
1451	18448	729.6015397	102
1453	144	206.3377292	191
1454	7100	2201.931026	60
1458	2146	802.623905	78
1459	30818	1735.757116	14.66902675
1459	31619	1741.683655	13.1424009
1461	8459	2212.706222	86
1461	8916	2131.518951	83
1461	29428	2156.275827	85
1461	29605	2205.009869	84
1464	17883	1260.699118	67
1470	11054	459.214154	134
1481	9928	572.354836	36.92365229
1481	12562	555.7952617	39.44033602
1481	25054	574.2197486	36.92365229
1482	27591	1267.158213	102
1492	13034	686.6869529	106
1492	27306	718.316007	101
1495	31743	602.199757	154
1502	20568	1505.895952	62
1502	20947	1466.625237	64
1507	3358	1381.870761	115
1510	31637	1364.181506	95
1513	4399	1078.628064	24.859302
1513	6844	1084.226159	24.31888239
1515	18297	1199.82884	81
1517	4290	2292.972935	92
1518	3373	1161.806624	82
1518	15442	1150.766093	84
1518	27257	1147.677277	84
1519	13920	619.2136851	98
1519	22683	619.1709482	97
1524	4612	1531.361045	118
1529	33462	205.2800482	128
1531	6130	469.0397999	176
1531	7684	497.7800664	176
1532	16170	921.3138136	97
1540	17501	968.70691	83
1550	4657	569.4226051	129
1551	10797	733.3231465	162
1554	16722	870.7710155	63
1560	1434	2254.593895	85
1561	29792	183.541053	219
1566	13414	793.8791634	160
1567	31208	286.0966251	116
1575	3871	1147.481469	83
1575	12145	1011.261251	91
1575	15770	1039.941839	87
1575	17149	1056.121492	89
1575	31884	1189.779563	82
1577	2255	1147.004473	91
1577	22182	1147.395506	92
1578	10918	2799.108433	77
1578	12373	2781.265624	75
1578	16445	2843.933243	75
1579	6854	488.034322	153
1579	28900	516.1460083	157
1579	29762	533.6128715	155
1580	176	547.2024936	85
1583	10841	535.7584681	99
1584	17131	17340.79913	28.36356641
1584	24213	17264.67389	29.63817606
1589	27740	427.3450551	94
1595	22529	784.3848732	145
1597	5474	621.2746208	120
1599	16077	228.7039817	104
1599	19132	239.3496083	98
1601	987	735.8828342	94
1601	22046	651.9115563	97
1603	16747	1284.689593	85
1616	24862	675.4948247	86
1618	21812	390.8280948	162
1618	25316	407.4831942	160
1618	31369	408.2493518	161
1626	12837	3106.169552	79
1630	949	1348.451833	117
1630	8062	1477.26231	109
1630	9239	1291.633361	117
1630	21674	1274.001309	119
1630	30450	1343.840936	117
1635	21642	321.5223277	176
1638	5957	1805.60912	48
1638	6132	1781.083988	50
1638	32190	1755.586736	50
1641	3850	1181.761994	138
1642	4793	597.8997172	133
1643	21486	581.3662695	50
1649	11724	609.4792004	113
1649	12454	593.3932311	112
1650	3353	858.6097572	72
1652	25872	560.1538728	131
1656	18568	310.1115082	87
1656	20885	293.5425335	94
1658	4349	1937.53013	70
1658	9347	1913.554395	72
1664	17677	3348.839953	30.97006447
1665	15074	694.2424972	89
1665	19615	715.6909863	80
1667	13525	2341.109487	62
1667	26615	2341.109487	62
1668	12953	650.4905352	174
1669	28551	1567.360015	126
1670	4371	408.6170888	66
1670	9452	440.6661828	59
1670	10677	366.7389561	69
1670	11489	369.8561733	71
1670	21165	377.5492861	69
1670	32468	378.8510187	66
1677	1535	797.0145863	63
1682	21412	571.3138736	67
1682	28161	586.3014367	65
1686	32665	225.9331548	212
1687	32675	1935.574031	96
1691	3108	2104.483739	39.44033602
1691	25852	2071.957909	40.31678793
1691	26980	2089.003568	40.31678793
1692	10271	1199.309945	97
1693	24217	467.5704312	128
1693	30819	458.113679	131
1693	31644	415.0013229	147
1696	5656	470.8702878	150
1699	2541	864.775068	104
1699	6196	906.705775	103
1699	20816	939.0727748	96
1699	26086	718.5023103	118
1705	24220	379.9845775	116
1709	22713	276.7846176	200
1712	5228	567.4895367	75
1712	21902	458.8901476	81
1713	27817	875.2590711	114
1715	4517	883.3318671	46
1715	6574	869.5236061	46
1715	28721	883.3318671	46
1717	15637	339.4676458	110
1719	15020	1896.252272	161
1720	16981	349.0048689	110
1720	17210	369.9793449	103
1721	21431	532.4900124	105
1727	17500	574.8330955	115
1729	6578	1157.401784	108
1742	7593	563.530716	91
1744	5457	678.6155962	107
1745	9903	268.7765011	173
1745	17887	270.900905	167
1746	7678	1903.523036	22.76709704
1746	14925	1824.114206	25.41173093
1746	17401	1890.283603	23.27303253
1746	19923	1895.153995	22.76709704
1746	23242	1880.317966	23.27303253
1746	26641	1771.458233	26.5536902
1746	32078	1844.293887	24.859302
1748	4059	815.3290471	94
1748	10077	804.8835673	88
1749	16141	2194.208523	58
1749	20322	2116.982371	61
1753	19110	1995.436395	66
1762	7339	729.4875783	125
1764	2976	613.734102	136
1770	5055	244.8996179	270
1774	19110	1775.05383	68
1781	7874	674.0381944	136
1781	32487	658.8680428	137
1785	19529	1089.565791	105
1785	22758	1130.342756	101
1785	22926	1133.692016	101
1791	5750	375.2724031	183
1791	15216	477.6658766	180
1799	3365	681.8965329	139
1799	3930	633.5481324	142
1799	14177	671.1538833	137
1799	14314	690.909187	138
1799	19002	680.2502565	144
1799	21924	626.4089315	146
1799	28600	616.8609518	146
1801	30640	2716.742623	82
1802	22408	1086.653856	71
1809	25754	863.1735367	75
1809	27587	901.1062785	71
1814	4708	4274.612154	62
1823	6221	2469.56294	40.31678793
1823	12362	2472.82323	39.44033602
1823	22356	2427.165241	41.21271655
1824	5009	257.4893782	231
1832	4953	702.965564	94
1832	14151	632.8364649	98
1834	22519	738.864255	147
1836	2023	491.3530975	100
1842	13256	481.796504	57
1842	14353	477.9238495	59
1851	33340	1583.273692	108
1856	17293	939.3188299	57
1856	22765	970.8273929	56
1857	9218	365.3859917	115
1861	7699	776.8265827	76
1861	15963	758.6031758	78
1863	2040	339.1882132	106
1863	10609	355.2838474	102
1863	31360	331.5505847	110
1864	9621	572.5507488	101
1864	28884	635.0229658	115
1875	25506	513.8694266	174
1875	27208	600.6909524	161
1875	27774	597.4841821	161
1875	28067	558.922194	164
1882	8479	861.6962841	102
1882	32871	868.4910559	101
1883	19882	1360.57294	80
1885	4274	748.75847	54
1885	12818	739.3383656	56
1885	20383	753.6342599	51
1885	21462	748.4087849	54
1885	25173	752.0953138	54
1885	31220	741.0043589	52
1886	8923	241.904766	101
1887	22059	519.6622463	132
1892	32148	1523.026165	63
1894	4059	821.3033588	93
1894	10077	813.3634095	92
1902	5676	830.6263009	141
1902	23162	750.5738603	144
1903	4521	765.2688013	52
1906	8763	1108.92137	30.2968022
1906	24845	1087.691108	32.36180563
1907	7780	3623.452326	62
1911	4311	336.3790337	146
1913	8010	430.7506413	172
1913	17684	487.8998481	165
1913	28952	477.6561274	164
1916	26	2531.676136	37.7441779
1916	14646	2529.023079	38.58293741
1916	16511	2501.988184	38.58293741
1916	16525	2538.784158	37.7441779
1917	13696	1046.778174	6.089597444
1917	22515	1046.778174	6.089597444
1920	2626	1369.254019	98
1927	9890	824.3115311	103
1927	11459	872.5586344	100
1937	186	1000.967009	89
1937	22617	998.0573357	93
1940	1883	253.8422917	146
1941	31400	418.9759569	96
1949	7257	222.295697	66
1949	8719	321.8409055	64
1949	10715	325.8504698	63
1949	18639	321.3914203	65
1961	14059	2004.952444	72
1962	17189	4262.072005	61
1962	26365	4274.17089	65
1964	10002	352.8155228	215
1964	14147	326.2439427	216
1964	27699	282.3613613	221
1969	30111	4905.782198	48
1973	31734	978.7114849	154
1987	23467	839.5964588	38.58293741
1989	11984	506.8116133	113
1992	5020	3179.174966	72
1994	19323	910.7038153	98
1994	24056	816.389521	103
1998	629	1384.727819	49
1998	5931	1314.916725	49
1998	7244	1360.234803	51
1998	28838	1366.021798	50
1998	29775	1367.288553	50
1999	9499	1666.680346	62
1999	19187	1684.963443	61
2001	25708	1235.594374	88
2011	10272	1178.509843	61
2013	29137	556.9270259	123
2017	18359	3759.162308	75
2020	26864	1990.603865	72
2022	2526	1007.25041	93
2022	13053	979.2358708	97
2024	2158	275.4874851	145
2030	7528	1638.059418	114
2030	8852	1887.48287	114
2030	11152	1818.887325	108
2030	21504	1736.255484	115
2030	23477	1663.162305	113
2030	26286	1761.775336	114
2030	28570	1988.924366	111
2032	9038	1524.424452	64
2032	12488	1661.169562	61
2032	14130	1645.661326	59
2032	18856	1659.776187	60
2032	30466	1511.090522	65
2035	33304	963.9427161	127
2041	5589	2038.067098	88
2041	26322	2089.148333	85
2044	12105	427.9363072	72
2050	25266	182.4750191	206
2053	23168	465.594152	129
2057	31255	740.6024461	117
2068	294	4633.780183	57
2068	17184	4643.151671	58
2069	15443	458.776426	118
2073	19217	2490.161182	63
2078	1713	7102.229486	68
2078	3500	7028.105221	69
2078	26731	7111.83644	68
2081	417	286.8378754	142
2081	14584	213.8631492	152
2089	18821	467.0881538	148
2093	27390	658.8512502	181
2097	6462	1365.40294	22.76709704
2097	13818	1280.562236	23.27303253
2102	5855	943.8743412	87
2102	17596	960.8958696	83
2102	28817	966.7153053	85
2102	30181	954.165216	82
2107	1076	3324.717541	28.99386789
2107	2510	3340.861491	28.99386789
2107	6282	3343.298347	28.99386789
2107	12633	3325.925758	28.99386789
2107	25837	3327.003634	28.99386789
2107	30635	2648.724295	24.859302
2107	30751	3309.330334	28.99386789
2113	18034	2510.164114	115
2113	23515	2512.042329	116
2114	29203	700.7314182	115
2117	11185	487.0068102	127
2118	9890	807.0631882	106
2118	11459	744.6364287	112
2119	16752	191.775859	138
2124	22594	312.7515191	72
2127	17745	913.161991	212
2128	8192	1066.070128	48
2131	13307	2691.521925	94
2131	26624	2619.03285	96
2131	26768	2684.367988	96
2138	21770	886.8132907	101
2144	2701	335.2403905	58
2144	20455	335.2403905	58
2151	1035	261.2601391	128
2151	25156	283.4064921	130
2151	28622	295.5695656	119
2152	3737	220.478609	84
2153	19823	230.6733573	158
2153	24143	193.3399528	161
2157	562	1715.006054	33.08095687
2157	11041	1741.744999	32.36180563
2160	6296	2977.554203	44.02173913
2160	12834	2963.307851	44.02173913
2170	19003	1088.694868	64
2174	21592	786.3206362	78
2176	3550	742.1252581	30.2968022
2176	8049	768.7805424	29.63817606
2176	32298	768.7805424	29.63817606
2182	22591	1622.038371	138
2185	31385	235.5186519	169
2191	67	1540.295025	79
2191	12828	1661.672396	80
2191	20782	1816.121535	76
2191	21370	1778.076655	77
2194	17299	184.6482764	205
2204	8459	2279.258227	76
2204	8916	2208.129567	81
2204	29428	2173.104556	80
2204	29605	2282.53195	78
2209	11074	523.985123	147
2210	2382	296.6288867	76
2210	16715	303.4277461	74
2212	19297	181.9273725	157
2215	463	597.5381754	138
2215	1360	654.3243033	147
2215	2975	573.6066827	136
2215	3762	485.2760373	150
2215	4114	669.7515643	132
2215	4434	561.6650697	145
2215	7686	598.7178393	144
2215	9825	579.1159911	148
2215	10346	617.6558956	139
2215	10701	659.4117213	143
2215	11195	671.7500239	136
2215	14103	567.8596932	143
2215	16342	663.4786247	142
2215	18420	452.9151673	165
2215	19728	580.8451944	142
2215	21809	670.1454525	135
2215	28118	632.7184472	151
2215	29627	615.1007941	138
2215	29989	539.6260423	149
2215	30980	625.8759367	135
2215	31660	585.3346532	151
2215	32970	642.3176661	140
2215	33426	660.604615	143
2217	3356	478.5914425	97
2217	13202	432.3390058	101
2225	20146	525.1200217	110
2227	16282	2220.323704	35.33572585
2227	19221	2170.686645	33.81608925
2227	19785	2178.420031	34.5675579
2227	27333	2193.044045	36.1209642
2237	1166	1035.317943	26.5536902
2237	10972	1026.348041	27.74696714
2237	31697	1023.537982	27.74696714
2244	9253	2912.305503	58
2252	21333	1036.730833	99
2255	27308	1154.32241	27.74696714
2267	24939	1793.834866	47
2270	11823	304.2067707	84
2279	10124	815.4153386	134
2284	10744	501.3303877	118
2284	20297	522.6028945	125
2289	20379	1114.633368	72
2291	23183	212.1251381	151
2291	30964	191.3622818	170
2296	23601	394.138194	132
2302	19130	2974.883789	49
2302	29065	3001.700688	48
2302	33047	2921.958764	49
2303	4237	828.4714981	37.7441779
2303	4940	818.9668867	41.21271655
2303	10611	812.4957139	35.33572585
2303	18102	838.3643493	41.21271655
2307	12092	238.2781768	136
2307	14935	218.1709146	141
2313	15225	932.7792751	111
2313	33305	1020.839162	108
2315	8295	1140.914897	120
2319	12243	1572.848098	51
2319	29573	1586.145538	48
2322	31326	1907.493267	46
2327	32353	651.2371603	108
2329	11133	1012.79899	54
2329	33015	1017.987456	53
2332	1052	426.2398967	25.97643606
2332	23361	415.0656502	30.2968022
2333	13794	1763.013989	95
2338	25024	708.6389035	71
2339	19465	2199.449185	88
2345	13352	1038.078495	157
2346	22580	778.572243	101
2348	4344	2698.559452	44.02173913
2348	11056	2727.33443	45
2348	16104	2713.439084	46
2348	29114	2650.15001	47
2349	1578	227.7780524	174
2349	24285	213.2593026	178
2353	28842	351.2581833	145
2354	31767	1292.758418	94
2357	15255	301.6847772	168
2357	22298	305.8695213	167
2359	28993	779.8755972	82
2361	1043	1417.720013	74
2368	6732	199.8208221	198
2369	4107	623.2064977	135
2373	8576	318.3090986	161
2377	17777	736.7204314	128
2382	9866	850.1786748	53
2383	25483	531.3384194	96
2386	19035	459.8813631	114
2390	23015	1115.180518	112
2395	4932	687.3620339	139
2397	7838	1766.744899	44.02173913
2397	11684	1766.744899	44.02173913
2402	29698	571.1930736	121
2405	16706	444.176007	134
2405	26601	471.4426236	127
2407	12517	1133.133057	119
2412	9268	928.0520547	108
2414	2615	838.8071045	104
2418	4185	4413.907181	2.527993006
2418	21752	3545.206655	2.527993006
2418	25666	5296.688617	2.527993006
2418	29377	5296.688617	2.527993006
2418	31310	3574.796118	2.527993006
2423	8604	398.6737675	142
2427	30100	397.9490207	86
2430	3020	705.2680801	67
2430	8990	712.2620982	67
2430	26810	509.9667384	67
2443	7844	1167.822204	111
2443	11166	1166.471779	110
2443	17166	1130.986008	109
2448	20321	453.2434746	166
2453	14682	1114.417214	133
2458	1079	2969.478611	85
2460	474	1141.459743	107
2461	882	3196.425677	24.859302
2461	1018	3369.559265	27.74696714
2461	15197	3375.120544	27.74696714
2464	1727	1308.341396	81
2464	1764	1264.389953	90
2465	25445	2003.570943	86
2465	28244	2004.479051	85
2472	15688	1287.550562	77
2474	655	223.4835929	144
2474	27441	253.9123662	145
2474	31941	233.5439054	149
2487	9139	1186.02327	92
2487	11037	1311.190354	93
2489	33044	1751.190285	46
2492	814	2168.368862	49
2492	10281	2182.47435	49
2492	11531	2167.195205	51
2492	20744	2179.16717	50
2492	24052	2046.511309	53
2492	31746	2177.247143	54
2495	22119	215.2801744	125
2502	22145	259.8585202	146
2519	31426	4122.719188	54
2526	28042	732.7729842	92
2528	13153	3003.30621	53
2529	17354	467.8361942	87
2531	2880	616.2950572	165
2531	3835	729.3385119	163
2536	16021	569.2547818	131
2538	4614	1344.470909	92
2538	15338	1311.66541	92
2548	20266	1659.98056	77
2548	26155	1732.368244	73
2548	31523	1662.805446	78
2553	8827	670.9552972	120
2562	2947	787.1907451	83
2568	3759	283.0749774	147
2568	4745	276.1964587	160
2568	17638	278.8864946	142
2576	686	1751.028909	59
2578	441	3212.673598	23.27303253
2578	11680	3229.23556	23.27303253
2587	13223	1374.525671	95
2591	23775	538.4172821	96
2597	1416	674.7964459	159
2597	13243	671.0016662	158
2599	30721	199.385342	151
2603	25790	239.2058976	206
2605	5963	263.3677347	139
2605	18910	239.9245421	140
2605	21009	240.1072066	151
2605	23086	235.1993726	134
2605	29059	232.0809532	153
2611	11950	3040.537942	60
2623	25419	2504.384868	56
2624	12523	587.169764	138
2624	19874	475.9690326	149
2628	5259	251.8094434	158
2631	20842	256.9157298	122
2642	23334	616.552928	83
2645	9018	897.6477702	169
2647	456	339.4235558	150
2647	27167	257.0508803	177
2648	20555	709.5146288	104
2651	26885	751.9710206	140
2651	27855	492.5616219	150
2658	3706	224.9397637	133
2661	6493	240.7717897	90
2662	13783	1007.625081	102
2666	492	181.2051086	350
2671	31834	369.9676371	44.02173913
2680	15285	843.0185584	123
2686	391	958.5852815	66
2686	28068	944.5864739	67
2688	3341	608.4901539	85
2688	6810	571.3827315	88
2688	27664	619.8348505	84
2688	28296	561.2391555	91
2689	5062	1252.374845	44.02173913
2689	8651	1255.333349	45
2696	4783	1501.522731	126
2696	5505	1452.963561	127
2701	26920	728.8772889	107
2702	13915	2327.521097	45
2706	32460	203.4444398	149
2707	9258	1738.063723	105
2710	10793	2784.698298	46
2722	367	197.4197044	204
2722	11782	182.3210714	203
2722	15757	209.8254691	204
2722	28142	255.1594345	199
2722	29444	218.6042464	195
2725	19449	5728.166707	52
2727	12389	1418.967643	56
2740	15331	808.7886425	142
2747	30100	298.0453971	98
2750	13037	694.2309881	155
2758	17351	1226.243745	82
2758	24990	1167.732396	77
2758	32222	1218.278441	82
2759	3291	698.3729325	72
2759	6840	684.064882	69
2759	13744	746.010906	67
2762	2438	500.2995909	35.33572585
2764	191	891.6097389	48
2764	11203	892.5929877	48
2764	15967	891.1715187	48
2765	30632	531.1376848	206
2771	666	701.4929322	99
2772	2937	702.0980926	122
2779	14379	1914.102699	70
2780	27923	1833.489024	80
2781	10536	918.8670622	59
2790	10139	849.9231717	74
2792	640	2956.868836	68
2792	22446	2831.996035	68
2792	30423	2917.528097	67
2795	4849	486.4902607	119
2795	10330	453.0890603	125
2796	22074	463.4578434	137
2796	28261	408.7102107	127
2796	28318	398.5674588	119
2796	33334	481.373266	133
2803	13387	3035.598788	65
2803	18059	3039.784868	65
2803	23368	3015.623698	65
2809	11222	286.565952	195
2813	22059	527.5597438	132
2818	6548	2517.997208	97
2827	31830	1091.075336	60
2833	9056	5349.879637	100
2833	24254	5342.899486	101
2836	321	881.3078463	53
2836	2431	869.6763741	54
2836	7833	884.7951807	52
2836	23940	891.4091563	52
2837	16586	217.5066125	138
2845	17621	1700.163038	105
2845	19820	1781.029521	103
2845	23945	1728.897844	105
2845	25889	1721.87778	106
2851	15433	696.3634043	72
2861	9437	2797.137126	73
2861	10716	2859.974421	71
2869	33431	1596.196749	47
2870	1365	285.9220242	276
2871	7716	3895.369869	36.92365229
2880	6560	436.4815918	123
2881	5193	1657.060732	78
2881	6851	1697.991484	73
2893	1591	516.5504623	114
2893	3255	513.4150576	108
2893	12865	511.6348719	115
2893	22447	452.8844806	116
2897	2420	1320.765072	18.68098611
2897	5910	1313.997899	19.52047734
2897	7353	1314.23498	19.52047734
2897	11233	1275.067374	21.78798276
2897	12448	1310.246939	19.52047734
2906	1805	1651.809771	47
2907	20970	3750.630636	60
2912	21295	748.5362301	99
2915	18411	2009.672668	52
2921	10473	1671.158124	50
2921	15328	1745.054138	49
2921	23654	1728.411903	45
2921	31608	1708.140761	51
2925	4308	854.4513051	89
2925	12761	903.3097841	87
2925	14575	923.0909007	86
2925	30432	935.6135933	85
2928	16508	1835.834585	68
2928	23446	1837.718708	69
2929	10367	647.315929	43.0647448
2932	6288	229.4219897	157
2932	17298	181.0703148	171
2939	6974	421.8803369	45
2939	30876	425.5852991	45
2941	3777	2105.362077	40.31678793
2941	8362	2134.500212	39.44033602
2941	13094	2011.351353	41.21271655
2941	16760	2129.901764	38.58293741
2941	18798	2129.901764	38.58293741
2941	20999	2130.282111	39.44033602
2941	26487	2138.724962	38.58293741
2944	5109	516.4030936	32.36180563
2944	24658	516.4030936	32.36180563
2950	7725	234.8460226	175
2954	16797	2490.882371	63
2971	13510	625.2497066	145
2973	11745	625.1988093	44.02173913
2973	33389	638.6632154	43.0647448
2975	12013	403.361388	129
2976	2648	802.9552923	47
2976	19861	817.8264481	46
2979	17302	453.9669194	165
2979	23155	458.6613794	165
2982	7977	870.7347728	73
2982	15799	859.3361188	64
2994	189	489.2425398	154
2994	14689	518.2651604	156
2994	23062	559.4924222	157
2994	28416	495.8484483	149
2996	23762	238.4337133	132
2997	679	631.3286215	105
3002	4093	3293.095355	48
3002	9615	3306.732961	48
3002	22380	3287.849642	47
3003	9511	571.0667202	99
3005	4923	877.1338898	80
3005	31590	854.0792114	81
3007	23008	696.4899092	162
3007	25946	591.6720947	166
3016	19824	575.193205	106
3019	17968	972.4397158	110
3022	22367	870.7117109	71
3025	24617	589.8235171	87
3027	25218	279.3501852	127
3028	12970	1886.587807	64
3028	25003	1826.766598	66
3028	26442	1790.372534	66
3030	1475	558.8404751	62
3030	4057	515.3036071	68
3030	12973	512.5583277	66
3030	20964	529.2356506	65
3030	26119	516.9588899	68
3030	27757	508.0638862	67
3030	33498	520.0074115	66
3036	32139	756.9971097	55
3039	2219	2786.165404	21.31433096
3039	9431	2795.419845	20.85097594
3039	10913	2797.578716	20.85097594
3039	29607	2759.23439	21.31433096
3041	25437	982.7884564	130
3044	23609	1382.765177	84
3046	23820	402.4870216	141
3051	10909	187.4888132	148
3053	7208	229.7956299	134
3053	19781	224.4703264	148
3054	16464	549.7519129	69
3054	23184	695.9535178	69
3054	27637	604.8060054	69
3059	28730	1270.702485	102
3067	28714	291.0982692	88
3069	23137	193.3219324	150
3077	23435	459.6814734	108
3092	27548	611.3119326	63
3106	4518	333.5958686	176
3112	2263	902.7748639	108
3112	5581	924.1424434	106
3116	10421	858.3109663	41.21271655
3116	18311	829.6954877	45
3119	33248	693.6039101	99
3123	30456	279.0740102	116
3127	29510	2372.841486	60
3127	32306	2395.221733	59
3132	16232	1331.43703	101
3132	17393	1326.679142	99
3135	26006	1291.611985	18.68098611
3135	30701	1309.478287	17.87759777
3136	13401	2544.925325	47
3136	23822	2530.384032	47
3145	4443	1371.344912	64
3146	5349	4739.663812	48
3146	8979	4739.663812	48
3146	21675	4718.811952	49
3146	26796	3123.263676	45
3147	2635	800.6861599	87
3152	2395	552.4773256	80
3152	9247	684.8477158	77
3152	17486	682.6682917	77
3154	6994	2105.383062	55
3172	28171	741.5034116	99
3174	22864	415.0773353	135
3174	29009	406.636536	136
3176	5787	2611.533065	41.21271655
3176	7707	2644.722869	42.1285547
3176	16403	2638.733802	42.1285547
3180	6835	437.4506517	123
3180	25201	437.4506517	123
3180	25684	469.1601996	114
3181	5468	1799.966998	52
3181	12048	1788.630405	52
3182	307	212.0289325	133
3182	2484	201.7954792	127
3184	2227	423.3184996	55
3185	7532	460.888792	130
3188	835	1630.64505	42.1285547
3188	4782	1631.816704	41.21271655
3188	15407	1612.896071	42.1285547
3188	16255	1637.347411	42.1285547
3188	20219	1620.486123	42.1285547
3188	31077	1626.649155	42.1285547
3189	1843	1276.59797	35.33572585
3189	3832	1297.053712	33.81608925
3189	14564	1281.316526	34.5675579
3189	21844	1269.295763	35.33572585
3189	22740	1271.874908	35.33572585
3197	463	512.2343486	148
3197	1360	603.2056925	148
3197	2975	498.4969817	144
3197	3762	449.0507267	147
3197	4114	537.0037668	138
3197	4434	477.015264	152
3197	7686	509.9951312	153
3197	9825	502.3976329	147
3197	10346	541.9031479	149
3197	10701	610.5648047	139
3197	11195	590.448886	133
3197	14103	522.37071	147
3197	16342	637.9881966	130
3197	18420	426.4088448	145
3197	19728	497.7015218	151
3197	21809	567.627598	150
3197	28118	660.6143048	131
3197	29627	557.7139547	144
3197	29989	486.0237437	143
3197	30980	548.7460753	139
3197	31660	540.5403151	143
3197	32970	599.388898	134
3197	33426	577.1953119	150
3200	3469	589.6135713	137
3203	1026	455.5885725	129
3203	28168	380.4021553	138
3208	11380	542.8245762	77
3208	33076	507.6982785	81
3213	2869	1505.523547	61
3215	25859	1120.049868	79
3223	2424	1088.768266	80
3228	4330	1356.398467	118
3228	24202	1337.629037	115
3240	23942	221.653084	79
3240	28853	186.9673979	101
3248	8213	1169.438505	150
3248	30054	1080.806362	151
3252	19332	616.2358712	39.44033602
3255	17202	777.9394872	119
3258	12613	2585.320825	67
3260	8790	430.7361852	104
3261	8144	605.7876029	111
3270	14127	853.0334489	77
3271	9102	1516.349168	39.44033602
3271	16214	1517.924412	39.44033602
3271	22523	1435.731566	42.1285547
3271	23292	1509.763202	39.44033602
3275	16123	4365.379488	52
3278	32326	4064.110361	74
3283	3629	2249.234016	80
3287	9120	232.9061636	191
3291	25465	418.0453563	100
3300	29312	1268.121402	116
3301	4560	770.3590325	120
3301	7438	764.7862398	120
3310	24131	543.8566628	142
3310	28023	786.3243809	127
3310	30671	647.1046567	143
3310	33487	663.0232641	135
3312	16040	489.3146416	104
3317	30453	791.9966374	68
3318	1284	1297.906835	56
3318	28350	1302.125467	56
3319	20100	848.2041771	27.74696714
3320	4077	312.0140491	175
3324	1857	2567.762785	43.0647448
3324	22738	2588.886628	41.21271655
3335	9763	273.2140808	89
3337	8597	852.4249286	77
3338	23294	1580.935665	115
3341	12970	1771.568837	69
3341	25003	1723.285949	69
3341	26442	1587.258695	77
3343	7661	890.5757038	62
3343	10003	893.3005841	59
3349	25487	243.0988039	161
3353	13739	918.4195696	118
3355	24229	663.0919679	107
3360	7409	512.1485296	133
3360	18117	533.2718944	127
3373	16634	367.6238641	120
3375	7703	666.1473519	152
3376	2298	693.0615273	69
3376	8875	673.7756359	63
3376	9008	743.9746044	67
3376	11323	664.6092944	61
3376	15626	700.1753659	71
3376	16210	659.4364607	64
3376	22486	721.3795118	68
3376	33048	643.1392008	75
3385	19480	1196.645536	75
3387	6515	467.5053364	38.58293741
3387	9447	614.5267088	36.92365229
3387	19674	628.7128236	36.1209642
3388	19502	257.9289006	98
3393	10161	5082.892465	38.58293741
3393	32889	5016.363276	39.44033602
3394	660	579.6941605	104
3398	25336	303.5786778	199
3398	28074	289.3020799	196
3400	32117	1137.513058	68
3403	30014	1164.113392	91
3414	189	548.0533169	154
3414	14689	560.9342069	162
3414	23062	603.6800583	148
3414	28416	546.9162867	174
3415	32860	5584.958885	103
3418	10934	2443.818673	57
3420	32842	634.6564692	155
3426	4153	1290.407689	74
3426	14938	1253.57916	77
3426	32064	1230.049403	80
3432	7683	857.2603561	136
3434	12021	417.8497091	71
3437	11040	580.9008408	54
3438	7304	567.8966954	172
3439	21690	198.1086431	197
3441	8177	1937.193149	67
3443	25148	1543.249684	96
3449	92	363.4095307	190
3449	4650	313.6096509	198
3449	9510	334.6831288	204
3449	23736	354.7737473	201
3453	9934	243.5311925	127
3453	22675	231.8761308	126
3454	17651	214.2792568	167
3454	20737	261.3658156	185
3454	32425	254.8323096	176
3458	1522	1299.449803	43.0647448
3458	12094	1347.139574	43.0647448
3458	14001	1347.24359	43.0647448
3458	15302	1345.936812	42.1285547
3463	28117	1775.068666	109
3463	29918	1738.051555	109
3465	14676	1076.671168	67
3471	918	2724.036548	49
3471	7537	2845.835444	48
3471	16649	2931.391928	47
3476	30885	703.7460411	74
3479	17908	1745.211923	75
3481	23320	2487.075899	58
3483	23484	1219.158705	33.08095687
3486	2964	2255.274485	91
3486	8861	2177.741861	90
3486	12158	2212.546373	93
3493	1332	906.3008906	87
3493	10359	989.2430087	85
3493	25272	955.958639	86
3493	29543	483.5885217	93
3493	31560	931.2240449	90
3497	14773	5951.407251	50
3505	29971	647.9601069	96
3511	18527	451.2490949	149
3514	8392	469.7233882	102
3514	21002	522.1796321	103
3526	7915	950.9550425	141
3528	16895	819.815056	114
3530	3681	781.5219557	138
3530	6292	809.154268	146
3530	23324	830.8577362	137
3534	32442	948.3871594	75
3538	1429	206.4065647	212
3557	901	536.8785558	146
3560	31038	462.4513857	136
3563	3627	314.1538865	132
3564	30538	414.8775258	92
3571	13601	308.1259729	160
3576	14034	393.3292416	138
3581	26277	478.9662245	86
3583	21953	488.3754282	129
3585	10865	808.5830845	82
3585	20950	794.7040078	80
3585	22642	793.8912089	80
3588	17584	709.8580288	91
3588	22995	666.28932	92
3590	2727	991.8644427	87
3590	20917	982.601884	88
3599	16544	814.8978536	103
3599	27832	838.7120091	102
3602	20759	730.2240582	85
3610	5929	1175.539481	71
3610	5949	1263.089417	67
3610	9715	1293.228695	66
3624	27677	410.9546755	99
3625	14466	1352.771409	100
3625	25720	993.3337965	102
3625	26762	1358.21015	101
3628	22767	1540.626338	76
3628	23797	1553.021866	76
3629	13929	2873.540091	31.65828812
3629	14319	2883.663897	32.36180563
3631	18466	749.4816277	112
3632	3607	9346.270651	61
3632	13125	9610.537964	59
3632	20614	9381.584185	60
3640	33265	2970.055448	43.0647448
3645	9541	1460.32933	64
3651	14867	636.552171	129
3655	5742	477.1369047	94
3661	16225	1176.072833	79
3662	4037	4588.510298	27.74696714
3662	19986	4586.11629	26.5536902
3669	21004	618.3990691	127
3671	550	621.8528472	66
3671	14341	682.7893446	62
3671	31825	691.500607	61
3677	20712	217.7623784	143
3678	8191	451.9587939	94
3682	2414	3750.928239	11.51868239
3682	16461	3770.513305	11.26827626
3682	20750	3758.642073	11.51868239
3682	20889	3759.094432	11.51868239
3682	31975	3707.468214	11.51868239
3682	32499	3737.156242	11.77465311
3686	12331	1360.775033	128
3706	2544	677.9686208	61
3706	25953	688.3571215	59
3706	27150	690.6034529	60
3706	27504	685.9283011	60
3708	2037	507.2944038	58
3708	16325	505.9926649	59
3711	20173	852.426766	72
3712	11007	556.104431	109
3718	1306	250.2635574	125
3721	20276	191.4850055	210
3723	23008	788.2818505	153
3723	25946	742.4661428	162
3724	2034	277.3722078	144
3724	6078	302.7169289	134
3724	33161	288.7302764	134
3747	10437	574.3263403	142
3747	12038	560.5794592	148
3747	18902	618.1363181	143
3751	2298	838.205295	54
3751	8875	726.5027146	65
3751	9008	828.9338565	56
3751	11323	710.4404771	58
3751	15626	901.7029219	50
3751	16210	818.9348057	48
3751	22486	902.2672353	50
3751	33048	782.5152102	59
3762	14102	1825.985953	96
3766	26939	1191.196442	97
3772	2808	297.2884728	120
3773	21980	1181.167626	87
3778	10160	724.4606202	123
3781	21296	344.2564548	177
3782	15141	264.8739035	131
3782	24490	192.4671772	120
3782	29177	197.6333135	137
3787	9702	1128.456464	87
3792	3516	1389.575454	75
3792	24469	1407.643545	75
3800	12879	365.8251678	165
3801	11453	1606.120802	40.31678793
3804	7047	1949.931055	68
3812	21642	332.1616136	175
3817	8774	3022.123727	47
3817	10214	3056.17439	46
3818	29162	3343.472018	79
3819	13662	483.4856038	184
3820	6816	739.1949773	97
3824	14690	240.6157896	179
3828	13620	1272.969396	140
3844	24305	992.1699129	151
3846	2001	7446.532191	65
3846	27957	6985.63382	64
3859	1353	308.8988363	116
3859	6593	541.4557152	109
3859	14574	488.0784261	115
3865	10174	1240.462992	137
3876	10607	5765.555313	56
3876	19009	5732.248606	56
3878	12400	229.7110559	159
3878	16463	213.0950173	166
3881	25598	2360.713647	62
3882	8597	1020.354227	64
3889	16079	497.5264017	114
3890	15995	584.7600731	108
3890	17055	607.1730577	112
3890	31776	562.1463879	120
3891	20475	826.9504147	113
3894	10437	578.1565115	143
3894	12038	581.7052367	143
3894	18902	554.4548224	147
3900	795	325.0762537	179
3904	15167	267.714572	99
3905	11120	981.4193992	78
3905	13166	1001.999749	76
3916	1967	1163.288968	101
3922	3134	307.8759625	165
3922	17026	332.3012228	173
3923	7424	485.8129124	74
3923	27102	483.8796075	79
3925	26113	414.7306759	137
3928	9471	1317.334219	102
3928	13880	1357.420295	97
3928	16263	1379.132198	96
3931	4096	1858.83859	29.63817606
3931	17729	1864.74681	28.99386789
3931	22265	1851.159407	28.99386789
3931	28886	1830.353339	28.99386789
3931	29053	2023.842495	32.36180563
3931	29070	1729.423836	28.99386789
3934	11253	753.1495398	84
3934	15638	765.9546271	84
3951	9884	985.1542062	38.58293741
3951	14865	976.0611283	38.58293741
3951	19685	979.4683515	37.7441779
3951	30578	983.7982993	37.7441779
3953	18506	4634.464397	74
3953	31959	4582.535659	75
3954	7580	2840.102708	18.27487772
3954	20914	2782.289355	18.68098611
3954	30541	2788.448301	19.09611913
3960	15463	2836.092213	56
3960	28191	2791.767467	58
3977	4257	772.1923287	52
3977	5625	762.6871612	50
3977	24851	762.833253	50
3977	27752	756.1497726	51
3980	27406	542.1667297	116
3981	19550	835.1735566	109
3982	25350	203.6344329	158
3985	23345	696.814857	128
3987	17402	1499.775394	74
3988	17490	271.9449805	156
3990	23632	367.0170186	73
3990	26101	364.0086006	60
3991	12992	1690.170671	115
3994	21298	421.8710798	119
3994	23222	562.5350156	105
3994	30878	492.8788639	111
3995	17712	3441.955516	86
3998	5487	858.4222254	108
3999	4758	286.2089321	65
4006	29973	839.355065	183
4008	7301	444.4004348	80
4008	23902	441.4624475	80
4008	31330	435.3498793	71
4014	10899	815.669098	59
4014	29011	789.8414607	61
4014	32052	813.3986703	59
4015	1114	1221.009204	86
4016	16033	1283.676916	113
4021	1642	1528.890969	78
4021	23857	1535.504809	77
4022	20948	1328.297337	60
4023	18445	455.9890869	120
4023	29443	470.3832267	116
4025	3111	971.2217421	93
4030	11773	4186.861662	64
4041	11410	1566.482747	114
4041	19963	1596.457512	113
4041	24906	1553.143198	114
4042	8325	341.608251	178
4047	2203	1406.805592	85
4047	17023	1275.428706	80
4047	26935	1398.420027	85
4056	25256	615.96835	110
4056	25846	625.2375091	110
4056	28541	731.6745789	108
4060	11504	1630.922927	78
4060	21044	1593.634938	80
4060	33011	1650.69363	82
4068	9724	1919.742518	117
4068	28317	1970.16195	114
4069	15095	901.1902364	131
4069	22522	885.8650544	119
4072	2763	420.8175976	86
4072	24169	442.6086572	76
4072	24648	448.9511466	80
4072	32667	466.9882861	76
4075	9851	1460.371717	57
4082	3750	2537.481827	74
4082	8760	2539.546077	74
4085	18782	1198.743162	61
4085	19000	1180.479094	62
4087	277	2997.681426	23.27303253
4087	4249	2982.245809	25.97643606
4087	6407	2959.719525	26.5536902
4087	17819	2974.844769	25.97643606
4090	31119	193.610135	145
4100	12107	1474.702443	98
4100	28643	1426.528702	96
4100	29163	1502.500019	96
4108	27122	327.0760089	134
4117	26250	304.8208107	83
4123	8793	518.5648365	95
4123	30868	554.0872498	90
4136	26366	484.2264895	81
4147	16429	266.4841237	166
4147	26893	283.5272996	157
4151	29437	375.0175123	163
4159	8576	351.8700813	143
4161	472	578.6401155	106
4161	1521	588.5657992	106
4161	20577	613.8754441	107
4161	26379	521.9373123	120
4162	4314	1123.369253	112
4162	13396	1204.06668	109
4162	13617	1199.382059	109
4162	14535	1182.248552	106
4162	25078	1204.910895	107
4162	32618	978.182142	106
4171	5100	795.529051	58
4171	22532	778.292001	59
4175	7679	458.889953	109
4176	16749	2027.838662	94
4176	25042	2073.560746	94
4179	1724	1555.598552	60
4179	25981	1535.672044	64
4181	30396	1224.618375	85
4183	31382	952.1351171	98
4186	13021	324.3524536	129
4187	5936	834.3052601	71
4187	24761	772.476109	72
4190	9824	189.5168951	262
4191	6265	1188.591475	66
4195	2991	2516.02504	56
4198	30893	1229.294577	97
4206	3944	239.8113499	140
4207	8032	536.7432526	127
4207	12590	485.1272083	127
4207	20005	597.0039693	113
4212	7003	751.3896095	111
4214	7634	410.6887215	93
4217	29660	475.1683317	137
4221	31143	428.6188312	120
4225	466	685.4170113	48
4225	1118	657.8595674	51
4225	4382	663.8737002	51
4225	25863	669.6959579	50
4225	30628	663.8737002	51
4231	16752	314.491208	128
4232	25674	187.3886827	237
4233	23359	378.2978313	133
4236	20114	672.2726761	151
4236	25945	645.388427	150
4238	4752	874.7347288	115
4241	13027	259.0177593	149
4241	16682	298.8427919	149
4246	18564	278.8907018	189
4246	20006	207.4438166	190
4249	9383	613.3038019	36.92365229
4249	12936	601.1797674	41.21271655
4249	17321	605.22226	41.21271655
4252	13318	2733.520541	64
4252	30942	2710.693595	67
4253	12742	2512.440914	21.78798276
4253	13814	2498.475321	22.27216015
4253	22321	2523.12399	21.78798276
4253	30316	2335.701072	25.97643606
4254	8576	357.8917418	143
4255	10649	463.2072397	137
4262	1827	562.5877421	110
4264	17420	1305.948766	94
4266	9088	2349.630785	96
4268	29014	264.5195453	137
4271	13208	2610.156317	43.0647448
4272	7737	351.5004791	159
4279	16480	313.7223568	131
4280	4347	714.2669164	101
4282	3	2215.779568	99
4282	2473	2238.584016	99
4287	14590	1999.84727	72
4292	11959	685.3155211	112
4294	3215	2748.378829	126
4294	25372	2451.191276	131
4295	20623	1760.08026	61
4295	21306	1728.823777	62
4296	5598	1397.328029	88
4299	13529	2680.938749	108
4301	19150	909.6059318	75
4303	5994	1056.586664	99
4303	13372	1021.833395	99
4303	21495	1086.822088	97
4304	8080	1338.504269	62
4304	33378	1314.757128	61
4305	21642	305.9859622	166
4310	23781	1293.8491	46
4311	5767	962.0511986	42.1285547
4312	28921	1407.68988	60
4319	18501	1029.571265	62
4321	12283	968.9315224	110
4321	12417	1031.72779	110
4330	9380	768.4756256	70
4333	2469	1063.261786	36.1209642
4333	15007	1057.087516	36.1209642
4333	22944	1050.129075	38.58293741
4333	30093	1066.967309	36.1209642
4333	31124	1053.888252	36.1209642
4334	21851	219.546503	193
4336	4543	594.9020256	105
4336	29239	550.7113073	109
4340	8675	708.697787	133
4341	6249	2331.154978	57
4341	11775	2268.84813	57
4342	9824	183.4719876	227
4347	3452	1681.559681	50
4347	14350	1632.319618	51
4348	677	1384.269494	98
4349	1918	3324.491293	42.1285547
4360	15769	2943.615703	31.65828812
4360	31690	2906.852597	33.08095687
4366	30154	786.9165431	88
4376	20462	427.535259	129
4376	20482	392.6732089	137
4386	15019	2460.597484	51
4386	32478	2436.048307	52
4391	15972	464.3458616	109
4391	16093	470.6152151	113
4393	20644	247.919408	144
4396	1782	1458.791161	92
4396	7616	1544.278824	77
4396	9124	1450.55669	77
4402	7125	1335.698324	81
4402	15713	1315.720173	79
4407	30275	451.6522337	119
4408	23464	388.8454095	126
4408	30590	494.0604547	111
4415	9404	191.6630389	190
4419	12721	840.1610979	131
4423	4193	259.9909979	97
4423	9400	278.8921725	94
4423	11061	260.14629	97
4423	22264	282.0171005	93
4435	8672	1571.759323	36.92365229
4435	20145	1587.986028	36.1209642
4435	21631	1604.264357	35.33572585
4435	22562	1598.879957	36.1209642
4435	24129	1580.220951	35.33572585
4435	26906	1597.562741	36.1209642
4435	32124	1597.705275	36.1209642
4436	16546	1201.93342	113
4436	17533	1011.611236	127
4436	25543	1201.005414	117
4436	26419	1194.414523	111
4439	18475	503.8591605	141
4439	28253	370.4704475	156
4465	19778	1273.543702	78
4465	20662	1446.79417	77
4467	24045	681.9775427	68
4467	27563	681.0954795	74
4467	27922	681.0954795	74
4470	6664	194.1177832	163
4470	11620	270.2104625	132
4473	1851	760.9153732	17.10875968
4473	9333	747.5098713	18.27487772
4473	15795	760.9153732	17.10875968
4474	3784	2688.540052	78
4475	2745	2206.010067	55
4475	15609	2205.897674	57
4475	22611	2222.980731	56
4475	25017	2206.226434	56
4476	5138	888.5470958	54
4476	22345	889.0738731	54
4482	22922	1745.838333	52
4482	26075	1772.639799	52
4483	8281	1697.035174	71
4485	4734	409.8971566	81
4485	6784	399.2486582	81
4485	7394	408.5073369	98
4485	13509	408.7722038	79
4485	26896	403.403492	80
4493	14974	2506.244582	82
4495	20218	1699.333348	42.1285547
4497	8180	413.4898266	67
4497	22114	373.765707	62
4497	22952	411.528708	55
4497	30115	407.0729379	63
4499	13995	239.7472633	271
4512	16428	1184.337119	112
4516	15820	322.4962492	164
4516	20007	253.6079248	179
4524	16208	715.0945635	102
4526	7098	270.9870581	83
4537	17	680.688061	103
4546	1803	809.5788143	166
4547	12275	402.4011978	167
4551	23798	963.8859531	132
4552	6231	237.0240578	83
4552	26880	301.3970269	76
4559	13447	488.3201701	69
4559	20478	510.4742243	66
4559	20824	506.5612575	68
4559	31835	544.8949344	62
4580	3889	201.9701391	103
4584	4993	258.4516769	88
4584	20798	239.5773539	91
4592	5078	438.7874122	93
4592	6465	477.2355664	88
4600	2256	486.6308036	111
4601	9023	383.1963201	65
4607	14283	944.1135604	113
4608	14959	405.7572077	123
4617	5183	312.7044893	127
4617	14980	292.7540841	122
4617	22104	192.5301499	137
4618	14876	282.8600604	156
4619	8347	583.6075802	87
4619	16491	575.1260999	84
4619	18481	562.0924846	86
4619	20044	511.2302121	92
4619	25090	587.8107781	83
4619	25768	559.4991638	90
4619	26659	496.1704449	89
4619	29908	621.3524547	81
4625	7126	423.3865167	64
4628	16213	834.2334204	86
4638	23183	351.9594502	140
4638	30964	273.6297369	160
4646	3242	188.4394375	138
4651	32183	413.7489572	131
4653	26521	866.0268773	157
4654	12539	1141.315714	53
4659	16533	3125.951363	43.0647448
4659	18259	3185.907952	41.21271655
4659	29083	3140.426899	42.1285547
4660	10683	698.7597478	145
4666	7510	692.1325032	114
4666	28585	673.2970619	116
4675	5607	581.2684735	136
4675	10348	576.2580074	135
4675	21737	623.635224	137
4675	31712	630.1795383	131
4676	2213	1333.148317	60
4676	4231	1212.74853	58
4676	7230	1326.655242	60
4676	15822	1364.083389	57
4676	15961	1327.946079	59
4676	27960	1350.521438	56
4676	32633	1215.006645	58
4677	25263	787.1771616	130
4677	27856	775.8399187	121
4682	4877	257.2546151	126
4684	2355	700.1002323	141
4684	8218	781.437263	131
4684	17113	679.73542	141
4684	29820	771.1125192	131
4686	1721	235.5282898	113
4686	24376	210.6348957	120
4690	183	631.5008169	101
4690	27227	639.0652814	99
4694	16985	1456.239895	112
4700	28003	5310.982896	70
4706	1464	768.9209438	36.1209642
4706	6791	778.183118	38.58293741
4706	17680	794.991931	33.08095687
4706	18056	787.8497687	34.5675579
4706	25611	752.4854961	36.92365229
4707	28394	1025.936611	29.63817606
4714	20277	2103.835618	66
4719	9575	1200.885327	27.74696714
4719	19979	1211.730024	27.1437722
4719	24734	1199.695258	27.74696714
4719	27132	1198.523107	27.74696714
4726	306	5809.027065	28.99386789
4726	3039	5781.370992	29.63817606
4726	9355	5823.126911	29.63817606
4726	11851	5871.789504	28.99386789
4727	8338	279.9780944	133
4731	9663	849.7974886	49
4731	33018	864.1329288	46
4732	13656	241.2815846	156
4733	189	578.4520834	145
4733	14689	547.6170687	153
4733	23062	622.6836335	142
4733	28416	599.5043047	134
4736	15552	858.6192428	67
4736	18173	872.3563872	72
4740	24534	1269.131728	102
4741	8287	209.8650479	132
4741	27189	215.0542275	134
4747	25486	441.7074726	76
4749	4353	217.0711665	146
4751	28968	454.4269581	95
4752	22695	8868.3538	68
4761	29754	1335.524608	65
4762	16467	2550.159787	113
4771	4134	2611.204155	45
4771	20192	2610.428766	45
4771	20911	2561.890964	47
4772	5286	194.6757556	175
4774	18120	302.6826715	147
4779	30260	2255.445169	93
4783	3297	612.7963059	164
4783	25125	623.7009337	164
4786	1078	267.8107548	130
4788	4468	515.4213786	89
4788	9646	323.9907414	104
4788	17332	544.6165658	81
4792	21475	1276.196812	84
4795	2447	4059.098871	67
4795	23938	3859.551848	71
4799	2358	280.0932576	44.02173913
4799	5096	279.5757057	52
4799	19531	253.3054874	57
4799	22276	252.5530088	54
4799	31705	287.7644876	43.0647448
4800	23203	2028.799461	58
4800	28383	1996.76192	57
4805	28559	826.5799817	60
4807	7898	1237.919049	90
4807	22563	1105.120063	95
4809	30800	181.9895532	125
4810	9714	1955.431345	83
4810	16155	2059.57643	80
4814	23488	1309.850889	67
4833	8834	181.5409914	359
4841	1643	4596.806502	58
4841	12508	4859.485574	59
4844	29666	1394.445293	77
4847	12695	2223.450654	44.02173913
4847	33460	2193.940222	44.02173913
4848	4505	1676.9446	51
4848	5679	1770.959331	50
4848	15105	1760.526862	50
4849	6288	273.6393287	134
4849	17298	206.8581399	160
4858	6686	1418.55351	52
4858	10587	1430.26313	51
4858	28517	1420.44924	49
4870	26166	303.7132754	120
4873	23115	894.1274945	48
4873	25141	908.2469215	46
4882	6279	340.9464013	109
4882	18093	336.4747976	111
4886	7896	2565.524186	64
4886	18057	2674.176173	62
4886	32586	2654.18099	62
4895	15682	257.3414318	85
4908	24093	1857.161467	84
4912	14322	1283.718389	43.0647448
4918	16190	3009.363467	67
4919	6377	2722.219013	33.08095687
4919	8145	2675.076457	33.81608925
4924	1747	712.7281942	37.7441779
4924	4646	712.7281942	37.7441779
4924	8582	712.7281942	37.7441779
4924	28000	726.8834632	36.92365229
4924	31211	726.8834632	36.92365229
4930	18098	459.0132476	127
4936	15864	267.7151038	151
4936	25139	335.5700008	144
4938	18242	219.1511998	128
4939	9425	614.4572472	146
4939	28772	593.4327994	154
4950	4652	2999.416399	36.1209642
4961	10892	1039.259568	50
4963	23414	1998.861654	78
4965	10529	214.738147	185
4969	18762	658.7271865	132
4975	4358	648.702937	60
4975	15911	648.0958407	59
4975	19399	618.0708064	60
4981	13502	230.9583778	173
4983	22268	224.159319	177
4985	9660	1150.569386	83
4985	22198	1150.307306	81
4986	27801	287.6885784	106
4989	10951	1455.051653	64
4989	24308	1521.063018	61
4989	30940	1565.772188	59
4989	32358	1328.57998	68
4990	3756	1028.495033	129
4990	4375	935.212679	131
4990	6384	962.8165524	128
4990	11067	1025.731236	130
4990	13089	1003.588781	133
4992	32030	433.9281173	94
5007	6326	2847.384758	54
5014	5638	1613.656571	63
5024	9442	667.205487	141
5024	32714	668.9656272	127
5030	28719	1333.631587	91
5035	4287	4239.987444	80
5036	2990	721.2026224	112
5036	5796	917.8441898	106
5036	30225	901.078877	106
5037	22912	429.2905242	162
5038	19837	394.539142	158
5039	11740	254.1775913	171
5044	14545	1024.129367	78
5047	2298	1032.992555	42.1285547
5047	8875	697.8051918	65
5047	9008	809.598068	52
5047	11323	736.5624025	59
5047	15626	1063.308991	39.44033602
5047	16210	976.8498929	47
5047	22486	1012.020673	44.02173913
5047	33048	865.6334737	54
5048	18725	6235.53885	29.63817606
5050	30056	226.5179243	140
5053	28608	961.0306537	124
5054	1670	1267.190674	44.02173913
5054	21814	1283.845337	42.1285547
5054	29141	1267.190674	44.02173913
5060	1594	1631.691664	78
5063	20604	314.0807293	132
5067	7514	189.6064735	148
5070	26193	694.6763705	117
5079	27486	301.2473644	107
5087	19215	196.363254	177
5090	18540	886.6513975	119
5091	5414	686.6501935	88
5091	12020	734.8789623	85
5093	23508	726.5368856	114
5093	26138	721.820544	111
5107	6227	944.1428355	61
5109	4262	264.5577829	171
5112	4464	564.3388022	46
5116	30611	226.6813184	111
5119	28652	1990.857409	85
5122	2918	234.4686602	135
5123	10929	2010.854307	69
5125	5426	1073.057223	84
5125	25485	1053.749575	81
5128	10056	355.3682674	139
5128	16054	451.4993346	135
5128	17940	446.1392224	139
5130	18227	1091.647816	104
5133	3479	411.8620841	105
5133	5079	397.6904061	116
5147	18455	365.1977593	154
5149	2620	2900.435489	81
5149	7314	2912.573909	80
5154	25669	698.8414014	68
5154	26224	754.0268996	62
5161	14882	556.5180739	142
5181	33345	1260.103439	82
5186	23898	717.3082194	87
5189	9110	3045.478891	68
5189	29525	3112.418825	66
5189	30323	3171.14837	65
5191	5666	1028.617337	95
5191	33000	1024.55891	94
5193	5567	356.1007078	154
5195	18474	798.6086153	87
5195	26015	785.9497254	89
5203	27532	942.9413717	99
5208	31488	191.2328084	132
5208	32424	200.7366675	147
5213	19001	186.179067	213
5216	13829	329.4764315	109
5219	8549	573.0887548	92
5219	14018	558.2010477	96
5221	21349	693.652822	153
5222	5053	2607.891308	89
5222	12248	2527.274371	91
5223	13705	1253.895495	72
5223	32171	1222.908898	71
5229	10711	672.7789379	113
5234	14338	344.5773699	115
5234	24905	362.0397799	113
5237	33452	351.1929738	72
5245	15046	1437.073482	15.66885474
5248	23789	1052.946804	114
5257	29846	1102.563544	39.44033602
5263	23245	182.9501516	135
5264	10638	1627.436045	125
5265	9641	1055.646496	58
5265	27138	1060.294514	59
5266	4506	1801.965062	101
5272	8200	411.6534972	112
5272	8950	457.5568233	111
5275	7869	1043.576276	123
5283	19955	1249.697696	72
5284	15714	512.4745696	88
5284	16236	520.2529073	84
5284	18756	369.5842495	100
5284	20345	419.7489167	88
5284	23557	640.7407105	83
5292	13151	457.5344463	108
5296	12301	610.5668767	111
5296	15068	624.1988483	106
5309	16409	269.6794093	204
5312	13374	473.6361255	150
5312	13839	470.87099	150
5314	4849	452.926651	124
5314	10330	443.010337	128
5317	4850	196.7477441	146
5317	5252	196.7477441	146
5318	9858	976.6747679	44.02173913
5318	14304	974.5904909	41.21271655
5318	14478	1007.325668	40.31678793
5318	14513	986.2421514	44.02173913
5318	30118	995.7669735	42.1285547
5319	18500	1111.881794	55
5319	20517	1094.212969	57
5319	23035	1100.554462	57
5319	25092	1111.538902	56
5320	23750	499.029656	179
5323	17011	1313.375285	48
5323	29300	1314.265786	48
5331	20587	3073.211426	88
5335	23869	696.5897459	106
5335	33387	695.5334702	105
5337	25733	1405.302058	67
5341	3256	358.7985283	112
5341	30987	326.550069	127
5342	25471	224.4939391	139
5345	21643	361.5556156	103
5347	6323	222.6460703	159
5347	19787	181.8652558	169
5358	32458	2236.412035	65
5360	28447	385.5063352	72
5363	18893	977.9717762	101
5366	27347	786.33559	97
5367	5151	358.7411884	75
5369	370	2108.762063	97
5373	2254	1144.093597	36.92365229
5373	4983	1162.751045	40.31678793
5373	14908	1145.136712	38.58293741
5373	19144	1158.869733	43.0647448
5373	22476	1142.670377	44.02173913
5373	27700	1160.216355	39.44033602
5377	9759	1274.066701	145
5379	4371	383.4126703	71
5379	9452	373.1667134	81
5379	10677	442.7591032	70
5379	11489	455.2129253	71
5379	21165	448.8644535	71
5379	32468	437.0271443	70
5382	11967	668.6963869	82
5385	25653	217.5112089	164
5386	29372	1338.713746	122
5387	25283	904.8749457	95
5387	33056	869.285021	94
5390	9479	345.5965239	142
5394	2669	1079.736528	41.21271655
5394	8071	1079.736528	41.21271655
5394	12997	1074.973295	41.21271655
5394	32746	1071.72103	40.31678793
5396	463	549.3727393	142
5396	1360	607.8223355	148
5396	2975	559.2422896	136
5396	3762	517.0819524	143
5396	4114	604.9984174	137
5396	4434	493.5772467	151
5396	7686	525.9556098	151
5396	9825	497.6027923	153
5396	10346	593.4141526	142
5396	10701	636.033585	148
5396	11195	614.40473	134
5396	14103	543.607605	139
5396	16342	687.1091475	130
5396	18420	510.2355336	141
5396	19728	524.9001907	142
5396	21809	568.6811381	146
5396	28118	605.0724513	142
5396	29627	603.7052955	141
5396	29989	505.6505651	146
5396	30980	615.5007646	127
5396	31660	535.7548329	149
5396	32970	584.0572063	145
5396	33426	606.371543	140
5397	19029	1086.892415	85
5398	10851	638.5364855	133
5398	23538	618.7412229	128
5407	24863	308.8875006	118
5411	2178	1218.557719	98
5420	16121	365.7111342	125
5421	1009	188.1088101	134
5424	775	442.1186358	131
5424	8471	453.2483484	133
5429	5675	1716.533712	121
5429	10995	1758.031965	122
5430	31720	1678.481228	39.44033602
5436	547	843.652743	44.02173913
5436	16449	828.6987368	46
5436	18881	819.857308	46
5436	29651	843.652743	44.02173913
5443	25766	597.0127129	126
5447	23623	6564.894306	91
5448	20245	661.9808037	114
5449	13567	2545.038428	80
5449	21231	3750.595717	75
5452	31821	689.5698077	135
5457	24822	852.4398757	92
5462	9337	197.9459449	159
5462	12353	242.666378	141
5467	23008	664.0396341	152
5467	25946	575.4942008	168
5468	7667	566.1766417	102
5479	7299	1266.201017	55
5479	10655	1342.307264	53
5479	11669	1342.307264	53
5479	18612	1335.09431	53
5489	9243	188.4144878	169
5501	4235	500.7121707	95
5511	4013	252.4592915	65
5511	32887	232.8257726	68
5512	2282	695.5016633	109
5512	9533	691.8835197	109
5512	10144	691.8835197	109
5512	12524	691.3382305	97
5512	15206	695.5016633	109
5514	20129	638.0627567	91
5514	27004	614.2907205	92
5517	24486	1328.300352	68
5517	33404	1324.221761	64
5531	4677	496.9133517	126
5532	32367	790.377737	55
5538	10624	805.8328669	110
5538	12635	889.9591657	106
5538	19522	928.4286942	103
5538	22278	848.1592565	112
5538	24795	890.4079181	101
5541	4814	1730.402209	75
5541	30698	1764.044837	72
5546	21923	739.1794256	128
5548	5082	870.4742895	59
5548	5209	881.7686711	58
5548	12912	864.7942338	60
5548	23106	892.8032834	58
5548	31877	873.069006	59
5549	7255	210.5486653	137
5551	6286	374.9552841	147
5555	32112	353.8484481	93
5560	12241	1483.572901	63
5567	1619	2003.257538	42.1285547
5567	11118	1982.819889	43.0647448
5567	14200	1997.37145	41.21271655
5567	30034	2001.990721	41.21271655
5570	7500	267.2996058	143
5570	26034	235.0245522	148
5576	8934	3329.941129	69
5579	13643	1271.597831	69
5579	29503	1179.603726	72
5581	23631	1273.87388	54
5583	13693	292.1382693	109
5583	23791	278.6786331	104
5583	25528	262.696963	104
5591	25492	1013.006369	71
5591	29724	1011.265121	69
5592	3253	517.5048967	56
5592	8124	529.3547742	64
5592	18638	518.7787939	60
5592	21163	531.0439264	59
5592	25920	496.2830232	62
5594	12295	566.2676896	95
5594	27351	557.8036269	99
5598	4975	457.5417446	148
5604	3383	322.7686541	148
5606	30702	343.4857939	95
5617	26204	304.5545158	98
5619	2069	714.7015834	51
5622	18224	744.3954488	86
5622	21363	726.6030334	87
5626	9339	3528.408688	57
5632	752	823.9853291	169
5632	21886	823.8421665	170
5637	25206	2331.674641	45
5637	25755	2266.315517	48
5637	29695	2344.049747	45
5637	30836	2337.998298	45
5637	31952	2231.323967	50
5639	6340	1894.227356	45
5639	17152	1895.41498	45
5643	12540	2750.172373	41.21271655
5646	15710	3034.034854	91
5650	22196	924.7896457	75
5652	676	690.1040163	77
5652	8276	687.4817543	80
5652	29551	683.2713722	79
5653	18896	599.8371935	103
5654	17300	396.0816425	54
5654	21434	406.0508743	52
5667	12979	1694.869295	82
5669	18016	641.8513416	111
5674	17591	681.0970627	113
5681	18852	683.6892438	73
5687	5675	1571.793437	127
5687	10995	1762.282026	118
5696	20046	3170.706144	27.74696714
5696	23598	3195.48486	27.1437722
5696	24436	3169.350469	30.97006447
5697	32516	1008.15223	114
5701	7254	443.7746774	116
5702	13614	2487.340667	102
5705	886	2488.455984	96
5705	4541	2488.565273	95
5705	15913	2529.204793	96
5705	16301	2484.523855	96
5706	30207	671.2065005	121
5706	30347	698.6318249	116
5708	4308	850.0764565	96
5708	12761	882.6557501	94
5708	14575	904.4504675	92
5708	30432	902.4883923	93
5709	23761	1585.973582	104
5709	26758	1591.76047	103
5714	33073	480.8952781	131
5717	7435	557.9108131	78
5717	7461	563.6164435	78
5717	25736	545.5850261	83
5721	11106	1149.791688	86
5721	14652	1096.956537	89
5721	29591	994.6509449	85
5721	31179	1028.330645	89
5731	28424	263.5706159	187
5733	936	1300.119769	85
5734	1698	847.5227655	132
5734	27787	910.3287339	134
5741	11548	1490.509387	107
5741	12917	1519.870809	102
5743	17320	721.2381975	74
5744	3861	1404.050536	129
5746	9748	331.6456993	140
5747	23134	2111.273254	54
5747	24270	2131.796631	54
5747	25386	2122.881064	54
5752	25963	488.6314413	129
5753	17593	1420.67146	108
5754	21606	424.9662835	79
5755	16495	1409.590539	67
5758	8898	431.2374477	146
5759	19173	3042.302738	43.0647448
5762	11088	4426.357351	27.1437722
5762	29292	4337.628257	28.36356641
5767	1382	1458.357891	61
5769	22475	1569.197878	81
5774	1031	1037.830521	102
5776	33449	1647.593753	130
5778	17753	1385.042444	90
5781	4222	3499.886507	38.58293741
5781	5662	3513.720776	38.58293741
5781	24830	3472.613182	39.44033602
5781	27233	3472.613182	39.44033602
5787	8638	658.005295	116
5791	26078	458.7737636	161
5796	4137	854.9187641	52
5802	15945	2525.928797	91
5823	1762	2095.007286	65
5823	11872	2118.063211	65
5823	30619	2082.455428	63
5828	5211	213.9136663	129
5828	11615	190.2892134	129
5828	11788	215.4383435	131
5829	13393	1075.271076	62
5829	18068	1076.163335	62
5829	18895	1077.51125	62
5829	23533	1057.189814	63
5829	33250	1077.51125	62
5830	32858	672.1440279	76
5832	11217	488.2515465	86
5832	28683	470.3912055	85
5832	30594	459.4644969	100
5832	32380	374.7750484	104
5837	21101	3998.234503	65
5839	8338	279.4100354	133
5840	1145	212.0562935	92
5841	382	1895.218061	89
5841	4887	1906.224366	88
5842	15623	395.45038	133
5842	26824	467.3105835	126
5844	18768	321.8714833	82
5856	16951	1356.734904	107
5856	22753	1289.570328	113
5863	2279	1097.757249	81
5864	2913	272.9584693	144
5866	17799	1093.826761	137
5867	4028	2299.323736	89
5873	23414	2042.627806	75
5874	13226	429.6527208	21.31433096
5874	20328	429.6527208	21.31433096
5875	5999	427.6986067	90
5880	18599	249.41303	94
5880	19660	241.0441157	97
5880	22376	278.9598792	88
5886	6144	384.4212414	156
5892	4795	579.5341569	39.44033602
5892	21161	574.236878	40.31678793
5892	22021	583.3515361	40.31678793
5892	22374	578.4047408	41.21271655
5895	4651	1258.634678	115
5895	8336	1182.918226	119
5895	10337	1070.313664	115
5895	17276	1217.391245	113
5899	2863	546.1441583	47
5899	5498	552.3577083	46
5903	22028	218.2088783	190
5904	31131	801.558943	75
5907	19201	562.3404711	42.1285547
5907	26128	532.57723	46
5907	29165	562.3404711	42.1285547
5909	30443	3257.317454	73
5911	9508	181.3598019	110
5919	5234	926.7140726	36.92365229
5919	17269	936.8412323	33.08095687
5929	2933	850.8162858	69
5929	12542	850.8162858	69
5935	11717	487.6489888	102
5935	15844	476.5930549	105
5935	24472	434.8378224	108
5942	17640	1655.626733	46
5951	20347	1852.887687	114
5955	12926	601.2976554	124
5964	19133	800.5306316	52
5964	30141	800.5306316	52
5968	6273	2560.322831	111
5968	21684	2332.320838	114
5970	25040	2917.807309	74
5970	30604	2989.757253	74
5970	32463	3130.875637	72
5970	32857	3298.892561	67
5978	5470	426.5249033	96
5982	2829	882.0444446	93
5982	7632	986.9821341	91
5983	774	480.3195883	80
5983	16088	441.5863707	83
5983	17925	439.1692005	81
5984	22263	3523.715194	70
5984	33100	3699.81984	66
5985	3911	1063.442406	71
5989	20779	3849.816765	46
5989	25390	3833.748092	46
5991	14336	895.6292429	61
5991	15645	891.7989419	62
5991	17102	914.595538	61
5991	23206	925.3367634	60
5995	24957	214.4136411	98
5999	15809	722.2601888	150
6003	3365	567.6152619	150
6003	3930	557.3105187	162
6003	14177	551.5043774	150
6003	14314	567.6382583	150
6003	19002	561.0977628	154
6003	21924	558.1683085	147
6003	28600	511.1093024	162
6012	30622	1203.746898	91
6020	21137	863.4060194	93
6022	6621	665.9851497	111
6022	27653	576.0158626	120
6024	11907	4363.241133	69
6025	17947	343.9282159	146
6033	14470	291.3424925	100
6041	3426	1008.544315	101
6041	20469	1005.977624	104
6043	1561	314.5654337	101
6044	24499	1540.079041	63
6048	2002	3641.417821	46
6053	21820	517.3094204	130
6053	27457	556.9641263	126
6053	29534	447.8264027	130
6054	15937	1050.288609	98
6054	23894	1118.196805	98
6054	23899	1150.105879	96
6062	1401	4151.218513	39.44033602
6062	18390	4143.215865	39.44033602
6066	1441	628.0326432	68
6066	2590	648.4099148	69
6066	22099	647.4797757	69
6067	4093	3280.869826	48
6067	9615	3294.507432	48
6067	22380	3275.599634	47
6068	8338	232.5832173	136
6071	24975	1110.217002	114
6083	24858	249.7986862	310
6086	5585	1516.128487	97
6086	19383	1831.158874	97
6087	376	928.2124137	83
6087	14211	963.5871364	81
6089	23377	580.7734696	92
6091	11046	850.1551205	130
6093	8237	2946.652362	46
6093	13691	2971.167607	45
6093	14621	2933.585135	46
6093	26565	2944.728772	46
6096	10056	364.0769284	143
6096	16054	471.3782351	120
6096	17940	456.2653796	138
6102	1588	571.4610367	83
6102	15577	542.9108406	87
6102	28495	547.6314633	87
6102	28727	537.6265543	82
6108	2609	829.3666613	94
6110	4174	1294.320162	95
6110	4520	1267.828378	97
6110	15271	1264.914348	96
6110	21441	1299.939445	95
6110	28083	1273.440477	93
6110	31456	1239.837964	97
6113	10801	564.573176	126
6113	18985	475.0018071	130
6113	30932	330.9174825	132
6115	9495	500.1268018	123
6115	19409	460.7872029	128
6119	26000	207.665568	131
6122	22027	2585.099174	45
6125	13817	417.0708445	164
6127	5840	940.0885475	55
6129	8177	2001.239423	63
6133	18019	1094.125429	46
6141	21672	451.5180828	108
6141	24684	420.2949959	114
6141	29129	460.0465299	105
6141	31928	441.8826638	110
6144	2378	207.5960618	134
6147	1510	1140.012938	49
6147	10434	1133.210838	50
6147	11506	1171.795655	48
6147	20414	1126.109987	52
6147	26544	1144.817243	50
6149	7103	397.7702004	150
6151	33256	2495.941929	86
6153	2298	808.7089749	44.02173913
6153	8875	691.8373392	55
6153	9008	778.8120759	54
6153	11323	672.6954712	54
6153	15626	902.5237162	44.02173913
6153	16210	808.9867314	44.02173913
6153	22486	854.7501978	48
6153	33048	760.1401406	54
6157	9838	1210.004794	79
6157	20220	1239.355741	76
6157	30052	1091.63705	82
6157	32186	1202.297159	79
6158	13513	411.6088041	107
6161	5825	1202.562638	24.859302
6166	1534	1754.757452	99
6169	29287	2483.121079	54
6175	20246	233.1307485	142
6178	21585	227.4732889	133
6181	4439	2782.546396	96
6181	33208	2722.453376	95
6187	5381	589.0624836	91
6187	21226	591.2948303	94
6187	25619	595.4191407	94
6187	28878	590.2598944	93
6189	28917	725.7158325	101
6191	19300	386.4325132	172
6196	27628	1149.88536	79
6203	10814	3690.355903	44.02173913
6203	22401	3693.505455	43.0647448
6212	906	1602.154747	91
6212	5476	1634.049044	89
6213	14276	2643.420939	61
6213	17395	2672.766393	60
6213	19355	2696.465157	60
6214	26566	4569.611219	143
6215	7767	1093.43983	96
6222	514	749.703851	122
6222	753	750.1704074	115
6222	2323	807.757829	114
6222	8403	836.9006467	111
6223	13291	580.7209711	114
6223	23355	605.2945383	115
6223	23512	642.8858901	106
6226	10236	1489.932204	63
6227	4091	1346.622074	40.31678793
6227	30328	1351.528806	36.92365229
6230	15737	1536.671896	73
6235	5563	555.7783994	83
6238	5675	1163.500214	148
6238	10995	1209.10452	132
6242	12586	855.1231585	105
6242	26376	855.5669541	106
