1	9329	198.5015049	185
1	19874	208.2451914	212
7	10959	197.2887865	227
7	24381	212.6334101	198
12	8874	697.7620042	121
12	16240	680.2110035	123
19	14129	227.9451832	173
20	21422	266.0595466	156
21	25728	390.9943167	140
23	13847	1142.874753	82
24	10040	848.2756061	116
24	21772	987.8921916	129
31	13362	852.1608412	103
31	20869	864.2613137	101
33	6299	2748.200504	40.31678793
33	25245	2771.523083	39.44033602
38	2487	519.8538838	114
38	8545	403.405869	126
41	9816	809.1919109	96
41	20918	832.499585	96
46	875	2383.711185	53
46	9533	2283.357403	55
47	2678	960.0634522	122
49	88	856.8015745	114
49	16584	856.8015745	114
53	3812	1857.605852	36.92365229
53	5653	1851.604293	36.92365229
63	514	691.3799377	143
64	8165	3556.166891	27.74696714
64	23027	3533.254758	28.36356641
64	27277	3560.729709	27.74696714
69	17019	229.4832695	143
72	21908	271.532903	188
83	21158	1302.017246	84
86	7482	2021.632489	91
86	11997	2012.946929	93
86	12380	2019.642034	90
88	21736	935.2788115	101
90	4288	288.6979937	197
90	14697	226.2624028	204
91	9568	1299.18732	90
96	1663	226.3866728	173
96	6769	206.0101612	172
99	11158	704.4176662	128
100	5654	338.5624552	155
102	19045	2716.825014	60
104	1668	1738.859824	67
115	16208	1503.52959	66
120	7400	551.7861824	173
121	16494	3358.580948	90
121	27809	3443.991934	91
122	960	3268.061489	88
124	7903	842.3698755	130
126	18793	1071.034419	109
126	24813	1018.608388	112
129	10308	368.5905608	154
132	6582	260.4425487	165
134	4765	418.9778726	192
136	60	1439.049633	63
136	1586	1342.06534	64
136	3383	1410.672068	66
136	4070	1311.245844	63
136	20171	1325.597498	67
137	12562	1012.143417	70
137	20026	1005.963339	70
140	953	271.4859212	199
140	3010	234.1752265	208
140	3854	218.754359	213
140	18730	243.483703	204
140	20148	283.0441715	205
140	22838	331.8920309	215
142	26879	1110.43143	110
148	766	261.4482528	166
149	20714	875.1084208	166
151	16114	2417.343607	70
151	20936	2417.343607	70
153	9718	2598.028732	113
153	10863	3008.119237	107
153	16489	2756.144366	115
153	17387	2893.813753	112
160	1770	655.5969345	38.58293741
160	14268	662.0404767	39.44033602
160	16360	662.469822	41.21271655
161	9710	2979.925302	55
161	11276	2994.709262	57
162	6008	620.80112	133
164	5118	1357.918526	72
164	8373	1254.348618	76
166	9200	1064.920067	103
172	2481	612.6719035	132
172	4205	695.4455911	130
172	8977	694.5623964	120
172	12713	597.5650114	134
172	14503	700.0042015	131
172	15844	662.2191512	134
172	22760	679.6436679	121
176	24414	650.5418371	168
177	6712	472.9301515	68
177	13233	433.8912832	73
177	15343	436.023785	72
177	24306	433.8912832	73
178	1692	633.7266745	154
178	1701	660.6019339	154
178	3198	639.5052583	148
178	5844	525.4708628	167
178	6623	378.4785914	180
178	10064	371.6953101	191
178	12693	520.380735	168
178	12811	564.5602889	160
178	15223	374.5986602	190
178	17503	617.5784339	157
178	17940	661.0544667	152
178	18749	408.7473848	167
178	18955	536.3416878	163
178	18971	456.8216895	165
178	19029	606.0337081	158
178	19069	365.4409477	210
178	25550	533.6043688	164
178	26180	581.7304086	160
178	27218	620.6710503	161
179	22756	387.3293531	68
189	12333	391.8126535	71
189	21597	391.196947	72
189	23144	421.5823501	65
190	21104	225.0135112	177
191	11763	217.468821	206
192	6277	187.7382268	175
192	8661	210.0733851	165
196	2566	318.3962745	79
196	15840	332.8286158	76
196	22791	337.6689187	67
201	12962	1866.536652	47
202	8007	728.0472801	88
211	12744	728.031941	119
212	11162	549.9608566	97
219	7809	442.455306	130
219	18551	442.455306	130
221	4538	525.1753904	78
221	12736	546.8816406	76
221	17985	531.6503619	78
229	15767	594.226675	132
232	407	236.4787065	243
236	20421	2451.920086	51
236	23631	2390.393064	51
237	5941	687.7741357	145
237	14722	677.7474145	145
237	21778	631.1080263	151
246	11509	1872.080781	91
254	26236	556.3309701	68
254	28084	578.7140263	59
255	6876	1215.084672	66
255	19941	1184.097369	68
257	4174	1309.390475	98
261	19866	267.4093365	139
263	4596	658.5382291	133
263	14760	662.1543534	145
265	17188	1050.051835	115
266	11577	1062.623679	70
267	24256	677.9948833	161
274	4030	1581.243682	27.74696714
274	8057	1550.706044	28.36356641
274	10068	1554.380027	28.36356641
275	8271	2455.585485	42.1285547
278	8857	866.1029687	58
278	9583	855.7286817	59
278	21170	910.163393	57
283	5622	1357.256925	68
285	13767	1814.106208	57
285	21455	1647.190233	54
285	26806	1712.890071	57
286	17603	251.4286803	204
294	18429	931.0073959	39.44033602
305	17194	293.1521473	177
309	20356	822.1036627	105
321	18600	2017.856477	79
322	23113	291.2918966	59
324	3635	892.4211387	125
326	7286	471.1514876	111
326	13093	417.1428397	128
326	13756	390.1699084	124
336	26974	212.5641008	163
338	1755	423.3518246	121
338	3906	426.5434045	124
342	13789	2674.795746	58
342	22926	2697.400701	60
342	26993	2666.713414	58
347	8304	2151.896239	48
350	6965	1352.002336	110
353	8750	262.4625233	127
355	4605	1946.032569	81
355	27494	2326.802449	76
362	27280	398.3156335	125
365	10784	977.9207533	59
368	7225	816.7470055	51
368	20032	772.9256996	55
368	21781	828.3021335	47
369	11249	603.5315623	106
372	9280	2222.342247	62
375	5684	412.9519917	100
376	13981	889.6844228	23.79021103
376	14822	968.1683364	23.27303253
376	18831	977.0313107	23.27303253
376	24643	929.1374101	24.31888239
378	4411	1049.167506	39.44033602
378	16620	1036.303899	40.31678793
378	21291	1011.949088	41.21271655
383	5027	691.573727	115
387	5345	191.9808122	154
390	977	1994.03342	38.58293741
397	18297	3475.650166	83
397	25116	3505.332766	84
399	18061	1320.784938	41.21271655
399	22579	1329.133384	40.31678793
402	1273	246.5932553	181
402	6631	234.0840674	177
402	7907	210.7017018	194
402	27757	214.9334893	192
407	16377	745.2708078	96
408	316	1501.280342	84
408	4380	1609.480975	79
408	5764	1617.885496	79
408	8813	1635.784655	78
408	11438	1661.119995	78
408	15673	1550.382064	81
408	19269	1617.885496	79
408	19484	1599.803521	77
408	22107	1550.382064	81
414	2315	796.3265565	147
419	6445	1492.314913	79
420	16702	461.6336519	197
425	21809	814.8796078	105
430	23421	2984.688311	38.58293741
435	20092	329.3738149	153
440	1692	694.0720442	144
440	1701	757.8516527	144
440	3198	785.8987306	141
440	5844	674.1875519	150
440	6623	534.9758676	157
440	10064	460.9274407	175
440	12693	574.9209265	167
440	12811	702.9288298	143
440	15223	479.9480318	164
440	17503	586.7714659	162
440	17940	735.9208951	153
440	18749	542.4653864	157
440	18955	550.6895681	174
440	18971	512.3522009	167
440	19029	702.6702659	157
440	19069	447.2903085	175
440	25550	581.1568347	163
440	26180	664.3147616	154
440	27218	747.1553034	151
444	4134	1638.787434	110
446	5959	465.2823751	94
446	17504	462.9232532	81
449	4484	1057.603526	106
449	23136	1076.934263	104
457	13012	2698.536653	70
459	11766	1407.414617	81
459	27799	1412.360189	81
460	26610	910.24574	122
461	1745	474.2116765	81
463	12915	1124.466938	126
463	15091	1270.943974	126
465	11473	1820.994223	78
465	13076	1685.824808	79
466	6088	2125.900965	51
469	1064	1237.56441	78
469	19460	1284.79864	75
469	25823	1295.475427	76
470	20150	1577.259695	69
472	707	1426.347615	62
472	7288	1367.350967	66
472	7879	1409.409402	64
473	1534	1023.716202	88
473	3062	1120.498695	83
473	9304	1072.89949	87
473	9524	1131.328283	84
473	18162	1004.463253	91
477	5534	1631.134098	49
477	12405	1657.135914	47
478	2161	294.2526474	147
478	16490	281.8225803	144
478	24415	307.9926192	144
480	14400	209.8770482	204
481	19883	213.0476277	99
482	11245	848.4792649	102
483	9280	2113.430638	65
485	22621	197.6318567	224
487	20359	728.2679934	138
494	27719	1535.277932	87
495	26243	333.7520914	101
496	6871	656.9830254	62
496	11904	678.3156206	62
496	23717	668.3548313	62
497	14332	2215.692928	67
499	8077	1536.760639	80
499	15692	1557.663904	82
501	6073	1139.703348	96
501	20517	1132.781344	99
502	9024	1391.518641	95
502	9041	1464.782479	96
502	14641	1504.392647	90
502	21046	1314.70792	99
502	24598	1437.277954	96
503	8208	5038.979596	68
503	27283	5032.297608	68
506	1523	1279.69157	88
514	12215	1564.494996	28.99386789
514	15524	1580.958893	27.74696714
514	19870	1589.814387	27.74696714
516	868	1993.802788	63
516	14717	1514.722166	62
516	17347	2029.668224	62
519	16826	455.8602393	157
520	11735	363.9570649	169
523	23396	268.0247832	159
525	8628	839.2024219	40.31678793
525	14331	824.9346833	43.0647448
525	18662	824.0546102	43.0647448
525	25107	860.8913265	39.44033602
540	671	863.9189602	78
543	6880	2402.365886	89
544	6461	461.3875334	121
545	26276	202.8538415	191
549	6184	533.2563327	101
551	21075	265.4309343	199
554	24462	5516.872665	34.5675579
555	5543	463.2460828	94
559	10016	462.5561636	267
560	19416	288.9977606	143
566	2772	1023.357316	142
568	1225	1803.980571	75
569	25237	720.0185583	61
570	9724	1270.939351	37.7441779
570	17084	1295.429319	35.33572585
581	15311	590.4086656	70
587	24513	231.8060336	209
591	10315	393.9629393	76
591	11358	478.601129	64
591	13466	505.425383	60
591	21070	378.124166	70
607	7062	271.6046419	164
611	23651	253.4169728	142
616	514	665.9496069	141
622	2621	542.8005481	96
622	15752	542.9421395	96
629	6914	931.5693658	108
632	5018	463.7499745	168
632	14346	446.6790603	167
637	27985	742.535763	137
642	20036	1219.304001	71
642	22105	1254.414343	66
646	9719	792.8836525	127
646	24923	766.1826703	131
648	12960	230.9482784	211
649	14290	1727.325454	69
649	15377	1743.07542	67
649	28029	1872.503323	69
651	8400	228.4970757	161
651	18259	236.7131118	159
655	24503	349.3796155	83
656	2946	629.0528668	54
656	19362	584.9713929	62
657	12351	786.9554524	57
657	22682	785.1044896	57
658	14595	978.2484102	130
658	18755	1025.455224	135
659	18083	1787.611769	109
660	2682	918.1180976	118
660	21753	1044.561639	113
660	23757	976.7205879	117
660	26223	1016.299831	112
662	5059	479.3645832	107
670	13083	227.0427194	132
670	15467	228.1689931	137
675	1928	1852.142326	46
675	5228	1995.912926	43.0647448
678	10943	1419.760965	111
682	13390	1991.769125	52
683	11003	715.3905394	140
685	21460	300.4870547	154
689	1078	1569.648585	73
689	4865	1431.670532	78
689	4903	1569.828655	71
689	12682	1484.685052	78
689	24505	1474.030529	77
693	10893	362.7214546	126
693	19033	331.4782567	130
694	12141	848.2575567	69
695	18387	867.095788	22.27216015
696	1211	237.1632426	81
696	8883	229.5318098	83
699	8820	1502.610626	40.31678793
699	11917	1511.735113	43.0647448
699	22149	1502.610626	40.31678793
699	27000	1533.54676	41.21271655
703	19640	462.6977921	141
706	20722	1123.740718	105
718	17509	329.3544057	122
718	19813	350.3858426	126
718	26452	381.3881875	124
722	21817	2208.300379	78
723	8652	456.5718755	94
724	13736	1134.216153	84
725	1697	359.5492214	153
725	5923	325.160291	156
725	15797	347.0114406	149
731	9446	261.5610769	145
733	6170	1052.873705	116
733	15966	981.1540359	116
733	23685	1021.020578	118
735	17106	939.0091816	104
735	18697	958.9752225	102
735	23361	1085.855603	97
739	22578	1045.020864	108
750	24524	533.9703799	115
751	23229	4635.095016	35.33572585
755	967	204.0717883	224
764	916	398.6858865	121
764	4774	355.7597762	135
764	5593	446.0339448	131
764	7732	313.4472713	140
764	8860	423.7052684	129
764	11173	335.313632	139
764	12196	421.0069322	139
764	14087	316.5959391	151
764	16790	468.5306855	121
764	18925	225.9799282	154
764	27026	464.9907949	122
766	2992	703.7800248	85
768	14675	872.3779659	141
768	25328	966.5265701	137
773	12947	187.4871577	184
773	14079	263.2656656	169
773	17726	252.1603902	175
774	9778	1041.982659	117
780	23472	563.5526348	182
783	9754	555.1562488	82
783	9844	531.6530276	87
783	15112	528.7542063	87
791	1921	723.6758059	93
795	10850	1109.667676	62
799	24008	451.3757522	67
799	27041	423.1344771	72
799	27208	441.630004	68
801	19270	542.6252221	53
801	23709	546.2394968	45
806	7942	1837.94889	70
806	13835	1837.949776	71
806	19067	1755.039398	74
812	21339	1112.224063	114
812	23280	1040.191654	120
812	27682	1124.58256	118
813	18379	262.823984	131
815	5197	1721.828075	87
815	9221	1726.815319	89
815	12819	1757.729109	87
815	20573	1714.197533	86
816	27664	1915.562035	78
821	16731	1749.779536	127
821	16944	1742.869711	121
825	7728	302.7238728	131
826	2682	792.6610655	125
826	21753	672.1122102	144
826	23757	709.7995937	133
826	26223	723.8092152	135
827	19041	232.4739694	299
827	28083	232.4739694	299
832	21890	2380.280291	28.36356641
832	22220	2432.281532	28.36356641
834	997	729.8877056	99
837	3324	953.5345774	25.97643606
837	3497	883.1678375	26.5536902
837	4547	944.4603324	26.5536902
837	12385	945.0419374	25.97643606
842	18685	721.2007543	107
843	9718	1889.350029	124
843	10863	2271.367702	115
843	16489	1960.089718	124
843	17387	2164.119111	120
850	9771	299.6363558	111
853	4300	1492.970693	79
862	4013	447.5830642	82
862	4613	396.0540578	75
862	14133	427.4915901	81
862	16687	500.6343649	66
869	26348	1551.262226	83
873	1019	218.2148903	145
873	5549	201.2273102	159
873	12132	219.35106	151
875	15055	1305.949886	145
877	14479	273.6525586	150
882	1095	780.9728436	72
882	18257	1043.99657	74
884	1134	1344.093444	54
884	2055	1363.803294	51
884	2765	1395.334129	50
884	25180	1241.386426	54
893	9044	2079.25373	72
895	17817	1136.182253	76
896	19327	1702.403762	64
900	21002	261.4544405	210
905	14675	934.5470205	143
905	25328	1061.407575	135
919	11648	1286.269204	90
920	24199	2109.8667	71
926	2299	444.5304943	125
926	16329	439.7316618	118
933	4182	547.5627706	128
934	15240	1231.594482	88
937	9998	573.3533592	93
940	23579	367.7445322	136
941	16143	430.7577099	56
945	25188	373.0447474	176
946	505	1432.380655	56
952	404	1216.559391	67
952	27473	1243.876288	65
955	3240	358.1007469	74
955	16068	332.8687314	87
959	5027	867.1999748	100
971	6273	307.486673	98
982	15907	1225.77053	99
982	24082	1199.218203	102
991	5202	556.0772262	118
991	7900	597.5732205	106
991	8125	563.631587	119
991	11635	631.9970888	106
991	14023	574.5088016	112
991	17450	556.7743777	114
991	17843	562.4982468	115
991	18458	475.1486666	134
991	21078	584.0811931	117
992	18048	442.292535	142
996	2772	1071.46371	141
1002	7404	1892.786223	137
1002	11150	1297.379505	143
1002	13629	1846.606946	138
1005	8037	1216.930044	128
1006	25899	1925.169796	40.31678793
1009	1517	482.5686036	137
1009	5287	529.9905161	135
1009	8222	493.9677729	138
1009	11460	484.6783	131
1009	15109	516.6097098	131
1009	18847	469.6861287	139
1009	19044	463.2914526	140
1009	24628	459.167312	139
1009	27303	547.02292	131
1009	28079	522.7684155	128
1016	7375	331.6762448	101
1019	7000	908.0217578	66
1021	14993	1195.631416	61
1024	6710	426.5963112	114
1024	8474	426.5963112	114
1024	13250	436.0753874	103
1024	21087	326.4355637	117
1024	27937	428.4638327	101
1030	541	513.517464	110
1043	12924	186.3060735	258
1044	6775	199.2465962	135
1048	7156	842.6085617	85
1050	18134	805.7250677	117
1050	24851	832.8056065	112
1054	6494	420.5353337	126
1054	17035	322.3374104	127
1063	20179	2101.514129	82
1067	23449	605.6286529	113
1070	1113	1001.361393	63
1070	3166	977.9954618	58
1078	10770	248.2986177	175
1079	5202	742.4307394	122
1079	7900	697.3490931	118
1079	8125	719.3294425	129
1079	11635	766.9530993	108
1079	14023	805.7926293	103
1079	17450	771.9949329	111
1079	17843	799.7704166	105
1079	18458	731.3367192	113
1079	21078	799.4199953	109
1080	330	322.8393901	131
1080	7855	408.5315065	103
1080	28020	367.8256991	115
1082	13203	526.6048252	126
1082	14101	504.5690372	134
1088	2406	368.2976803	34.5675579
1091	1364	637.3969454	134
1091	18390	612.7716372	132
1114	16675	2434.110461	33.08095687
1114	27180	2554.439701	29.63817606
1115	2682	806.7480659	121
1115	21753	693.3267701	149
1115	23757	725.7778775	132
1115	26223	713.0259533	137
1129	25768	500.3739049	45
1134	9884	855.0602246	65
1134	11693	837.1498742	63
1135	6719	742.8363795	92
1139	3641	615.4337723	121
1143	3501	998.1844585	95
1143	7323	1064.965978	89
1143	9953	984.0751835	95
1143	13832	1059.998806	91
1143	22895	982.8077395	95
1146	3521	2041.777312	28.36356641
1146	4887	2124.467892	26.5536902
1148	6893	373.8666904	132
1148	7217	475.9288487	128
1149	8047	671.6095424	151
1149	15144	641.6219019	159
1149	25878	607.3379505	162
1150	16830	496.6101303	89
1159	6935	433.5401033	94
1162	15571	2996.773765	36.92365229
1165	982	247.7210631	192
1170	5869	1396.969753	122
1170	5877	1392.675601	124
1170	8286	1396.733216	122
1170	13887	1271.058339	127
1170	15294	1368.289339	126
1170	15796	1310.473653	127
1170	20076	1452.746447	120
1170	24740	1409.104177	124
1172	20189	335.1411854	177
1172	26159	316.242874	179
1174	2672	467.9984145	126
1174	25947	435.112424	127
1177	9504	733.7628366	80
1177	12096	708.8743076	80
1177	14386	724.9095421	80
1178	28094	301.730831	54
1183	7944	1337.812619	76
1186	3537	992.0374112	73
1186	22512	958.2738481	76
1188	7447	514.1366843	48
1188	10160	499.2101153	51
1188	22083	485.5796877	52
1189	19199	414.7524827	133
1191	2849	2493.459604	77
1193	25105	522.2331619	100
1193	27243	478.4001143	105
1194	7674	878.5963219	110
1196	2444	701.2183089	130
1203	1680	483.4739993	85
1208	2371	678.3082306	124
1208	16605	569.9058229	133
1209	19964	1780.517268	77
1210	21267	325.1217641	158
1211	12768	462.3462938	109
1212	21614	371.5786411	145
1215	5322	640.9833754	47
1215	20194	632.6169477	48
1215	21716	624.232259	48
1215	25334	622.7472857	48
1219	1366	4335.859458	30.2968022
1219	2640	4559.695527	28.36356641
1219	7090	4539.433083	28.99386789
1219	17761	4492.463805	28.36356641
1219	23550	4465.677655	29.63817606
1222	22359	425.16977	110
1225	5107	1349.894289	70
1225	6651	1241.689428	77
1225	8590	1297.973741	70
1225	9107	1317.870525	73
1225	10925	1404.208515	67
1225	16876	1307.626554	70
1225	26973	1328.918731	71
1225	26994	1320.191385	73
1225	27598	1298.321465	74
1226	786	440.7143967	135
1226	1309	481.4114951	115
1226	3421	428.6965048	125
1226	8161	469.7129136	135
1226	16864	362.2080119	148
1226	17180	501.6801224	103
1226	18442	468.4018841	124
1230	6283	1314.223065	69
1230	26736	1341.746394	67
1232	24512	1087.21329	24.31888239
1243	7595	3649.009076	24.859302
1243	10616	3674.341231	24.31888239
1243	19167	3591.285482	26.5536902
1243	19240	3591.91282	25.41173093
1257	16000	817.7025596	36.92365229
1257	16021	802.7921268	46
1257	25403	755.9128594	43.0647448
1263	17539	585.5154214	90
1275	5137	1441.727416	35.33572585
1275	8345	1433.040242	35.33572585
1278	5157	2301.666458	30.97006447
1278	8881	2320.790241	28.99386789
1278	14531	2338.569483	29.63817606
1278	17429	2363.02345	28.36356641
1278	20592	2346.381498	28.99386789
1278	25300	2376.804114	27.74696714
1278	27721	2252.010396	32.36180563
1279	3801	1086.067524	102
1279	12131	1134.265761	97
1279	23690	1126.170036	98
1280	4762	632.4339262	108
1280	5114	480.3235631	121
1280	5179	531.7805568	113
1280	5509	689.9374268	107
1280	14693	496.3841616	122
1282	3148	1804.230522	104
1282	13188	1898.242202	101
1282	14208	1808.808385	104
1282	17993	1807.050604	102
1282	25430	1204.794081	109
1282	25931	1749.362639	102
1284	1681	602.7196904	108
1284	26456	663.5861293	102
1285	1072	365.5745189	97
1285	12828	380.3799748	91
1285	19618	370.0886597	91
1286	21883	2123.889436	35.33572585
1292	20594	1354.42908	31.65828812
1292	27012	1344.240825	30.97006447
1301	27242	646.628478	109
1305	9472	1551.685906	120
1307	6302	2886.138019	65
1309	12569	1216.904332	75
1309	14582	1191.39792	76
1309	15567	1239.07391	73
1309	17516	1299.835661	69
1309	27092	1240.004943	71
1311	8922	1334.84935	33.08095687
1311	9923	1149.276756	38.58293741
1311	11939	1228.005978	38.58293741
1311	12604	1256.504387	36.92365229
1311	15878	1371.251179	31.65828812
1311	24526	1376.356458	30.97006447
1311	24622	1349.930396	33.08095687
1311	26213	1267.333757	36.92365229
1313	870	1747.774909	82
1316	2908	1205.831654	114
1316	14640	1786.591184	115
1320	22740	187.4644588	288
1323	14775	894.3764062	93
1323	27148	864.7193942	93
1324	12599	317.3479145	133
1324	14122	297.1671486	138
1325	1692	812.7820802	137
1325	1701	746.9257971	140
1325	3198	823.6370101	131
1325	5844	697.7992626	148
1325	6623	490.8781382	173
1325	10064	501.9852575	166
1325	12693	649.9463257	160
1325	12811	815.9218723	130
1325	15223	496.7853461	164
1325	17503	628.4318845	156
1325	17940	854.3387075	127
1325	18749	602.882816	148
1325	18955	638.17672	147
1325	18971	577.996546	152
1325	19029	794.3754763	138
1325	19069	545.5956495	159
1325	25550	520.5619938	167
1325	26180	669.8247632	147
1325	27218	753.7795763	143
1329	7598	3203.602511	40.31678793
1330	12831	353.1475436	98
1334	10016	499.0844555	255
1339	1525	440.2825243	107
1339	15317	449.8686483	106
1339	17458	429.5642205	105
1340	26466	1307.654945	68
1345	11714	386.7581717	132
1347	24075	968.325188	145
1349	12084	1053.661981	57
1350	12107	1602.92376	71
1354	3540	866.2849239	116
1354	26149	912.490841	111
1356	10488	1976.311663	123
1357	24729	2294.466376	66
1358	1931	990.2835373	44.02173913
1358	3171	908.4053121	50
1358	3551	970.1795358	41.21271655
1358	4619	992.1019169	47
1358	5807	987.4857572	42.1285547
1358	6148	984.4801678	43.0647448
1358	7648	980.9312867	40.31678793
1358	13968	978.8187325	40.31678793
1358	16131	994.5847266	52
1361	8815	2258.37317	93
1361	9770	2147.294767	97
1361	19891	2256.817693	95
1363	20309	181.9874279	176
1376	7229	609.9795155	62
1376	17054	612.8272252	59
1376	24219	616.9366447	63
1377	18875	716.0726494	127
1378	5108	3763.129904	31.65828812
1379	3787	441.5041384	141
1379	22558	386.312977	138
1385	16374	574.6244601	121
1386	11798	1514.122089	87
1406	22001	2531.161557	62
1410	17384	1360.758706	39.44033602
1410	19850	1396.902206	36.92365229
1410	27017	1345.681745	38.58293741
1411	17548	219.8865543	185
1412	18118	3349.822891	79
1412	21111	3370.726104	78
1417	7160	961.5377211	68
1428	775	798.4973072	133
1428	978	783.9955097	132
1428	4445	806.4773825	134
1428	6531	807.7277098	143
1428	11435	850.6187274	146
1428	12161	864.6318314	144
1428	13785	828.2280376	141
1428	21259	837.0719292	142
1428	26746	854.5388661	141
1428	27485	778.3869756	143
1432	17715	195.5573199	137
1434	18851	298.1009039	205
1435	18891	188.1130423	152
1439	10319	598.946554	68
1444	3728	2025.846983	58
1446	8426	268.7471859	198
1446	25689	251.6146426	201
1449	12814	1008.730744	96
1449	15956	1053.605104	90
1454	1970	1937.71494	67
1458	7522	745.8141567	88
1458	15834	794.5054198	83
1459	439	1763.802608	12.03631207
1459	2190	1763.802608	12.03631207
1459	2393	1758.278224	12.03631207
1459	7524	1759.561539	12.03631207
1459	12095	1748.709181	12.57720313
1461	11113	2075.872743	87
1461	16781	2098.714901	86
1470	13203	513.2448786	133
1470	14101	467.0863203	142
1474	4097	575.3244321	137
1481	1298	536.7214454	41.21271655
1481	16004	589.9469657	33.08095687
1481	19080	569.1037155	35.33572585
1482	5932	1418.656992	114
1491	20521	1102.52371	101
1492	20410	716.5361383	95
1495	27467	693.3706847	133
1502	1662	1448.697318	65
1502	18330	1470.93215	61
1507	7439	1642.399559	127
1507	16883	1172.332316	125
1510	7457	1417.85447	84
1513	2551	1052.288566	26.5536902
1513	17362	1043.284828	27.74696714
1515	5060	1248.702765	76
1515	8867	1231.217986	75
1517	24871	2528.924836	90
1518	3331	1062.861878	93
1518	18621	1044.082038	94
1519	15923	592.7768755	100
1524	14510	1485.130918	116
1529	27181	194.9867103	136
1531	4041	542.2634904	157
1531	5384	526.5194894	165
1531	13095	497.0291164	170
1532	15105	941.8598897	95
1532	15848	972.4066831	104
1532	16383	967.8787027	102
1538	27499	225.1967745	201
1540	1151	1029.594922	76
1540	14095	1043.096274	76
1540	14796	939.4145905	80
1540	16213	818.0234459	74
1550	22653	546.801926	136
1551	9800	825.9520326	156
1554	27918	911.5938929	53
1559	27250	1353.40607	143
1560	8755	2231.125914	81
1561	9942	218.0450456	174
1566	10623	689.0950125	160
1569	1151	957.1647396	93
1569	14095	960.3185725	89
1569	14796	887.1944146	96
1569	16213	719.1288423	85
1575	1534	1106.916852	84
1575	3062	1223.576988	79
1575	9304	1159.587592	82
1575	9524	1162.942126	82
1575	18162	1088.701593	84
1577	3141	1073.716688	94
1577	19132	1286.29612	99
1577	19324	1102.289904	101
1577	23962	1108.198069	99
1578	876	2695.713135	79
1578	20141	2632.30307	81
1578	21037	2720.618486	78
1579	22657	573.4572813	153
1579	26410	546.3314074	166
1580	4548	607.3080954	85
1580	10113	613.1368645	84
1580	21402	565.0943124	88
1580	22475	548.3714615	90
1584	26304	17384.29535	28.99386789
1587	8984	366.3364939	98
1589	17858	440.7811817	102
1595	2480	676.9958948	152
1595	10269	600.2681794	159
1596	12041	1162.222267	150
1599	15824	271.1335341	84
1599	17991	252.5052771	95
1599	18614	255.0699873	102
1601	13496	671.119069	101
1603	23003	1017.148802	97
1603	27512	1135.912244	93
1616	28078	686.6003517	84
1618	19160	426.966985	155
1624	19328	1088.062048	104
1626	11002	2914.987099	85
1628	6373	542.5282634	105
1630	1994	1334.732464	114
1630	5373	1306.97803	111
1630	6592	1339.700518	115
1630	9890	1549.521111	107
1630	13402	1360.621275	114
1630	16867	1446.505251	115
1630	21321	1398.669535	114
1630	26221	1361.476123	112
1635	16651	303.1017984	169
1638	1928	1752.699209	51
1638	5228	1822.843257	49
1639	14974	1796.651311	68
1641	4462	1402.707116	141
1641	15015	1232.326265	146
1642	5802	601.1839226	146
1643	7381	576.2910812	56
1643	19560	618.3676323	50
1649	27329	629.7744062	108
1650	24584	845.2663439	75
1652	19455	566.3871441	127
1652	20395	519.1790881	129
1654	9718	1876.567527	121
1654	10863	2154.549093	125
1654	16489	1716.148211	134
1654	17387	2136.673746	123
1656	6829	369.4086126	72
1658	14286	1520.825641	77
1658	20704	1593.029394	81
1665	12167	730.3389557	85
1667	12316	2212.800467	69
1669	852	1549.52017	134
1670	16094	406.4160098	69
1670	20620	390.4736192	73
1677	26092	783.5952392	67
1682	13159	560.9769828	66
1687	7607	1966.276266	98
1691	15399	1932.893893	44.02173913
1691	25659	1968.87205	40.31678793
1691	27584	1969.124886	43.0647448
1692	26742	1177.298941	109
1693	11870	455.4591159	131
1693	19616	420.2622206	142
1696	15164	504.5018002	146
1699	52	939.2735837	98
1699	10576	911.7068825	103
1699	19389	862.3240393	99
1699	24706	843.1885108	97
1700	22876	184.5576212	173
1702	20597	207.8037597	198
1705	10628	447.0922086	111
1712	17780	478.276976	72
1712	23228	490.803542	70
1712	27323	485.0501443	71
1713	24692	774.6035238	127
1713	28003	750.7487572	127
1715	21269	877.9877233	46
1715	25751	877.9877233	46
1715	26572	877.9877233	46
1719	4760	1988.082363	160
1720	221	391.846932	92
1720	11660	481.3713901	93
1727	3036	603.8647242	108
1732	10089	526.0423953	181
1739	6911	740.4775127	82
1742	421	477.4424578	104
1742	25197	545.0510039	94
1744	23790	689.4055363	106
1745	2942	254.4168698	181
1745	12226	251.8931671	177
1745	13562	215.2979755	185
1745	14074	277.6996582	188
1745	23513	256.1822409	177
1746	1460	1928.931614	21.31433096
1746	7135	1830.108772	25.41173093
1746	13030	1862.792294	25.97643606
1746	17472	1745.684838	28.36356641
1746	20388	1871.796776	28.36356641
1746	20979	1840.774625	24.31888239
1746	25869	1768.328493	27.74696714
1746	27322	1758.004533	26.5536902
1748	87	793.0529294	91
1748	5435	794.737818	89
1748	18655	744.1237739	90
1749	14619	2158.404684	59
1749	26621	2167.628581	58
1752	2499	1165.110247	117
1764	15610	525.5955531	152
1781	12988	638.7544822	145
1783	14048	317.1013288	173
1783	18045	357.6695476	173
1785	6063	1061.922264	106
1785	10931	955.2656856	100
1785	15273	1044.836387	106
1787	6035	1572.336368	157
1787	15686	1572.226774	146
1788	3389	362.8643021	162
1791	3216	375.2629952	190
1791	27364	362.4317515	185
1799	21868	700.505848	135
1801	3272	2520.61051	90
1802	14765	1070.324821	77
1807	9674	257.302513	246
1807	11748	225.0223791	268
1809	26888	874.6645849	75
1814	14748	3500.530673	60
1814	20240	4283.794821	63
1818	5662	226.6296096	170
1818	7812	264.9991311	164
1818	10000	252.2115836	159
1818	10746	228.7646094	154
1818	17027	235.3659235	161
1818	19397	243.2820798	161
1823	18918	2521.519464	38.58293741
1823	20562	2551.061839	38.58293741
1824	10263	238.9797313	244
1831	4366	341.5754731	141
1831	11419	387.084271	142
1832	16968	688.2357201	91
1834	392	697.450409	155
1834	609	698.7958252	155
1839	12709	374.4779014	147
1839	26138	378.3468406	153
1842	20659	448.2719546	61
1851	8202	1471.606246	116
1856	26721	911.6829762	63
1857	26026	364.045129	121
1861	9698	726.5957763	81
1864	12576	705.1435652	106
1877	14700	962.5786149	124
1882	8062	761.5024951	105
1883	24156	1235.141075	97
1885	5689	850.0315982	45
1885	24616	821.3985657	47
1887	23586	478.5779552	145
1888	9540	742.6822699	40.31678793
1888	12647	684.6099681	33.81608925
1888	27930	730.2121358	28.99386789
1892	19301	1716.114909	60
1892	20752	1715.331405	60
1894	87	821.0778532	92
1894	5435	823.4018	90
1894	18655	777.3159745	97
1902	25665	921.7460458	134
1903	7229	808.1215493	53
1903	17054	797.7493612	53
1903	24219	704.8565946	63
1904	23843	188.9845142	256
1906	12834	939.0893946	30.97006447
1906	26363	1088.69082	32.36180563
1907	6149	3355.359134	70
1911	24895	256.1447365	164
1913	8355	478.3014915	161
1916	8903	2570.666822	37.7441779
1916	17210	2501.058833	37.7441779
1916	21125	2526.207523	37.7441779
1920	3320	1226.480223	111
1927	5027	835.1109395	110
1935	152	921.3891279	175
1935	27630	1137.750863	176
1937	24250	905.2812102	95
1937	25924	969.3461864	95
1941	1156	310.1767878	108
1941	19309	373.823518	101
1941	26941	289.5990211	110
1949	15903	351.6389506	59
1949	20432	357.6711861	57
1951	3767	587.3927399	154
1951	22345	697.3774274	150
1953	9697	2461.679679	106
1961	21254	1900.544582	74
1962	131	4247.399437	64
1962	19377	4258.808458	64
1964	6419	329.2614487	215
1969	10627	4751.494716	48
1982	15108	558.7950499	120
1987	4583	854.6529077	37.7441779
1989	458	475.580991	124
1989	1405	494.885789	126
1994	673	1177.57398	94
1994	23250	1265.223918	91
1998	4446	1252.978265	54
1998	26794	1269.023357	53
1999	1138	1757.034651	60
2001	8662	1250.713441	91
2011	15525	1223.604342	60
2020	1857	2083.980455	67
2022	25401	998.9778696	97
2030	12133	1897.080701	96
2032	10382	1646.099384	61
2032	11967	1701.209167	60
2032	21854	1672.361912	55
2033	3188	462.9310871	132
2033	5058	589.7294008	119
2033	10923	492.6407304	128
2041	6783	2071.259993	84
2041	15077	2013.890519	86
2048	7502	264.6584635	226
2050	19686	379.21738	152
2053	17093	327.4992067	139
2054	15762	893.7147174	134
2055	7114	5357.697662	54
2057	23722	696.0761634	140
2068	15503	4425.040502	63
2068	24536	4561.043153	62
2073	23807	2428.556345	64
2078	9860	6978.670926	70
2081	9299	316.8386373	148
2081	21663	272.5168587	156
2084	15532	191.6934032	189
2093	18465	725.7754259	168
2097	7639	1336.590864	23.27303253
2097	16172	1368.483329	21.78798276
2097	18205	1358.791318	22.27216015
2097	22681	1247.991355	28.36356641
2102	11479	987.1393388	84
2102	20645	956.651436	88
2105	1694	243.4695707	185
2107	23724	3307.648737	29.63817606
2111	4896	1078.480619	107
2111	14994	973.840092	119
2111	27203	891.5801859	123
2114	6282	561.4488611	114
2114	12557	619.0265208	125
2124	12023	321.8743919	79
2128	3223	969.6329107	56
2130	18471	419.2422193	191
2131	22989	2812.319017	92
2131	26144	2758.091769	93
2138	19506	972.2312576	93
2138	20625	916.7319288	85
2144	3782	350.1519093	52
2144	18251	343.0398484	55
2151	526	252.7212724	132
2151	1145	326.5115358	120
2151	22036	284.9834058	127
2153	12062	254.7181516	155
2153	13640	291.9861247	154
2153	17079	280.1883333	139
2157	19198	1771.059551	31.65828812
2158	5574	244.7817817	172
2158	8850	244.7817817	172
2160	12478	3061.386878	43.0647448
2170	15621	984.2997147	70
2174	20212	851.2915338	71
2176	841	775.554499	27.74696714
2176	7399	775.554499	27.74696714
2177	24515	685.4123722	107
2182	11102	1608.059061	137
2184	7502	207.0367238	227
2191	425	1756.207897	78
2191	3162	1784.40889	77
2191	13153	1642.453292	84
2191	14096	1618.458452	84
2204	11113	2245.320343	82
2204	16781	2140.123588	84
2209	15323	506.9381102	146
2210	649	292.9127267	81
2210	10469	333.7452116	77
2210	26463	335.2731153	69
2214	26245	1248.856681	119
2215	3821	606.3685497	140
2215	6337	693.199169	127
2215	9450	682.7274969	132
2215	11907	603.3303959	133
2215	12838	635.5193116	145
2215	23460	648.8597329	135
2216	441	1363.594241	62
2217	6607	446.270966	99
2219	15711	394.4288882	220
2221	1148	443.1086903	178
2222	18159	227.354832	286
2225	8557	457.4454482	107
2225	14187	457.4454482	107
2225	17634	499.4561499	111
2227	22	2266.970906	33.81608925
2227	4877	2198.532317	34.5675579
2227	7797	2335.75657	31.65828812
2227	9196	2210.302139	33.81608925
2237	5716	991.240986	28.99386789
2237	21943	973.1412561	30.2968022
2239	13264	383.2441408	195
2242	13097	819.8682895	145
2242	15746	785.5095472	146
2244	12767	2910.943972	61
2252	24096	1565.441424	78
2253	14333	423.045817	117
2253	16256	369.1725848	127
2254	11110	348.9174468	113
2255	20924	1179.640806	27.1437722
2255	24452	1197.340494	26.5536902
2267	5	1899.781117	42.1285547
2270	15391	268.604507	121
2279	15180	776.6772363	138
2280	10558	196.9935604	244
2284	2996	511.2536156	100
2284	11973	535.7972373	111
2289	5947	910.7975194	90
2289	14325	851.1713107	103
2291	916	276.0068288	139
2291	4774	221.7765633	147
2291	5593	288.2145646	139
2291	7732	233.6517319	137
2291	8860	335.0236092	142
2291	11173	218.8997974	153
2291	12196	277.063466	143
2291	14087	233.6517319	137
2291	16790	279.6769438	157
2291	18925	230.0255126	140
2291	27026	317.2453823	134
2296	27376	493.3439896	123
2299	15710	754.7709838	83
2302	13774	2875.574903	51
2303	16799	755.8968806	40.31678793
2303	18302	782.3184098	46
2313	4275	1022.992879	109
2313	12436	912.3686113	99
2313	27920	977.2024128	114
2315	6072	1336.678104	122
2319	29	1400.056672	62
2319	8273	1366.673658	64
2322	26082	1879.076766	50
2328	13545	599.5546668	129
2329	6861	848.2907479	66
2329	14236	1022.382975	54
2329	27318	1007.561107	55
2331	4565	465.0038687	157
2332	7429	407.3701875	28.99386789
2332	20677	420.2756998	26.5536902
2333	6180	1574.4898	106
2338	1777	738.2419531	78
2339	11103	2237.124293	87
2339	14249	2297.811949	81
2345	23512	974.2292767	173
2346	3670	763.3753359	106
2348	5856	2515.512729	54
2348	6873	2464.206476	52
2348	8443	2383.030251	53
2348	26297	2555.022583	50
2353	23562	338.9011206	166
2354	15838	1213.445816	100
2357	22310	326.791489	160
2359	6076	538.2970088	104
2359	24667	572.3765386	109
2359	25706	494.5804758	112
2361	21132	1455.870441	72
2368	10919	557.7158567	99
2368	12164	571.8252481	101
2368	17818	560.244976	106
2368	24175	448.2213901	104
2368	25046	547.3901588	114
2368	25355	440.0683751	112
2368	26865	467.122209	115
2368	27279	396.4989719	120
2368	27523	451.7378272	112
2369	7569	417.8744995	152
2369	15313	415.9496538	149
2382	10962	844.6872916	52
2382	18136	710.7691209	66
2390	9835	1030.059343	123
2393	9654	442.071423	139
2393	15308	525.0713716	142
2396	27268	464.0880389	89
2397	2947	1830.772002	42.1285547
2405	573	423.5186647	135
2407	4169	1164.842412	121
2407	11433	1144.877753	124
2412	17098	938.1404937	124
2413	540	218.9482521	111
2413	17609	215.9068367	122
2413	26280	254.7994822	112
2414	26181	1026.637252	103
2416	6100	2673.763342	61
2418	24989	5451.338689	1.251197002
2427	6273	408.0064436	84
2430	16751	725.7731133	63
2443	14555	1107.239959	114
2443	17787	1089.654004	116
2443	18352	1054.263383	117
2448	20116	514.9131227	154
2453	2517	1175.180398	131
2458	19943	2771.968814	89
2458	26282	2651.702693	88
2460	16102	1004.409778	117
2460	26222	1006.308162	115
2461	9017	3388.857119	28.99386789
2461	9802	3388.857119	28.99386789
2461	14987	3388.857119	28.99386789
2464	12751	1216.175306	94
2465	20423	2006.476901	87
2472	5472	1273.563375	78
2474	11702	253.4124044	123
2474	12474	244.7109443	146
2474	12639	264.4058769	127
2474	18917	274.1416966	143
2474	19675	239.6015273	144
2474	19946	238.5532355	142
2474	19982	240.8047268	133
2474	27226	276.0675563	144
2474	28102	223.1727639	147
2489	19479	1768.247245	44.02173913
2492	3134	2121.986311	54
2492	23184	2249.038625	50
2502	10408	220.1609346	174
2511	22959	2441.84425	75
2513	18183	407.5618994	208
2513	21341	456.9201461	202
2513	21902	422.5694593	210
2514	4543	587.8116642	147
2514	7193	584.4948706	144
2514	9356	591.7731855	146
2514	15156	579.2727	143
2514	17455	587.4475417	147
2514	22373	595.0402124	146
2514	23122	636.7069342	133
2519	23	3565.815028	71
2519	11257	3565.396772	68
2521	5244	200.7465833	152
2526	11374	764.8009871	92
2528	401	2838.299494	56
2529	6142	450.9499662	104
2531	21451	531.3914031	177
2536	15123	563.6069697	142
2537	4141	367.3240781	174
2538	18410	1408.461422	85
2538	23486	1294.312501	83
2539	14055	1141.733233	121
2539	22964	1139.289167	127
2548	16806	1312.499449	97
2554	6745	1248.011189	62
2558	24144	2191.313127	74
2562	129	704.374973	102
2562	19664	738.7423038	91
2566	15464	454.6437833	170
2568	6752	298.8439847	152
2576	9071	1689.90761	62
2576	15827	1669.105236	63
2578	18446	3063.294152	26.5536902
2587	24388	1327.256295	95
2591	6479	585.2698436	95
2592	1222	4052.521818	57
2592	2494	4064.258522	60
2592	6020	3957.567044	60
2592	7379	4089.7207	58
2592	7697	3931.787526	60
2592	9414	4066.823423	58
2592	12102	4025.065617	59
2592	22844	4107.16508	57
2592	25645	4121.758563	57
2592	26003	4042.678834	60
2597	721	705.5068019	151
2601	645	1097.081864	124
2603	6467	273.6588434	184
2611	6081	2978.067183	63
2616	1634	572.4163222	65
2623	13041	2547.877617	69
2624	19146	609.2122016	134
2624	25391	591.4113392	128
2626	11467	585.6900495	109
2627	17704	3017.37437	23.27303253
2627	22391	3011.056194	23.27303253
2628	2617	243.3237851	134
2628	3783	227.4941533	146
2628	8206	254.8707219	141
2628	8713	271.9647936	159
2636	6633	211.5557158	152
2638	6099	432.7615936	121
2645	16899	982.2519008	164
2645	26614	1016.171587	165
2647	10687	348.203814	148
2648	9364	674.3609046	108
2648	23297	723.9504946	106
2651	1692	735.4689476	141
2651	1701	705.582166	152
2651	3198	707.1516051	147
2651	5844	503.7148697	185
2651	6623	557.2027414	154
2651	10064	501.1025568	166
2651	12693	583.1606621	167
2651	12811	726.3859929	151
2651	15223	506.9235228	158
2651	17503	568.0949629	162
2651	17940	689.5979513	154
2651	18749	667.2224167	139
2651	18955	584.6575775	170
2651	18971	605.1059704	145
2651	19029	653.7052112	153
2651	19069	577.1261521	152
2651	25550	607.9664323	162
2651	26180	640.2604225	152
2651	27218	678.4737902	157
2661	23108	254.0264822	74
2662	8429	1059.788096	95
2662	19626	1128.876131	93
2664	22938	833.0170816	100
2669	21626	798.3384974	158
2671	11006	327.1849104	50
2672	11280	2288.245657	49
2686	7975	933.7131468	65
2686	18468	944.7478154	64
2688	12785	598.6841306	85
2688	19091	566.3817509	91
2688	21161	618.0134612	83
2689	27878	1179.333439	51
2696	4919	1401.063513	125
2701	18006	702.6878522	108
2702	17470	2310.105877	46
2706	5917	199.9613665	155
2707	12358	1767.700426	96
2710	4641	2666.291888	49
2710	20739	2682.29842	49
2710	21116	2654.454514	49
2712	6620	1331.95365	10.31991723
2712	26008	1332.076683	10.31991723
2714	17827	261.5477787	153
2719	21025	359.5167946	165
2722	2954	233.3329871	204
2722	7001	195.6507777	201
2722	10831	194.9629265	200
2722	11263	208.0761554	199
2722	16138	222.9999346	201
2722	19249	184.1005912	195
2722	23188	243.8815396	176
2722	25716	215.8093123	192
2725	4172	5131.217581	60
2727	10851	1155.519146	67
2728	25998	596.7571095	105
2740	24304	713.0391935	153
2750	23270	635.7969483	163
2755	3844	511.2921558	113
2758	1431	1129.270791	89
2758	23128	1196.29638	93
2758	24574	1185.600155	94
2759	8585	762.8099957	71
2759	17415	769.5807523	63
2762	13710	487.0042745	33.81608925
2762	24511	485.1397402	32.36180563
2765	11239	562.259432	209
2766	1537	2180.378753	60
2766	5209	2148.17632	60
2766	27193	2036.919623	61
2769	3678	190.9040157	214
2769	18130	192.1873232	242
2769	19938	229.8019464	201
2771	5068	608.548286	105
2771	9971	618.1835094	105
2772	20337	806.3968058	106
2776	7289	1528.458831	20.85097594
2776	21229	1532.896775	20.39769385
2779	7792	1797.364348	81
2779	8179	1713.115239	87
2780	8004	1869.372081	93
2781	2060	905.8775413	59
2789	10787	614.0128825	118
2790	10448	768.9606751	85
2790	19644	774.3618211	82
2792	5081	3074.841213	71
2795	3188	406.5367739	134
2795	5058	558.78426	110
2795	10923	411.6446885	134
2796	14774	406.2275177	144
2796	15412	412.888796	148
2796	23237	492.1452849	137
2796	25314	361.4623585	154
2796	25794	306.0975746	150
2796	27321	481.0946608	140
2797	15778	634.1169942	78
2803	135	2837.448742	69
2809	2477	243.8052121	186
2809	12926	196.0316788	199
2810	26446	299.3006209	160
2813	23586	472.430059	143
2816	19252	235.7430483	155
2816	20475	230.4536161	162
2818	19902	2359.313454	99
2820	3833	1250.739017	106
2820	14222	1250.739017	106
2820	16659	1250.739017	106
2826	4762	387.196919	119
2826	5114	286.0179727	124
2826	5179	330.227215	118
2826	5509	424.891619	119
2826	14693	305.7343688	122
2827	16365	978.4215127	67
2833	15985	5116.027566	100
2833	26166	5186.763554	102
2835	21331	391.1415721	106
2836	24042	809.1865328	62
2836	25410	826.0208091	60
2836	27538	813.5513673	60
2838	26606	356.6613029	153
2839	4767	311.9704984	191
2841	19041	195.9427665	277
2841	28083	195.9427665	277
2845	20580	1649.471425	103
2851	12529	647.1047738	72
2851	12592	660.7529149	71
2861	19206	2726.463113	71
2861	24632	2836.221738	71
2863	22620	1017.891173	49
2869	21802	1603.273363	48
2871	4175	3850.953662	39.44033602
2871	14609	3838.760239	38.58293741
2871	24614	3892.081608	37.7441779
2881	20291	1527.165922	79
2881	20637	1688.101358	76
2893	887	560.4111906	103
2893	7409	581.3610578	102
2893	17486	471.0197099	116
2897	4581	1261.363109	21.78798276
2897	9566	1258.712659	21.78798276
2897	15653	1247.462725	22.76709704
2897	22340	1246.935144	22.76709704
2899	19922	589.510268	77
2899	20293	595.4986999	82
2900	6620	1344.331441	10.0955712
2900	26008	1328.035497	10.31991723
2906	23478	1612.342778	50
2907	14824	3690.608857	62
2910	20679	196.4899991	72
2912	8169	528.8137532	128
2912	11021	663.4558772	115
2915	26352	2011.182501	52
2920	6048	480.4910207	147
2920	15694	545.1889223	147
2921	4809	1674.789136	49
2921	7888	1688.50832	51
2921	13918	1741.814971	49
2921	14969	1740.393286	49
2921	20545	1695.05746	48
2921	22102	1720.517342	52
2921	24677	1685.435709	48
2925	6896	830.1937023	78
2925	19434	911.9339419	86
2928	9909	1859.491353	67
2929	19283	597.9156458	50
2932	1980	211.2271241	148
2935	16754	573.6680454	63
2939	23942	367.7002214	63
2940	19053	769.6798738	120
2941	557	2032.706262	43.0647448
2941	12435	2006.110909	44.02173913
2941	12750	2048.990959	42.1285547
2941	15435	2060.045624	42.1285547
2941	19926	2075.815462	41.21271655
2941	21852	1936.542693	47
2941	25843	2001.446213	44.02173913
2944	5752	491.5952634	38.58293741
2945	16618	461.4408059	153
2950	17980	266.9362838	154
2954	23432	2515.477046	63
2960	19225	3656.371307	43.0647448
2960	22351	3965.442121	39.44033602
2965	15321	693.4316864	81
2965	17721	683.0106798	81
2965	18724	788.8609678	87
2970	312	362.1544291	149
2970	1557	375.9176432	144
2970	6613	403.9311805	143
2970	11919	356.5082342	146
2970	15341	348.9533238	141
2970	20414	335.2062153	157
2972	4334	1910.132679	76
2972	7673	1925.725068	76
2972	13948	1815.323416	79
2972	27712	1463.182533	93
2973	820	650.3857707	41.21271655
2973	22595	662.5876547	40.31678793
2973	24176	650.3857707	41.21271655
2976	5533	765.6633188	35.33572585
2976	19811	750.2650125	36.1209642
2979	2665	417.3703574	175
2979	18377	441.8179487	169
2979	23648	443.8731984	170
2982	14020	651.3962095	85
2985	12152	969.6639381	78
2985	19617	955.9412455	77
2985	22474	958.929613	76
2985	27334	940.260014	80
2988	5107	1357.391888	68
2988	6651	1263.546906	73
2988	8590	1403.139517	64
2988	9107	1305.933518	71
2988	10925	1348.787636	69
2988	16876	1373.803221	68
2988	26973	1265.739175	73
2988	26994	1267.553994	66
2988	27598	1249.12973	76
2994	5091	415.4607889	164
2994	9737	357.9884166	171
2994	12270	383.5677345	174
2994	16938	385.3307162	166
2994	20867	312.8634283	176
2994	25256	364.9976099	169
3002	9638	3365.541144	45
3002	26471	3370.739959	45
3003	2434	521.5319819	110
3005	293	891.2157648	80
3005	3422	882.148823	80
3005	11504	941.0397794	76
3005	15120	918.8996999	79
3005	27792	873.3267158	80
3007	24414	681.8933256	162
3012	4556	801.7547304	118
3012	7833	963.4587017	110
3012	10809	823.5193432	118
3016	6901	593.2894559	119
3016	13315	559.3276815	115
3016	25539	562.9078131	115
3016	26493	553.0113396	117
3019	2280	712.1212566	140
3019	13916	744.1991493	130
3022	7804	941.587262	73
3022	12665	958.3993176	73
3025	470	611.2616897	84
3028	3000	1627.061616	76
3028	11604	1762.080833	68
3028	18176	1831.78545	67
3028	24620	1768.251916	68
3028	28021	1765.686221	70
3030	2389	488.318732	66
3030	3263	480.6674979	72
3030	18536	529.1255856	61
3036	1050	583.8366807	70
3036	3640	543.4198551	75
3036	5767	529.5652844	75
3036	5865	636.7416909	74
3036	8416	507.4354177	76
3036	11219	656.8592269	67
3036	19912	666.6960459	66
3036	21513	545.6270374	74
3036	22453	630.3145238	64
3036	24839	606.1708964	67
3036	26671	572.1829202	73
3039	3636	2491.846181	25.41173093
3039	3955	2573.202971	24.31888239
3039	23085	2439.284382	26.5536902
3041	27165	850.9627092	139
3041	27805	622.7972162	146
3044	25886	1188.238809	92
3049	5941	562.1488612	155
3049	14722	563.5397491	155
3049	21778	585.253098	154
3053	18439	234.6287636	147
3054	330	476.4786039	97
3054	7855	472.8299373	95
3054	28020	411.493835	106
3059	16333	1254.104614	102
3067	1572	324.4911401	71
3069	19002	181.1575853	139
3069	25053	186.137809	134
3076	10761	956.4405326	131
3077	11407	492.991942	101
3077	23066	496.5380713	104
3082	6408	241.5456161	157
3086	9119	545.2870425	189
3090	101	681.9264105	73
3090	5406	764.2474174	74
3090	13000	769.1689916	71
3090	21706	765.4798047	75
3092	21880	601.1118986	71
3099	8770	209.4320784	138
3099	26517	209.9951212	131
3101	23183	2293.959664	97
3106	24445	336.293591	183
3107	24599	362.4920899	147
3112	17061	951.2842686	103
3112	22139	903.0475296	107
3116	3662	835.3008347	42.1285547
3116	10979	818.9817789	48
3116	12281	745.149905	51
3116	19632	802.003993	48
3116	21621	709.9851165	55
3119	11157	658.6295258	115
3126	10272	186.4508045	217
3129	13037	279.0146003	176
3129	24803	345.7562466	154
3130	9990	363.3297649	171
3132	24235	1246.870553	104
3135	14496	1198.54534	20.39769385
3135	15236	1211.285813	19.52047734
3135	21579	1208.755488	25.41173093
3136	13044	2505.252352	48
3138	10016	464.2533347	265
3143	11979	1441.815832	102
3143	13174	1341.065892	99
3143	18984	1433.860431	104
3145	26737	520.8104395	106
3146	13393	4641.052757	51
3147	9640	764.5627004	89
3147	16648	772.8837466	85
3150	27464	189.7899438	267
3152	26977	677.7561675	78
3154	13996	2090.51411	63
3154	19869	1988.218595	61
3166	21804	515.3376266	108
3172	1735	760.7781804	111
3172	11330	810.4255721	111
3174	86	467.6917494	123
3176	5632	2686.191012	39.44033602
3176	12515	2517.448364	41.21271655
3176	20687	2631.140368	39.44033602
3180	15697	414.3947263	117
3181	6511	1552.20693	62
3181	8760	1677.647479	57
3182	9293	241.80375	142
3182	14597	227.4835802	145
3184	4291	412.012926	60
3184	9002	412.6992031	58
3184	9208	401.5261876	62
3184	16518	405.9440518	59
3188	661	1546.636014	46
3188	8909	1531.883289	47
3188	12156	1537.039064	47
3189	3716	1303.749464	34.5675579
3189	20425	1275.467353	34.5675579
3197	3821	665.7825725	127
3197	6337	647.9645885	134
3197	9450	504.478677	151
3197	11907	530.4565967	144
3197	12838	616.5740695	139
3197	23460	552.5071059	139
3203	16331	528.2016195	141
3208	1609	426.7440459	90
3208	27121	458.5938127	96
3213	4546	1433.160769	67
3213	16835	1439.769119	70
3215	298	1021.216428	85
3216	14075	225.7828271	178
3216	16402	225.7828271	178
3220	22175	1295.140339	67
3223	16074	1021.767093	95
3224	3950	197.2399115	284
3228	9294	1260.072347	124
3238	3081	219.0880208	168
3240	7717	215.7434138	92
3244	1293	380.7279258	134
3247	19482	517.3879627	47
3255	16606	708.6550496	132
3255	22849	695.9251456	128
3258	7987	2653.035093	65
3260	4873	465.7422711	109
3260	7136	311.3598237	114
3260	7341	258.1349788	100
3260	18616	465.6985439	110
3261	2945	641.7290875	112
3270	23358	789.1861806	83
3271	6920	1482.426483	38.58293741
3271	26042	1447.005374	41.21271655
3275	27901	4385.398096	54
3278	18105	4258.326678	72
3282	16178	760.8829417	84
3282	18274	746.4580812	87
3287	22229	265.8501397	178
3289	3678	200.1780932	203
3289	18130	208.4741645	211
3289	19938	213.1100954	198
3291	10125	410.4418204	113
3291	11418	427.8261488	114
3292	2238	298.9162878	181
3296	1128	1037.548914	91
3300	452	1219.405003	122
3300	26955	1155.573628	130
3301	2562	744.4288798	118
3310	6980	713.742398	134
3310	8259	819.084208	121
3310	20381	722.4970269	128
3310	20755	830.3038414	117
3312	330	360.9430716	116
3312	7855	362.1758866	113
3312	28020	311.9009363	122
3317	5412	750.7393121	74
3318	10902	1192.90617	66
3318	19235	1132.132467	71
3318	20689	1180.883413	67
3319	92	860.9214371	25.41173093
3319	6813	738.2966919	31.65828812
3319	8387	744.8363882	30.2968022
3319	10669	854.4533381	23.27303253
3319	12975	892.547153	24.31888239
3319	15625	842.1637921	24.859302
3319	17229	859.8659525	23.27303253
3319	17338	888.6154193	27.1437722
3320	1765	283.8053918	170
3321	28043	2126.338848	55
3324	4046	2661.019033	38.58293741
3324	13154	2508.732915	42.1285547
3324	26948	2555.356005	42.1285547
3327	15373	252.152168	138
3335	4440	273.7057939	78
3335	14910	273.7057939	78
3337	12152	981.9691694	77
3337	19617	980.9916645	75
3337	22474	960.1178238	76
3337	27334	974.3059372	78
3338	1024	1378.919178	132
3338	16823	1379.322299	132
3341	3000	1611.137324	75
3341	11604	1659.119162	73
3341	18176	1697.005069	72
3341	24620	1677.059653	74
3341	28021	1748.831199	69
3343	11293	938.4882689	61
3349	4003	259.7519858	153
3349	4146	308.0903061	144
3353	17576	758.7798999	141
3353	23500	783.9972898	140
3353	23934	803.2180411	139
3353	24352	821.4926661	136
3355	120	622.0390002	114
3355	26705	523.7143948	115
3360	39	564.8363399	120
3364	288	408.7076872	82
3364	12884	492.6273115	79
3364	12919	609.2728762	83
3364	14292	575.9941938	79
3368	4334	1670.27064	79
3368	7673	1674.862293	79
3368	13948	1757.518072	78
3368	27712	1443.525274	90
3375	19489	852.2913317	124
3378	15941	3443.108691	95
3385	3480	1195.068632	74
3385	8420	1176.977082	74
3385	15905	1140.372762	76
3387	7547	594.7365886	36.92365229
3387	15912	610.2057733	36.1209642
3393	9454	4920.103299	41.21271655
3394	19858	654.5072276	96
3396	3125	455.0719119	135
3400	7750	1025.178042	71
3403	15748	1175.073164	96
3404	743	221.8631509	131
3404	1110	245.2880826	140
3404	20876	207.3782323	156
3404	27686	241.7336059	138
3406	13051	443.532035	135
3408	12645	500.6911895	195
3414	5091	450.0690665	165
3414	9737	354.5285369	164
3414	12270	463.4653808	159
3414	16938	428.8556745	158
3414	20867	368.5415258	173
3414	25256	381.3709494	168
3415	15274	5786.215446	105
3418	1844	2460.812368	60
3418	5555	2471.515454	59
3418	24471	2414.68823	63
3419	20132	324.5226242	178
3426	12214	1204.414624	76
3426	24522	1294.753236	76
3426	24862	1289.272897	74
3432	23930	863.072501	145
3434	6645	397.6368771	58
3437	18498	548.1427584	68
3437	21842	579.2392731	59
3441	1125	1910.808072	73
3443	17207	1512.641827	93
3443	25139	1494.527597	95
3449	5683	337.1933364	187
3453	4616	198.6924939	155
3453	14914	208.8425537	136
3454	25055	282.7186385	169
3458	777	1374.264128	41.21271655
3458	17045	1368.498398	42.1285547
3458	19651	1403.941854	39.44033602
3463	15356	1769.997302	120
3465	11991	1085.944582	65
3471	8893	2679.391728	55
3476	4304	711.0632869	73
3476	8862	710.8619595	73
3477	21816	188.994803	173
3479	16346	1568.521591	84
3479	23916	1577.098723	86
3481	3455	1833.376753	79
3483	4313	1186.718168	33.81608925
3484	982	242.6184658	194
3486	4614	2240.536654	90
3486	5327	2194.893176	89
3486	24918	2221.807852	90
3493	8704	917.4376917	85
3497	13406	5879.966945	50
3500	1310	253.2724157	150
3505	25113	536.0713003	113
3505	27517	472.762901	117
3514	11704	490.1752337	113
3514	24292	459.2728672	100
3523	2147	254.2999607	142
3523	18519	242.2605873	133
3523	20643	261.2048416	141
3526	6437	1071.937612	139
3528	26578	873.8211199	113
3530	9420	822.5541786	136
3530	16753	865.5052301	134
3534	7156	862.9203168	84
3553	3208	252.6718096	219
3553	28111	277.6623138	215
3557	13397	424.4022598	149
3558	6035	1421.130442	157
3558	15686	1697.65532	141
3559	7872	950.1241903	114
3559	15360	945.2974491	120
3560	24359	442.4741036	149
3564	7033	314.1621025	118
3564	8085	275.4258201	132
3564	18716	314.9185296	117
3564	23776	318.4043522	115
3564	25145	317.8543427	120
3568	16793	267.3825539	217
3571	25147	363.604297	162
3573	19536	255.4041655	156
3576	25791	374.481857	134
3585	898	734.656025	81
3585	5700	739.1021456	89
3585	6121	824.8528236	79
3588	22690	689.481995	90
3590	3909	949.0267554	91
3590	25002	989.1310492	88
3590	25594	927.0152963	92
3599	13276	727.1301633	109
3599	22276	717.2268172	110
3602	4139	749.9897361	84
3602	20218	752.5571072	79
3609	8463	623.2655558	144
3610	6112	1222.329082	70
3610	15676	1186.550928	74
3610	26961	1194.469803	75
3616	1927	288.3764672	175
3624	4474	413.3491648	105
3625	7874	1082.167813	109
3625	19842	1304.662249	108
3625	24956	1120.67663	107
3625	25839	1336.034229	101
3625	27750	1325.871612	101
3627	4233	1604.833986	83
3627	5008	1751.442966	83
3627	20411	1822.521132	81
3627	21814	1815.099505	79
3628	4300	1516.815496	80
3629	2445	2801.981841	33.81608925
3629	10080	2874.678396	33.08095687
3629	17731	2814.045349	33.81608925
3631	6407	713.2955446	116
3632	16234	9412.146219	61
3635	9079	233.9609582	101
3640	11875	2733.440385	47
3640	16661	2869.293428	45
3645	20011	1433.542486	66
3651	12806	633.6336569	124
3655	25933	490.6360858	87
3661	312	624.6873735	121
3661	1557	582.0975476	132
3661	6613	639.0220704	128
3661	11919	608.8553115	124
3661	15341	668.6942536	123
3661	20414	524.2285389	136
3662	1366	4335.619849	30.2968022
3662	2640	4551.281815	27.74696714
3662	7090	4571.615876	28.36356641
3662	17761	4512.759724	27.1437722
3662	23550	4535.281804	29.63817606
3668	16459	383.8495721	171
3671	4509	670.5709487	63
3671	8156	635.6742688	70
3671	12094	664.9823113	67
3671	15415	634.5559922	73
3674	17829	380.1521608	125
3674	18543	503.4833573	108
3674	20777	365.5242781	126
3674	25308	355.1787818	124
3677	2408	186.4216174	153
3677	4354	189.6171644	148
3677	11874	187.2286542	148
3677	24742	189.273949	147
3678	5382	560.8943165	80
3682	7013	3631.186769	13.73299768
3682	8407	3645.284308	13.1424009
3682	10548	3631.02208	13.43445426
3682	13881	3715.885379	12.03631207
3682	15994	3701.245721	12.30378567
3682	17281	3752.562831	11.51868239
3682	20419	3631.186769	13.73299768
3692	6035	1724.641272	151
3692	15686	1651.273786	150
3706	24154	554.7449073	77
3706	26030	564.926852	76
3708	5958	465.675095	51
3711	1841	844.6330678	72
3712	6076	541.7608781	110
3712	24667	541.658876	105
3712	25706	490.6573454	108
3715	6170	1018.894126	122
3715	15966	890.3268403	128
3715	23685	858.7652773	131
3718	2040	250.7721919	129
3718	3053	216.5487444	146
3718	6742	226.5688956	143
3718	7882	221.1096174	143
3718	25616	251.3071484	128
3721	10426	212.4745762	191
3723	24414	784.3308759	156
3726	333	624.3831465	114
3726	23612	639.8096114	116
3727	27777	265.5680194	193
3741	1780	241.7864446	218
3741	22302	234.1272494	195
3744	4142	214.7528439	203
3747	3218	616.4217209	143
3747	18441	570.6887181	147
3748	15279	193.0060306	317
3751	9039	945.033123	46
3751	11881	845.6795709	49
3751	12120	923.3600644	47
3751	12852	867.4759123	47
3751	15246	995.2507716	43.0647448
3751	18036	834.6482801	55
3751	26215	866.8484557	47
3751	27084	890.0390667	50
3753	12591	211.3160737	111
3762	23891	1782.846973	99
3762	26686	1775.433783	98
3766	14832	1249.827502	98
3766	16302	1200.609026	95
3770	8884	476.1481078	140
3770	15894	476.1481078	140
3772	8551	261.3489014	149
3773	27772	1185.100161	79
3778	798	595.6131148	129
3779	1537	1911.067087	63
3779	5209	1848.314958	67
3779	27193	2046.54961	61
3780	26938	730.496023	96
3781	566	432.8745417	156
3781	7906	415.1421281	163
3781	8468	362.8092748	174
3781	8716	382.0173553	159
3781	8876	398.2678212	171
3781	11115	396.344998	167
3781	13273	421.4162666	158
3781	24001	383.6621353	177
3781	25011	336.7966257	167
3782	20907	255.7115117	123
3782	26407	244.3315922	115
3787	18381	1104.676376	103
3789	870	1757.849167	84
3792	11762	1325.693	76
3796	5066	698.6674104	73
3797	18070	392.3017641	146
3800	25486	497.2631139	202
3801	7621	1543.208099	43.0647448
3804	13353	2090.340094	69
3808	6348	460.3451433	132
3809	489	234.8813951	148
3809	4074	233.2322345	150
3809	12800	236.2774951	148
3817	21049	3217.899025	43.0647448
3818	12603	2897.940804	93
3820	6384	671.0982731	105
3821	4896	1062.900079	111
3821	14994	1009.455595	115
3821	27203	885.5083689	122
3828	3656	1292.813535	134
3844	8855	895.9892633	158
3846	2518	7427.562014	64
3850	7435	695.751149	115
3856	8049	493.8382876	138
3856	9673	567.8846843	129
3856	10473	492.1926836	141
3856	17170	502.5783963	124
3859	15608	509.8217689	111
3859	19537	490.4368468	109
3863	13377	272.4488316	201
3865	27791	1359.024547	130
3875	3500	575.0383433	51
3876	15146	5361.597568	60
3878	3684	190.2569997	172
3878	9443	190.3779313	170
3878	17672	228.4101406	160
3881	6995	2258.202475	62
3882	12152	1109.775355	68
3882	19617	1180.946729	66
3882	22474	1060.373075	74
3882	27334	1183.430128	63
3889	6139	433.8531737	118
3889	25402	441.3624022	120
3890	10331	570.0764414	119
3891	28082	811.3800651	114
3894	3218	567.8161929	149
3894	18441	590.9915324	149
3900	4014	305.5879973	174
3905	14800	959.7928017	81
3920	15491	1218.286673	97
3922	8314	314.6512445	167
3922	8910	330.2385663	176
3922	20764	311.7255334	165
3923	2872	470.4047557	77
3923	12878	481.8144686	73
3923	20019	466.7781829	79
3925	13271	304.5606952	147
3928	10427	1415.113974	93
3931	1106	1860.878766	36.92365229
3931	3276	1919.849984	34.5675579
3934	6434	784.4735684	78
3934	10510	871.8509149	69
3940	4329	746.3431501	154
3951	5535	993.2838045	35.33572585
3952	21712	191.0957223	162
3953	5243	4389.795467	78
3954	12863	2729.398425	21.31433096
3954	14404	2728.573491	21.31433096
3954	17939	2758.870036	21.78798276
3954	18031	2706.667047	21.31433096
3954	19273	2727.283445	22.27216015
3960	19082	2852.636644	60
3960	19475	2850.686916	60
3966	7895	1656.283226	80
3976	1692	759.7399549	138
3976	1701	706.4895017	131
3976	3198	719.3686568	139
3976	5844	572.8370446	148
3976	6623	528.9597545	151
3976	10064	476.1062148	166
3976	12693	717.5466734	144
3976	12811	712.881388	137
3976	15223	469.3931103	160
3976	17503	625.1042943	139
3976	17940	715.9315174	139
3976	18749	562.5904548	149
3976	18955	737.8716459	142
3976	18971	508.7884952	162
3976	19029	727.841426	140
3976	19069	517.4104975	155
3976	25550	607.0657757	152
3976	26180	598.4409581	155
3976	27218	686.8958329	144
3977	7657	725.9487907	56
3977	13963	731.5026516	50
3980	11129	582.4521387	110
3981	15191	937.5637092	101
3985	2619	585.2645133	141
3987	10961	1503.707186	79
3987	18588	1519.152245	80
3988	25692	259.9002369	153
3990	8563	370.1167075	50
3990	13008	385.1303417	48
3991	19498	1811.919587	111
3994	3508	531.1378305	107
3994	18533	452.4128237	122
3995	4504	3344.988517	90
3997	23315	317.1646547	106
3998	7118	959.9625384	97
3998	16885	986.3297655	102
3999	19649	252.6447788	86
4002	21866	1696.26127	86
4006	15194	904.1175068	180
4008	23677	398.2939685	80
4008	25968	412.1781043	73
4008	27998	393.0028861	78
4011	9094	259.5810282	130
4011	16389	236.1946688	135
4011	27833	236.1946688	135
4012	16486	1274.726001	77
4014	5266	792.2758288	61
4014	17037	784.5652986	61
4014	27524	756.3301239	63
4015	13556	1098.395926	88
4015	15556	1098.395926	88
4016	26258	1235.466348	108
4017	3933	285.5244424	179
4017	4400	296.8669721	172
4017	23121	278.8108624	178
4021	13248	1439.779619	74
4022	15700	1203.99235	65
4023	28076	435.5594383	121
4025	14719	1011.273275	91
4030	16960	4211.49088	63
4041	3800	1486.995163	117
4047	25130	1338.005759	78
4047	27466	1294.646033	80
4054	8770	209.8591297	142
4054	26517	210.9542302	141
4056	11086	787.9168236	102
4056	13721	543.2686377	109
4056	25428	678.7705193	107
4058	1692	714.9258512	142
4058	1701	670.1717634	130
4058	3198	667.2376378	147
4058	5844	567.5220384	153
4058	6623	449.7427173	162
4058	10064	420.1433131	164
4058	12693	625.7543138	147
4058	12811	683.1027996	137
4058	15223	407.0814157	175
4058	17503	557.4311585	154
4058	17940	655.707613	140
4058	18749	500.6399937	151
4058	18955	649.2186949	146
4058	18971	498.4070822	159
4058	19029	660.1276165	147
4058	19069	469.9441994	150
4058	25550	522.627336	159
4058	26180	577.0674053	164
4058	27218	622.3667586	145
4060	19833	1663.350907	77
4068	13999	1786.983124	127
4069	2260	897.5656217	130
4072	6530	384.9276294	82
4072	13920	407.689423	84
4075	9005	1459.575851	60
4075	23660	1507.279041	57
4082	10797	2627.987742	72
4082	18571	2464.41164	75
4085	12103	1149.38314	65
4087	21346	2995.995889	25.41173093
4095	7679	864.4518432	88
4095	8780	841.8233968	88
4095	14950	918.6187761	83
4095	18280	837.3368089	87
4095	26455	918.6187761	83
4096	23187	182.5514648	236
4100	1892	1352.343451	104
4100	7518	1326.381759	103
4100	19174	1242.323513	106
4100	23470	1354.815071	99
4106	1537	1915.724661	63
4106	5209	2020.180001	59
4106	27193	1775.104606	68
4108	387	344.7149831	123
4117	9530	301.2755802	87
4123	25523	465.8047491	99
4125	8118	297.3506025	81
4147	3528	221.1482951	176
4147	6660	223.1869475	170
4147	13552	213.6600242	159
4147	24212	191.8004711	181
4159	9446	260.2301762	135
4161	11060	663.8230238	104
4161	11514	547.2858687	114
4161	18077	640.6986882	103
4161	22527	648.2605413	108
4162	2842	1237.558056	109
4162	5002	764.7718123	102
4162	9864	1268.393257	97
4162	19164	1245.64888	108
4162	20054	1320.928792	109
4162	23841	1304.386145	103
4171	4780	604.0072246	60
4171	14992	796.9468873	57
4171	18223	792.5790873	57
4175	12633	258.4689402	117
4176	25723	2041.995666	97
4176	26203	2089.422994	99
4179	18561	1572.305934	65
4179	25036	1572.96832	64
4181	22842	1053.104165	95
4183	1728	990.4652495	92
4183	7176	990.4652495	92
4186	15072	448.6642753	101
4186	17432	442.3158465	102
4187	11364	896.3349892	62
4187	17945	854.272039	63
4191	25993	1072.883575	75
4195	3992	2512.473232	57
4198	10386	1271.210076	99
4207	6818	502.9130239	134
4212	12406	844.0901204	91
4214	8378	414.6858147	86
4214	15256	439.8874227	82
4217	10150	368.2491458	129
4217	14234	526.4533212	126
4221	7517	378.4824798	127
4225	24007	668.0960514	50
4225	26818	646.7985391	53
4231	16099	285.1714573	119
4236	5491	648.1367706	146
4236	6716	649.244358	151
4236	7111	638.7669957	156
4236	7766	639.9414419	151
4236	18837	623.0522393	152
4236	19809	646.6381761	151
4237	21685	267.4915043	194
4238	10048	670.4709555	126
4238	11912	769.5365473	125
4241	1231	220.1787133	173
4241	1321	234.0070813	187
4241	8336	251.3057178	170
4241	18911	213.1515059	187
4242	8891	2205.151073	109
4246	6696	219.3053775	218
4246	16637	202.8417839	200
4249	9711	586.8504446	43.0647448
4249	12434	581.2035813	42.1285547
4252	12886	2813.39318	65
4253	17537	2332.680798	24.859302
4253	20190	2362.144034	23.79021103
4253	22809	2372.279348	25.41173093
4255	9642	457.949833	137
4255	11578	441.4609083	130
4255	15852	440.6260709	145
4255	21032	473.0778163	128
4255	22597	461.3339671	135
4255	25152	451.7392223	146
4262	27126	550.2089876	116
4264	16611	991.2462146	112
4266	4830	2363.288399	99
4266	8632	2354.570854	98
4268	18794	281.0266853	139
4271	814	2537.18943	46
4271	17447	2482.238471	48
4272	7055	288.191349	179
4279	14166	344.8481546	132
4280	4049	711.0734682	107
4280	27778	712.6908842	107
4282	14306	2177.273811	102
4284	11983	341.1038109	146
4284	17147	276.7338612	152
4287	25025	1965.536721	74
4289	26933	1758.083271	141
4292	12101	772.8203255	108
4293	23366	251.5987524	144
4293	27448	234.6191036	154
4295	11750	1917.620482	54
4296	13705	1205.699392	96
4299	18386	2702.189795	110
4303	2338	1095.868082	101
4303	16562	1113.752853	100
4303	25182	898.5542746	107
4304	10233	1353.117281	60
4304	13793	1342.450594	59
4310	17960	1316.596189	45
4311	14139	980.7522535	45
4312	27718	1295.118751	67
4319	18605	1037.080777	61
4321	8482	1096.843446	102
4321	15965	1032.135153	100
4326	15596	483.3497225	149
4330	25435	653.9415433	83
4333	12762	1070.22679	37.7441779
4333	15095	1077.021733	36.92365229
4334	5785	284.9284611	177
4336	1218	622.3820105	93
4339	18041	496.2106452	112
4340	9719	793.1304514	116
4340	24923	791.2691646	127
4341	13280	2266.769418	58
4341	16398	2368.478154	54
4341	17690	2268.784053	54
4343	12871	419.1807282	176
4347	18401	1581.604592	51
4347	20396	1526.573003	49
4348	17758	1444.194993	97
4349	18427	3187.568121	43.0647448
4354	12737	553.4229115	146
4354	23931	551.1983871	150
4360	13650	3019.612102	30.2968022
4364	25450	1096.138307	125
4369	15855	219.7598415	128
4376	6656	392.2364759	135
4386	688	2335.496323	57
4386	4240	2343.91901	57
4386	24934	2363.669788	55
4391	2160	544.6081776	92
4391	18913	541.6942789	93
4393	5762	209.9492379	175
4396	4763	1165.603205	100
4396	10363	1119.095888	100
4402	774	1283.953116	81
4407	20117	527.3505369	120
4415	9957	230.0858042	191
4415	16952	289.9762784	190
4415	18346	220.6439139	195
4418	26683	198.3679764	127
4421	4810	278.1018417	254
4423	1031	189.0379191	131
4423	16504	184.1206875	125
4432	6277	225.2444685	165
4432	8661	234.5060438	171
4434	13555	283.4593475	166
4435	14320	1606.53487	36.92365229
4435	18566	1556.961807	38.58293741
4439	22493	582.7190256	129
4455	31	510.8986717	169
4455	12472	568.4244925	164
4455	12509	471.7686454	177
4455	13758	614.6626547	172
4455	26738	542.9340504	172
4463	9550	701.2729238	78
4465	19541	1089.12162	86
4467	6806	695.2751766	70
4467	27811	711.403912	68
4470	6553	496.3092153	92
4470	24812	482.4713749	91
4473	14956	701.1614574	23.79021103
4473	18206	701.1614574	23.79021103
4474	8069	2495.936903	84
4474	16140	2687.109245	80
4474	23162	2259.49243	83
4475	90	2090.085076	58
4475	5053	2082.929591	56
4475	25719	2167.666413	55
4476	5735	858.1585021	58
4482	6792	1752.805125	54
4483	3749	1687.696956	73
4485	4755	415.0895582	93
4485	14276	422.4145014	90
4493	21379	2345.922568	87
4495	6892	1527.569468	52
4496	18379	394.1257187	134
4497	4881	440.6724922	51
4497	9553	447.0447106	50
4497	28106	424.6603758	53
4511	23592	257.7474312	132
4512	11256	1064.591376	122
4516	13037	248.7799164	194
4516	24803	276.8210868	172
4521	2958	750.7716334	136
4524	6618	711.0405779	101
4526	15989	229.505189	94
4536	1692	604.6804274	148
4536	1701	576.9293442	166
4536	3198	609.8155918	157
4536	5844	488.8055444	168
4536	6623	406.0363854	183
4536	10064	426.1502912	183
4536	12693	532.0588385	160
4536	12811	649.4251562	151
4536	15223	453.320244	170
4536	17503	570.3938865	158
4536	17940	650.2478282	158
4536	18749	487.9922671	172
4536	18955	492.7485011	164
4536	18971	459.3275953	166
4536	19029	673.9273487	157
4536	19069	449.862192	180
4536	25550	515.6028542	166
4536	26180	615.012135	156
4536	27218	589.1816606	165
4537	26835	619.0873442	107
4546	11440	989.2172177	164
4547	4063	491.6559455	169
4547	5355	491.6559455	169
4551	13512	1046.193427	127
4552	23198	251.6081462	91
4559	7985	482.2705952	72
4559	14783	472.3550316	77
4567	17402	1979.200808	134
4570	15460	1309.097807	120
4577	4334	1720.325365	81
4577	7673	1705.8068	83
4577	13948	1732.352987	82
4577	27712	1473.47947	94
4587	4111	270.3372996	111
4587	6473	311.1535086	102
4592	12756	456.8121832	96
4593	24937	231.7639722	178
4600	25266	366.5627304	136
4601	7019	406.6480633	82
4601	12577	391.1473765	79
4606	2682	827.7605465	126
4606	21753	719.8374461	145
4606	23757	744.0942989	131
4606	26223	748.1007928	133
4607	3704	960.9418645	110
4607	25127	1021.910297	109
4608	22971	427.2775165	119
4617	16862	333.5031074	125
4617	19312	304.2660574	131
4618	7421	338.6858972	154
4619	3344	565.0778225	82
4619	16231	562.7350866	87
4625	22240	466.636435	56
4628	14073	862.244215	89
4628	27441	828.9853395	93
4630	6744	264.9105989	184
4631	2293	262.3109657	114
4631	21184	255.5661468	119
4638	916	440.8717834	118
4638	4774	357.8641692	136
4638	5593	449.8292143	128
4638	7732	363.9655647	131
4638	8860	435.3469485	122
4638	11173	338.4107014	145
4638	12196	451.074217	134
4638	14087	371.7466148	139
4638	16790	463.9407991	123
4638	18925	250.2534981	154
4638	27026	470.6370114	124
4651	20464	479.0092773	124
4653	853	731.8752623	173
4654	1559	1176.85952	51
4654	3369	1202.046932	50
4659	3426	3246.73726	40.31678793
4660	1142	576.7884982	164
4666	10342	730.9248987	111
4666	14713	730.7874845	110
4675	585	573.148545	137
4675	1829	601.2271061	141
4675	1950	694.6063369	125
4675	3065	661.2642649	127
4675	23832	689.1916148	125
4676	60	1301.369901	58
4676	1586	1298.491376	57
4676	3383	1291.184249	56
4676	4070	1197.248038	65
4676	20171	1261.09209	60
4681	27386	239.9835652	205
4682	27968	262.7863133	151
4684	5164	746.8817263	131
4686	1208	222.9381999	107
4686	6851	192.633585	124
4686	19042	214.7831153	99
4690	3428	613.8280672	104
4694	15269	1357.885567	118
4700	17909	4373.667327	82
4705	9718	2241.181048	125
4705	10863	2896.670473	107
4705	16489	2147.560435	130
4705	17387	2807.889306	109
4706	19086	760.9177113	37.7441779
4706	25306	742.0355161	38.58293741
4707	22080	1014.512483	30.2968022
4707	24490	977.0914536	32.36180563
4719	4787	1181.105261	29.63817606
4719	10757	1152.089155	30.2968022
4719	12300	1238.483698	25.41173093
4719	14278	1202.32238	27.74696714
4719	15475	1222.738291	26.5536902
4719	17547	1243.234321	25.41173093
4719	25883	1216.908486	27.1437722
4723	2121	256.8067872	231
4723	3306	203.3380081	228
4723	7974	246.4489618	234
4723	8083	238.5552327	221
4723	11350	233.5736626	241
4723	13064	265.2747429	220
4723	17464	256.6312473	226
4725	20944	1327.008106	113
4726	1399	5666.814126	31.65828812
4726	15539	5794.956452	29.63817606
4731	5184	800.1339749	50
4732	18943	233.7833392	137
4741	21978	209.5753332	130
4747	6116	511.2458641	84
4748	27974	1380.998117	114
4751	18166	428.192313	106
4752	23650	8394.553664	72
4761	6050	1520.870279	88
4762	10888	2502.493934	113
4762	14657	2200.689363	116
4771	1280	2606.266586	46
4771	1466	2575.359271	48
4771	10379	2629.715145	45
4771	16015	2620.450136	46
4774	22636	306.9306212	142
4778	20663	222.3119435	185
4779	13784	2502.447323	94
4779	22097	2134.347602	96
4783	12735	683.9906515	166
4786	5487	275.4935231	125
4788	2453	504.453717	88
4788	2865	458.7762396	97
4788	12081	480.8111443	87
4792	17742	1279.236016	88
4795	4165	4045.150316	67
4795	10580	4048.236189	68
4799	6572	275.9471913	50
4799	15153	275.4785649	54
4799	19666	294.0791353	43.0647448
4800	6482	2012.367581	54
4802	21026	1003.016152	106
4805	15900	708.3031992	75
4807	4147	1199.069442	86
4809	23997	197.0322102	111
4810	22207	1924.928714	86
4811	16340	2726.269862	41.21271655
4814	19241	1229.336542	65
4814	25567	1289.567355	66
4817	23974	2881.632801	36.92365229
4826	18880	223.6313341	150
4836	17549	266.9198336	146
4841	940	4986.463578	56
4844	5338	1419.646289	76
4847	10891	2186.786868	45
4847	18970	2224.869159	43.0647448
4847	19887	2198.794029	45
4847	21353	2197.460534	46
4848	13126	1707.325386	53
4848	19522	1648.197111	52
4849	19252	210.2422836	138
4849	20475	202.0512863	175
4858	9647	1335.651999	51
4858	15957	1093.611136	54
4858	21203	1373.18141	48
4859	493	802.3942024	25.41173093
4859	16122	781.9095747	28.36356641
4859	26802	806.6039458	28.36356641
4870	6952	278.286244	123
4873	10452	897.2328149	49
4882	21024	328.6454352	111
4882	22697	334.8623029	109
4884	1692	719.5773411	155
4884	1701	731.2674898	150
4884	3198	685.6142501	154
4884	5844	591.7966234	172
4884	6623	587.7220967	151
4884	10064	547.4423694	157
4884	12693	535.1457798	178
4884	12811	728.2029457	152
4884	15223	505.2598332	168
4884	17503	640.2124394	165
4884	17940	715.9384137	155
4884	18749	612.7167584	153
4884	18955	539.301874	174
4884	18971	605.6566097	152
4884	19029	674.6642053	157
4884	19069	540.3803261	165
4884	25550	603.8138439	162
4884	26180	625.3674444	162
4884	27218	653.1961687	174
4886	12293	2568.38204	80
4886	18444	2516.16902	85
4889	5914	214.0764863	280
4908	22061	1765.310404	99
4912	7275	1302.776529	53
4918	17860	2919.905779	70
4918	19965	2884.90038	70
4919	7562	2671.245145	33.81608925
4919	12285	2625.363802	34.5675579
4921	15594	697.7279425	107
4924	6301	785.2897085	34.5675579
4924	14880	783.5742315	33.81608925
4924	25101	760.6696028	36.1209642
4924	27894	783.5742315	33.81608925
4927	1830	773.9400779	97
4931	3141	1065.931944	119
4931	19132	862.3342122	105
4931	19324	1151.800091	117
4931	23962	1107.193856	116
4936	13533	316.3361631	146
4938	12874	254.7097731	152
4938	20290	262.2772635	152
4938	22076	232.2435691	157
4939	6107	675.874255	158
4940	16194	486.6957564	127
4950	23206	2894.903206	40.31678793
4950	26869	2881.994706	40.31678793
4961	15935	1020.172847	54
4963	9366	2038.413296	77
4964	858	1481.593547	20.85097594
4964	12494	1478.884674	20.85097594
4964	19154	1473.845205	22.76709704
4966	4475	741.814713	99
4969	11852	1071.817222	115
4969	12015	742.2430202	129
4969	18699	770.6028407	122
4975	15856	500.7263363	73
4975	24534	527.2952645	68
4981	25378	232.6796314	193
4985	19955	1077.084272	84
4986	2378	266.9872965	123
4986	24785	266.9872965	123
4989	5107	1444.218992	64
4989	6651	1342.227657	69
4989	8590	1250.795726	70
4989	9107	1443.760972	64
4989	10925	1427.604836	63
4989	16876	1244.244744	71
4989	26973	1350.162897	68
4989	26994	1261.329737	68
4989	27598	1376.994443	61
4990	15997	985.3948711	145
4993	11488	197.9036212	217
5003	2581	388.9331352	185
5007	3770	2634.73403	60
5007	9925	2664.549913	60
5007	10911	2583.120775	63
5007	17088	2681.724786	61
5014	19550	1560.876936	65
5014	19751	1650.306849	58
5014	24594	1653.372218	61
5024	2682	745.3833422	129
5024	21753	735.0739246	133
5024	23757	751.0945439	131
5024	26223	720.2598839	131
5030	14117	229.3658123	215
5034	5202	744.8048818	121
5034	7900	787.59348	115
5034	8125	780.867941	118
5034	11635	827.6893211	112
5034	14023	806.064014	114
5034	17450	804.2177877	118
5034	17843	826.3714575	115
5034	18458	759.5279461	119
5034	21078	908.5393002	105
5035	18888	4103.771803	82
5036	15261	934.8476991	100
5037	9597	339.4931118	192
5038	19569	375.6417312	161
5039	12560	269.6026511	182
5039	19837	262.1435039	177
5039	23573	256.7648627	181
5041	8709	733.9005768	146
5042	16115	3250.187005	94
5044	10383	937.3391931	85
5047	9039	1042.216303	29.63817606
5047	11881	919.3227474	37.7441779
5047	12120	1022.183213	40.31678793
5047	12852	987.6884409	41.21271655
5047	15246	938.7255597	35.33572585
5047	18036	800.1079037	60
5047	26215	969.0099467	45
5047	27084	894.6347831	48
5048	22922	6221.437589	30.2968022
5050	19122	185.0831445	159
5051	12162	246.1411473	221
5053	12227	978.2819643	120
5054	24366	1252.154212	46
5059	2686	278.703244	170
5059	15926	340.5802181	182
5059	25814	357.3087213	178
5060	11069	1531.731765	85
5063	3188	516.2250871	119
5063	5058	572.1279206	116
5063	10923	491.5717692	130
5070	7066	650.4395171	109
5070	13837	645.1264145	115
5070	18822	704.5409429	113
5074	7005	558.7877588	87
5077	1692	758.1957302	151
5077	1701	753.4181491	148
5077	3198	744.0221	142
5077	5844	623.7356556	166
5077	6623	570.924078	157
5077	10064	578.7085294	146
5077	12693	573.2924168	164
5077	12811	788.8624439	146
5077	15223	560.5592736	151
5077	17503	700.6757748	152
5077	17940	761.2545191	145
5077	18749	655.0067512	142
5077	18955	605.4135457	153
5077	18971	581.7443641	148
5077	19029	766.7830073	149
5077	19069	555.0169602	154
5077	25550	667.7555571	139
5077	26180	608.3988536	168
5077	27218	732.6248798	158
5079	8236	245.6618075	127
5079	14156	244.6568915	137
5079	16533	237.6252651	130
5079	18242	233.0575592	129
5087	10699	313.7218731	127
5087	17921	312.2958679	120
5090	12222	897.2321051	118
5090	24561	834.3079817	115
5090	28105	838.577707	115
5091	20154	733.3386814	79
5092	1032	442.3579181	118
5092	6757	311.4246177	136
5093	19458	782.9981835	104
5107	13137	1024.657712	53
5107	17153	1009.00701	55
5112	19002	320.6422222	103
5112	25053	319.6465966	104
5116	22274	260.3727848	111
5118	17340	338.8173105	164
5119	11963	1960.372499	84
5122	9166	359.7088653	146
5122	13995	382.7013946	144
5123	19101	1883.784218	71
5125	964	931.5291618	91
5125	12893	1002.14348	87
5128	786	437.3450086	133
5128	1309	426.0830026	134
5128	3421	464.1459051	138
5128	8161	319.7062001	146
5128	16864	371.3751902	159
5128	17180	450.7085093	122
5128	18442	499.8946624	133
5130	24191	1130.425598	106
5133	26747	408.9918087	103
5140	1451	3141.610109	72
5140	3638	3002.786093	71
5147	24206	291.3939802	160
5149	6468	2801.454843	81
5149	16802	2799.507473	82
5152	28063	312.7612738	133
5154	11718	678.6320061	72
5154	26574	751.3113017	63
5156	6219	565.5409892	105
5157	1981	192.5099703	166
5157	22841	184.5942348	161
5158	17043	1187.36523	41.21271655
5177	1296	371.3172883	120
5181	20508	1198.647066	81
5185	7088	201.7715039	203
5185	21863	190.640715	202
5189	11793	3303.108532	63
5189	18953	3246.995473	64
5191	15978	1069.044232	92
5193	9620	306.1341252	129
5195	15309	802.6559208	91
5203	7656	981.2228994	94
5219	7699	550.3553583	96
5222	14695	2744.2153	83
5223	13847	1076.95344	81
5231	2684	299.765109	215
5234	21242	301.7108515	115
5237	8615	346.4264224	73
5237	8970	354.3174251	73
5245	2174	1225.533162	25.97643606
5245	2361	1191.115045	28.99386789
5245	2858	1195.715372	28.36356641
5245	4209	1209.680719	30.2968022
5245	9351	1176.149423	29.63817606
5245	9448	1186.150523	28.36356641
5245	14076	1223.877811	28.99386789
5245	14326	1180.016264	28.99386789
5245	14673	1218.282364	25.97643606
5245	19971	1171.954827	28.99386789
5245	26846	1173.811071	26.5536902
5245	27615	1285.973591	24.31888239
5248	21250	961.0047324	119
5251	13253	733.5236859	95
5256	25441	1153.994905	4.099896205
5257	7498	1177.995694	33.08095687
5264	13257	1428.848996	128
5265	8598	987.8007611	61
5266	5811	1793.030438	99
5271	23574	324.1584887	126
5275	13523	969.3881123	133
5284	1585	579.6585631	87
5284	17422	547.0031726	95
5284	17830	515.7350345	99
5289	3954	2921.511631	105
5289	14965	2967.502243	103
5289	16469	3097.471489	102
5292	20308	483.713402	124
5296	26457	611.6299623	112
5305	10636	1584.044793	60
5305	22588	1641.765343	57
5309	7442	363.4992229	171
5309	20946	292.1364657	188
5312	22602	548.5670918	140
5314	3188	479.7269446	115
5314	5058	545.851487	110
5314	10923	508.834831	105
5318	5972	940.9323724	45
5318	24446	924.4403003	47
5319	7161	1092.87609	63
5319	8734	1066.798508	64
5319	21775	1088.733376	64
5320	1637	472.7530564	173
5323	486	1290.877143	36.92365229
5323	18859	1278.42317	37.7441779
5331	19588	3127.249126	89
5335	14754	670.820249	103
5335	15514	708.8539171	103
5335	25755	708.8539171	103
5335	26364	745.016527	97
5337	24728	1347.088337	69
5341	6699	421.0759844	108
5341	15290	412.2296772	99
5342	12942	233.4573757	131
5345	10100	348.4740583	106
5350	5229	228.7691166	133
5354	22004	1628.785467	71
5355	16996	488.4748438	120
5355	23729	601.591727	113
5360	23986	373.3029428	76
5360	26206	379.9007093	74
5363	3863	1039.48003	103
5363	14587	1030.114842	102
5365	6998	731.3007237	89
5366	14854	819.866748	108
5367	19607	402.0743039	57
5368	25792	522.5096269	77
5369	12178	1935.230187	102
5373	14186	1114.014953	39.44033602
5373	18024	1131.069709	38.58293741
5373	27761	1102.624063	41.21271655
5375	916	430.6763345	117
5375	4774	327.0955982	123
5375	5593	426.5102028	107
5375	7732	307.0058119	128
5375	8860	430.4964761	111
5375	11173	315.0218577	139
5375	12196	404.5361686	109
5375	14087	325.8937266	134
5375	16790	406.8823514	104
5375	18925	202.1265674	153
5375	27026	430.1520732	105
5377	11432	1340.594755	152
5379	6712	456.7873911	70
5379	13233	449.6259275	69
5379	15343	423.456184	73
5379	24306	449.6259275	69
5382	9438	690.6589471	84
5382	19747	675.7145104	85
5383	3405	944.8312704	47
5383	9499	954.8593584	47
5386	6292	1366.947623	129
5387	4469	901.417549	90
5387	4726	739.9366099	99
5390	14402	366.469913	113
5394	3190	1091.732879	40.31678793
5394	11676	1086.442122	41.21271655
5396	3821	637.133147	134
5396	6337	644.1634885	132
5396	9450	584.6979796	139
5396	11907	546.7451678	148
5396	12838	618.3273376	141
5396	23460	594.3539251	135
5397	14262	1259.207373	74
5398	4306	430.2124707	135
5398	6753	593.6362617	133
5398	8866	618.3236785	129
5398	12308	460.8654049	138
5401	6178	680.5309916	68
5401	20497	764.2648355	68
5401	22585	803.7552462	67
5401	27061	576.7451496	69
5406	7696	265.1388218	143
5407	15758	318.1293905	142
5420	6017	218.6909742	158
5429	6459	1859.199716	114
5430	14604	1577.329567	43.0647448
5430	16415	1693.162258	37.7441779
5436	7811	756.1067192	52
5436	9268	815.2781325	47
5436	20903	821.4678354	46
5440	6035	1572.085903	158
5440	15686	1558.227394	148
5443	19945	526.6098177	144
5443	23540	625.0504598	139
5443	27163	424.723665	151
5445	16636	403.763021	119
5447	3231	5809.493891	98
5447	3822	5410.027024	99
5447	11786	5830.790023	98
5448	16362	587.8333686	122
5449	22166	3623.659932	81
5452	8898	725.9970131	146
5452	21682	729.0567888	153
5457	25976	777.9519753	91
5462	26351	243.1160064	130
5466	9032	823.9831493	93
5467	24414	671.0502951	160
5468	23665	572.5859126	95
5478	2682	804.9660904	126
5478	21753	711.4031336	146
5478	23757	754.7480162	134
5478	26223	714.5475634	133
5479	22106	1296.576138	58
5479	25576	1305.788872	57
5484	3077	616.6700798	122
5484	11063	689.077696	117
5484	14303	680.0769858	123
5484	17200	694.7146377	119
5494	19714	215.1824316	162
5494	21550	208.1767027	167
5501	214	522.5597628	85
5501	17278	559.5781954	89
5501	20424	526.3642053	96
5501	22663	527.2936849	90
5501	27391	559.4522166	89
5502	25325	3581.923385	102
5511	4406	221.1908694	80
5511	15943	190.7840759	86
5512	4572	642.113958	115
5512	8765	701.9820159	108
5514	149	582.7637022	103
5514	22803	610.3001191	99
5517	27503	1229.154047	76
5524	27558	279.0392191	162
5526	27143	1187.226497	140
5527	3761	209.5069941	114
5531	13372	448.3495296	132
5532	10385	845.2128045	49
5536	4310	920.4014295	134
5536	17064	875.0713713	134
5538	7573	871.162124	108
5538	12519	767.480736	118
5538	14943	790.1354612	117
5538	19633	934.6437382	106
5538	24184	844.1472005	111
5541	5721	1782.801422	71
5546	4156	706.2868691	103
5548	15158	743.399349	71
5548	18758	751.1110369	66
5549	5342	252.037572	116
5551	9435	224.9306933	179
5551	10846	216.8722111	184
5551	15641	204.7118649	198
5560	10711	1519.832562	69
5567	12663	1806.76753	48
5567	22794	1796.132771	48
5569	18128	191.3426235	179
5570	9168	188.9540523	152
5570	26314	244.3710845	150
5576	15025	2879.800786	83
5576	20450	2773.083469	79
5581	26250	1208.486886	62
5583	3864	336.0813874	91
5583	11815	310.437499	105
5583	16278	320.8870853	102
5583	24087	334.6549439	101
5584	782	606.3164139	140
5588	6587	502.6951076	109
5591	10737	1005.159823	65
5591	21383	871.742048	78
5591	23953	977.9042	72
5592	274	507.9416121	63
5592	5274	486.5703759	65
5592	27638	437.2540273	70
5598	25657	456.0563893	155
5604	23447	325.007742	133
5607	5257	320.0377128	79
5619	4518	746.7746668	49
5622	5613	695.3912985	96
5622	9859	639.1588957	99
5622	25487	734.818157	93
5626	15134	3642.317334	59
5632	15160	684.5738858	166
5632	16567	718.3660417	173
5637	10157	2377.428477	45
5637	19140	2303.168074	47
5639	20321	1764.545382	50
5640	15750	198.5710417	191
5640	17410	206.0283807	189
5640	19398	193.9624314	180
5640	21633	184.3355024	195
5640	25480	212.5348655	189
5641	27461	988.6530378	131
5643	5798	2608.450984	46
5643	12304	2665.249558	51
5646	2880	2804.801227	87
5649	24849	2012.059439	70
5650	20	1170.06667	76
5652	15215	681.1594878	78
5652	22005	682.7655086	77
5653	20784	639.6457955	107
5654	3044	386.2128159	56
5654	6438	387.6154102	56
5656	7838	462.6602852	178
5667	7803	1573.639284	86
5669	12483	580.0139581	113
5670	9808	1010.591503	148
5674	1412	679.3097818	116
5681	3696	563.0714223	82
5682	9575	254.8566749	248
5682	25912	189.5927598	239
5687	5869	1853.333111	114
5687	5877	1931.975417	113
5687	8286	1858.311763	112
5687	13887	1795.194294	117
5687	15294	1738.514637	123
5687	15796	1772.250277	114
5687	20076	1683.819001	123
5687	24740	1795.760016	118
5690	19202	718.4548175	121
5695	14125	2809.992121	30.97006447
5695	14966	2812.176055	30.97006447
5695	23781	2172.65831	33.08095687
5696	10054	3181.10591	30.97006447
5696	11134	3177.509109	30.97006447
5697	20955	910.8232391	124
5700	8315	232.3992561	123
5701	1979	459.8910551	93
5705	475	2398.580071	100
5706	21544	661.4371076	123
5706	22586	465.6332038	115
5708	6896	859.4286672	83
5708	19434	950.7146831	90
5709	12328	1573.122984	102
5709	25452	1534.466482	105
5714	13853	412.3084889	155
5717	513	507.1007327	89
5717	15151	573.9774856	74
5721	3213	956.6996494	102
5721	4393	915.7386964	96
5721	21894	934.4718649	94
5721	23469	941.6280807	101
5733	7105	1430.107326	75
5733	8334	1430.107326	75
5733	20193	1422.296138	79
5734	23713	909.7919976	133
5741	4015	1329.070512	115
5741	17540	1305.25804	117
5742	1090	261.1111028	194
5742	6455	235.5086877	197
5742	18690	224.3674543	197
5742	21333	238.4272208	196
5743	1239	688.4704782	83
5743	18785	664.8628636	89
5744	19265	1434.470225	132
5747	10311	2197.589119	50
5747	24932	2170.516816	51
5751	27705	184.9193766	213
5752	21297	422.1642041	126
5753	12249	1352.751104	110
5754	1124	365.0202463	92
5754	10336	381.8203701	84
5755	13052	1270.150217	85
5759	15516	2868.244267	48
5759	23817	2876.699743	48
5761	17126	190.0837819	57
5762	4078	4511.171674	25.41173093
5766	5941	643.2906811	159
5766	14722	645.7332835	156
5766	21778	683.3758143	142
5767	27375	1485.329826	59
5769	4675	1524.57732	80
5774	25705	953.266729	102
5776	9271	1528.73647	143
5777	982	243.6084125	193
5778	20129	1402.784752	82
5781	10862	3162.039844	46
5781	17499	3282.587159	44.02173913
5787	21587	681.3924779	130
5796	10109	697.5693444	63
5796	18017	668.7761238	68
5797	10845	283.0706273	106
5797	12949	283.0706273	106
5802	19178	2107.960817	95
5811	18542	542.558608	106
5811	22635	502.5499327	100
5814	14493	3722.26342	67
5814	14668	3730.833545	67
5823	3981	1999.002429	66
5823	9970	1977.260316	67
5829	5837	1020.704525	50
5830	21458	647.334204	83
5832	4013	476.0445973	89
5832	4613	452.126699	94
5832	14133	530.8180202	87
5832	16687	463.1813887	96
5837	7053	4066.880742	64
5840	27849	220.7478565	93
5841	27328	1846.246814	93
5842	1755	425.7352253	140
5842	3906	428.7448166	134
5844	8794	347.3156149	84
5844	13275	350.9260703	82
5844	20577	346.1530113	83
5852	19302	228.3965501	162
5856	20484	1281.840438	116
5856	21214	1256.513393	117
5862	3933	223.1796648	185
5862	4400	228.8192477	179
5862	23121	211.2247039	185
5873	9366	2012.88605	78
5874	7347	376.5214442	25.97643606
5874	8831	391.0990115	22.76709704
5875	1094	400.8334288	92
5875	3726	374.4491674	103
5875	3805	388.9691578	90
5875	6838	403.2111753	90
5875	8214	337.1664392	102
5875	14732	403.6206141	96
5875	17587	390.0939014	98
5875	22443	368.5385415	100
5875	26645	386.374172	85
5880	2794	256.1624203	98
5880	23476	250.6209904	92
5882	16701	351.2062795	158
5886	12446	363.5060328	149
5892	4676	584.1290775	42.1285547
5892	8128	558.1774552	38.58293741
5892	16177	561.3094575	45
5895	5942	1170.936739	116
5895	11529	1354.42788	104
5895	12951	1107.913106	116
5895	21564	1282.902848	110
5899	19507	466.5863264	59
5904	13304	761.0545489	87
5907	5539	573.7426101	45
5907	16644	577.2082749	43.0647448
5907	21958	563.3322416	54
5909	17676	2401.619975	68
5909	24735	3283.64219	71
5919	10927	846.912508	45
5919	20169	900.3876701	40.31678793
5919	25012	857.9089629	45
5927	1692	583.5799524	159
5927	1701	660.8003963	151
5927	3198	693.7101268	146
5927	5844	638.7538962	155
5927	6623	553.6875414	143
5927	10064	479.7475147	161
5927	12693	611.9933299	162
5927	12811	630.2417626	148
5927	15223	492.0497927	161
5927	17503	557.8527727	156
5927	17940	659.7138489	148
5927	18749	515.9940545	158
5927	18955	557.3279697	166
5927	18971	519.3229573	162
5927	19029	636.6732869	156
5927	19069	488.8282634	159
5927	25550	598.2952008	165
5927	26180	570.9937358	160
5927	27218	662.8373938	153
5929	21980	874.6483231	69
5933	2228	292.8577121	179
5933	23231	379.1561051	170
5935	2609	477.5718667	105
5935	3743	446.2391826	113
5935	13047	474.9750014	106
5942	13035	1697.310937	43.0647448
5951	7774	1661.2962	115
5954	23166	236.434411	198
5955	12250	445.7542859	141
5964	10460	857.1458333	45
5970	3530	2630.35243	83
5970	9040	2987.927269	77
5970	16417	2886.935336	77
5970	17984	2946.505256	76
5970	23006	2888.411829	77
5978	6418	395.9108003	102
5982	6317	935.1401244	92
5983	10067	534.8375072	71
5983	17311	504.5589659	75
5984	1809	3593.578503	69
5984	24552	3597.353414	69
5984	24659	3607.704482	69
5985	4993	830.3543783	86
5989	9798	3826.019945	49
5991	12621	909.0389839	60
5991	23900	910.8587794	58
5991	25828	899.3003414	62
5991	26644	886.3781195	60
5999	1692	759.6460664	152
5999	1701	778.57938	145
5999	3198	740.1963835	149
5999	5844	605.0603967	165
5999	6623	628.6224591	146
5999	10064	577.1762935	152
5999	12693	552.6524749	174
5999	12811	762.9600777	146
5999	15223	531.3832532	160
5999	17503	673.4377765	156
5999	17940	763.8838797	147
5999	18749	622.0998485	149
5999	18955	552.9871405	168
5999	18971	643.9712449	144
5999	19029	721.5090398	151
5999	19069	577.5634505	154
5999	25550	588.2138262	161
5999	26180	644.3639897	159
5999	27218	700.4340338	166
6003	21868	596.0124883	150
6012	7670	1198.470636	90
6012	19181	1106.514811	94
6012	21063	1193.636506	91
6022	9049	591.9587499	117
6024	14505	4262.907069	75
6024	15705	4265.402601	75
6033	1916	303.8806121	101
6033	10892	297.6321775	103
6034	2046	430.7820303	144
6036	21152	1023.608026	179
6037	13484	1358.656774	113
6037	22098	1302.239779	116
6040	7279	871.7106303	93
6041	20790	1014.827362	99
6043	13226	321.684167	101
6045	990	213.1201934	212
6045	1879	217.3809733	220
6048	11469	3538.697873	49
6053	11164	377.8229527	145
6054	4376	1053.897269	101
6054	17142	1069.500755	101
6054	19681	1072.969356	101
6054	22198	1088.517159	100
6054	25417	1075.073167	102
6056	2907	539.5260594	68
6056	15378	663.1123833	71
6057	4463	629.9229166	82
6057	16945	709.6211907	76
6057	18503	620.0838671	80
6062	1228	4033.387517	41.21271655
6062	25531	4023.410349	40.31678793
6066	4176	673.0476118	64
6066	7664	646.8206627	68
6066	20825	613.692236	76
6067	9638	3353.242142	45
6067	26471	3358.440956	45
6069	6431	185.2296619	248
6071	10502	1081.603734	118
6073	25425	554.1896696	122
6073	27119	527.7831915	131
6087	20657	903.5918778	84
6089	4536	511.314659	104
6091	22917	720.3960079	144
6092	19404	696.3909505	66
6093	23142	2866.634858	48
6093	23264	2791.306569	51
6096	786	385.3098882	139
6096	1309	411.3103433	133
6096	3421	411.6209282	130
6096	8161	385.0663426	129
6096	16864	387.5134481	144
6096	17180	441.3101079	131
6096	18442	415.7859827	128
6102	25835	265.9339253	151
6105	24959	894.3255074	81
6108	24759	625.9725496	117
6110	1492	1338.362317	91
6110	11955	1280.915674	95
6110	14971	1284.381311	94
6113	8749	497.2705955	131
6115	11037	530.4617537	120
6115	21315	529.9562867	116
6122	21500	2523.714626	47
6126	10376	1292.108068	102
6127	2180	882.0089498	64
6129	1125	1919.315902	66
6133	1931	1042.655636	45
6133	3171	955.4149314	49
6133	3551	1016.631304	45
6133	4619	943.155678	47
6133	5807	1015.71848	49
6133	6148	1050.530889	42.1285547
6133	7648	1021.589944	50
6133	13968	1034.801021	45
6133	16131	1075.378923	44.02173913
6141	21900	487.9888926	100
6144	22467	244.8597854	164
6147	10002	1145.886679	47
6147	20478	1102.46306	50
6149	22437	480.1808958	139
6151	5014	2518.098561	87
6153	9039	911.7040238	41.21271655
6153	11881	806.2693755	51
6153	12120	877.6656619	44.02173913
6153	12852	806.2566924	51
6153	15246	906.2575164	44.02173913
6153	18036	772.2319252	54
6153	26215	814.4291909	45
6153	27084	817.8551966	43.0647448
6157	3501	1157.862037	80
6157	7323	1083.574143	79
6157	9953	1179.30876	78
6157	13832	1141.441533	79
6157	22895	1185.852296	77
6158	440	498.771031	95
6158	27606	491.4409109	103
6159	5298	659.2104532	171
6161	25588	1166.755522	26.5536902
6166	17633	1578.471195	105
6169	12471	2582.054334	51
6169	21932	2654.930675	49
6175	18622	278.3373534	129
6181	10624	2913.013029	92
6187	27319	545.1829118	101
6189	1267	699.0921962	104
6190	7002	1379.500668	23.27303253
6190	17614	1006.846156	27.1437722
6190	18470	1378.881151	22.76709704
6190	21561	1381.042921	23.27303253
6190	23331	1370.924829	25.41173093
6190	26039	1348.809842	24.859302
6192	2124	760.2520687	144
6196	17374	1101.654507	83
6196	21589	1146.074587	82
6203	15074	3617.590172	45
6204	1692	787.7200505	134
6204	1701	738.2194767	134
6204	3198	790.1896558	134
6204	5844	598.2410996	143
6204	6623	553.2961472	146
6204	10064	481.717109	168
6204	12693	750.5068837	137
6204	12811	764.8648719	122
6204	15223	471.5070086	165
6204	17503	646.7451888	151
6204	17940	781.948615	132
6204	18749	557.934746	152
6204	18955	767.8167735	140
6204	18971	558.2541858	152
6204	19029	746.9967821	136
6204	19069	535.0451848	151
6204	25550	628.738858	149
6204	26180	593.0054118	161
6204	27218	727.5137581	137
6208	17696	301.7721408	121
6212	25376	1692.22697	90
6213	1285	2631.549309	62
6213	2712	2560.460224	64
6213	22275	2551.281425	64
6214	20454	3447.384771	144
6215	23670	1073.32449	103
6222	2797	820.0353793	120
6222	8394	782.2286093	119
6223	17751	641.7978175	111
6227	13848	1316.058794	39.44033602
6227	14127	1312.883231	39.44033602
6230	14499	1494.382368	80
6235	6307	573.0739205	89
6240	12339	681.5602723	140
6241	13170	356.6312941	126
6242	13343	943.9615604	100
6242	17174	935.09883	101
