12	14567	1546.248385	68
21	11365	244.5450496	124
23	14344	882.878785	87
24	28148	913.9421209	108
27	17316	1259.54371	103
31	20218	937.9128513	91
33	23875	3045.39427	34.5675579
35	24866	701.0095513	147
36	23510	519.319716	98
41	10497	1178.682935	89
49	15849	881.8846873	128
53	7954	1955.359745	34.5675579
64	1819	3728.605806	25.97643606
80	11163	276.1338323	219
84	15767	782.8510693	108
86	6160	2585.104044	77
91	24477	1629.336092	105
93	9464	3632.681392	96
95	23126	1069.10296	64
99	17211	808.2234169	125
100	8965	528.412805	120
109	23373	662.329586	130
110	22805	347.559143	161
113	2900	772.7676319	66
117	9725	328.3943807	124
117	14971	438.2066138	103
120	22332	633.5153235	152
121	10936	3436.370026	94
122	646	3471.588155	86
128	28234	913.8805206	95
129	12791	182.0446707	204
132	30	335.9362475	145
132	14796	384.7628236	143
132	15704	357.3437173	134
136	24140	1421.362744	63
137	5910	1093.319682	64
151	23721	2261.595244	75
153	5388	3150.223207	85
160	23177	604.873872	42.1285547
164	12488	1226.596043	80
164	23622	1233.80825	80
166	6894	1155.287434	77
172	8931	536.0977241	136
172	24307	631.9885042	131
177	19237	438.4501779	62
179	27087	440.3092074	58
187	10087	1340.577341	60
189	18317	532.5084604	47
196	1205	256.4823403	83
196	2103	315.957006	94
196	5693	273.6945075	108
196	21044	302.0893886	89
196	21819	187.0531641	108
201	24595	2051.636786	39.44033602
204	6503	1440.356846	122
205	11268	185.2886446	243
208	18895	217.319829	141
209	18748	269.6391668	220
211	10006	1133.449716	98
212	25975	579.8630396	84
213	21514	1012.57735	100
221	15187	652.7470937	68
226	3879	784.2145644	111
229	16147	537.0166923	154
236	5702	2657.655822	46
252	2200	1501.684097	99
254	13545	493.0839875	70
255	14212	1274.022647	66
257	1737	950.0437171	107
258	23009	194.3237896	207
263	1206	792.1988476	112
265	25158	1187.799238	94
266	12	1263.962475	65
274	21614	1684.35621	24.859302
275	5093	2778.298955	34.5675579
278	22943	718.8005139	82
283	3812	1197.314441	76
285	16068	2062.665862	48
286	27769	510.1560325	186
291	15397	1111.134445	107
294	15113	875.6175565	42.1285547
295	12995	431.4484149	81
305	1088	379.6736152	169
309	17817	461.5719437	121
321	16372	1936.441007	89
323	6007	390.5512974	123
323	22140	339.4699015	128
323	22374	267.2942717	123
323	25681	216.9745367	120
324	23549	1225.594199	102
331	24507	474.7864384	108
332	11384	330.8438415	134
333	11313	1268.027025	106
336	18676	242.2850351	166
342	7632	2512.785786	62
343	15875	317.1369267	145
347	10054	2260.984018	47
359	13702	1413.562016	110
361	18251	1391.379725	112
362	5829	526.0859602	108
365	11257	1093.820816	55
368	17674	400.2636509	89
375	12441	534.014402	82
376	18894	676.0453755	49
376	19374	672.6023642	49
378	23012	1126.065331	34.5675579
381	26053	266.4922444	92
382	26513	429.5112466	171
383	16833	729.7457926	105
383	17881	936.8140683	90
383	18359	694.2416134	96
387	8057	222.2228021	157
397	16142	5155.126743	56
399	26091	1351.382889	38.58293741
407	22238	829.2833186	83
413	26665	182.1620388	163
414	20929	1077.843812	126
419	8454	1764.372007	71
425	23414	906.3617916	96
427	19135	5429.456451	53
430	19625	2942.544983	30.2968022
431	350	492.8344351	107
443	5240	788.2611953	79
444	15929	1323.751456	113
446	27398	422.1332809	99
454	24927	939.6454156	68
456	3096	816.5829796	112
457	19343	3187.835359	60
459	15630	1499.876579	75
460	4971	986.5755846	111
461	22551	576.7203	64
463	22150	2539.736695	83
465	21106	2102.801483	66
469	2365	1375.517049	71
470	24922	1670.566928	66
472	10293	1531.855314	64
472	18810	1386.781265	68
473	9539	963.4467161	75
477	6761	1766.062952	44.02173913
485	56	233.4646004	181
493	3866	336.3829595	89
494	25754	1709.699454	100
495	23931	248.8494065	109
496	12287	709.2985383	61
497	12438	1938.878879	87
499	16677	1446.501847	83
501	5019	1372.442971	92
502	11313	1373.015836	97
504	10191	904.634963	119
514	5039	1568.053192	29.63817606
515	17994	183.9503265	170
516	20591	1886.215475	64
520	10403	1125.471049	118
521	11190	399.614513	111
523	8850	312.8153126	160
525	19516	862.5509374	41.21271655
543	16327	2275.925956	103
550	11777	611.9547936	108
551	27049	186.4820752	217
558	6407	730.4134096	105
559	3432	349.8933164	239
566	4583	1289.071498	118
566	26021	1302.588967	116
568	20205	1860.266488	78
569	9608	805.7605612	57
570	6921	1413.008874	34.5675579
573	21765	184.7720961	137
581	25931	689.4802381	65
596	6823	196.2066211	236
597	839	610.7285395	132
597	2583	517.6405604	142
597	2664	519.8927496	140
597	3695	563.8587791	133
597	4310	582.1300791	139
597	11096	643.1304715	138
597	18247	529.2197219	139
597	21538	536.2936971	139
597	22463	537.8366725	138
603	7635	1013.742391	53
607	20511	266.9960549	171
611	10421	461.9842211	106
616	19773	538.4706495	135
629	7678	887.887464	109
639	5930	192.9486093	199
640	17859	830.639228	67
642	2339	1361.507508	58
650	17397	570.2301304	65
652	210	201.8296431	271
655	24264	316.0721038	87
656	17425	594.1859518	59
657	8596	959.1702385	42.1285547
657	26324	916.0207233	53
657	26974	854.8791221	49
660	17223	988.9794661	108
685	5176	402.1585818	139
693	27400	782.2558326	71
699	12777	1655.593603	28.99386789
699	15246	1620.417073	30.2968022
703	19772	656.7327452	128
706	18911	1063.711991	90
711	601	586.5643236	142
713	2892	235.393324	100
713	15351	223.8085281	101
714	18636	751.7937991	121
718	21637	780.7936042	80
722	16997	2313.799259	79
723	20107	474.9232823	88
724	3536	1223.782425	86
725	24314	315.4993539	169
733	5768	854.816829	120
733	13014	930.0326603	124
733	19954	987.7584732	122
733	26503	866.1048075	131
735	16440	1046.069606	108
735	17166	874.3891771	101
737	10719	209.0409278	232
738	26980	205.324664	270
739	15116	1211.648867	107
739	16029	1142.626169	110
741	3309	368.8172106	126
749	26847	961.6238574	109
762	4265	481.8910342	111
766	23461	716.3984594	95
768	7669	920.7615641	148
772	6746	2231.759494	65
775	43	193.0216524	186
780	1166	1228.739299	121
783	21851	721.7774479	61
785	11857	1088.078665	41.21271655
791	7191	755.8784322	95
793	18104	369.8037164	123
793	20065	518.9473443	122
795	6774	1116.644803	61
797	24005	197.7270487	204
799	6301	470.8527085	70
801	26573	540.6655534	53
806	6390	2853.324748	47
807	16648	220.5386453	152
807	20005	220.4232246	152
812	2353	1119.277868	116
815	2596	1710.321241	84
815	2787	1510.513524	84
816	16194	1192.906989	103
821	22298	1878.102855	121
823	22726	533.2351996	144
825	1063	459.2729036	103
826	17223	706.5502066	117
830	14912	540.2332517	144
830	21604	496.8856722	147
830	24585	520.478579	144
830	25664	484.7983172	147
830	26788	542.0720768	140
832	15061	2364.90789	30.97006447
834	25535	747.2790305	101
837	18044	978.7829375	24.31888239
840	2981	1031.049777	68
840	15658	1199.645207	67
840	21408	1224.319623	66
842	7034	788.562579	119
843	22298	2017.536649	119
848	24079	292.7254725	174
849	12829	630.3517994	134
853	23574	1360.11086	83
857	16833	813.4472956	111
857	17881	1038.301404	93
857	18359	771.1093933	98
859	26813	775.7837567	89
862	27818	373.4583318	91
867	4627	380.1025676	104
873	27353	255.7974845	116
874	20419	250.8991506	124
875	3019	1187.282309	154
879	233	1788.547508	64
882	23786	1081.49535	72
885	21594	939.2084046	82
893	14919	1505.59721	91
895	14325	1103.013208	68
896	7348	1670.605363	66
905	7669	979.2170606	140
921	2499	199.442527	269
926	24633	622.9825527	81
927	25717	1074.298979	91
933	18244	234.8528005	145
934	14447	1471.598214	75
937	24013	712.0048157	69
946	12412	1513.204661	56
951	10643	371.3958684	117
952	7416	1364.608653	65
953	4678	851.9008957	43.0647448
955	14554	337.459252	81
971	2892	310.7253287	97
971	15351	273.1003342	96
982	18358	1246.374199	102
996	4583	1240.145431	119
996	26021	1240.380926	119
1005	15318	1460.978674	110
1006	11009	1934.229217	30.97006447
1015	9976	1017.78683	110
1015	24289	1119.608403	106
1016	3249	275.2401753	121
1019	6265	1116.420195	50
1021	20959	1310.965851	51
1024	23445	317.2222129	125
1030	15510	549.553861	109
1037	16425	1646.092266	54
1039	25170	186.2476223	285
1040	24386	299.0397057	190
1042	7887	626.0576546	98
1048	20111	405.2030049	120
1052	11376	1397.568988	154
1054	5148	333.7782787	136
1056	25513	201.9428528	158
1063	1360	1420.770189	83
1070	19540	1212.610772	48
1073	4767	213.4335807	216
1073	14542	224.4664718	204
1073	17330	188.342207	226
1073	18516	218.5064281	219
1073	23743	209.040771	205
1073	25589	184.8893449	223
1073	27271	224.9921972	226
1076	3968	194.8482359	226
1082	27440	195.3541402	191
1112	16111	4460.062577	39.44033602
1114	26517	2460.855868	32.36180563
1119	20734	900.282146	143
1134	2026	641.0819839	55
1141	10586	217.2090378	113
1141	11388	258.1702311	95
1143	2509	881.7446942	104
1143	11336	834.2676863	107
1143	16630	993.1844031	96
1143	17302	903.343857	101
1147	11656	633.0200131	120
1148	3970	469.0002439	126
1148	6089	466.8468832	123
1149	22801	1514.145303	112
1150	25056	415.7819848	116
1155	4767	210.5870064	233
1155	14542	224.7109959	229
1155	17330	199.4052664	246
1155	18516	275.9422383	209
1155	23743	231.6428676	216
1155	25589	230.76077	216
1155	27271	236.4639078	236
1156	21985	821.9744956	147
1162	773	3054.109496	37.7441779
1169	20226	932.011275	119
1177	19616	687.9674541	77
1178	25729	283.8942072	64
1181	2351	2111.069557	72
1183	19103	1471.749948	79
1188	22488	523.2597877	51
1189	25727	342.1131923	126
1190	13532	409.5170274	142
1191	925	2887.54633	64
1196	13632	1214.041288	102
1205	8648	1199.498365	144
1211	19763	603.4400977	98
1212	7942	449.6996812	132
1215	8717	659.3835435	46
1219	13145	4832.400889	25.97643606
1222	17053	459.2461282	122
1224	11105	306.795686	168
1224	24573	287.0323382	170
1225	20384	1262.456235	58
1230	4403	1311.240304	78
1232	8634	1153.93661	20.39769385
1240	3988	685.3552983	101
1243	15994	3957.589275	18.68098611
1243	23309	3944.090628	19.52047734
1243	26618	2853.529667	20.39769385
1247	4973	198.3482941	164
1247	22328	205.2755117	159
1257	1282	891.6596771	35.33572585
1263	7132	595.725714	75
1270	22345	822.8665055	89
1275	15884	1465.24842	35.33572585
1279	3359	1268.196009	85
1280	23238	838.0337086	92
1282	19399	1750.860659	114
1282	23062	1517.377745	102
1285	13775	400.4650573	88
1286	4798	2158.313657	34.5675579
1286	14164	2090.726639	36.1209642
1293	1987	762.4171757	109
1297	15310	248.1611788	138
1299	8332	187.2526758	217
1305	1142	2070.100837	104
1307	26948	2921.962529	57
1309	25390	1016.281048	87
1313	14870	1197.550351	82
1314	7526	1387.728395	73
1316	8955	2177.595149	104
1316	11306	2177.595149	104
1320	2712	206.7101461	243
1320	20435	267.7122231	267
1323	24765	807.704462	101
1328	25835	270.7155474	180
1329	16099	3331.880133	36.1209642
1334	23779	274.7220957	235
1335	13212	643.065227	125
1340	5267	1466.938126	64
1345	22377	394.2639073	126
1347	23730	1004.684958	113
1349	3082	1280.817092	44.02173913
1350	1928	1758.66607	66
1350	22816	1992.764177	65
1351	15566	224.0440846	141
1353	14197	1168.221349	71
1354	3546	983.3619426	105
1357	17062	2079.546392	75
1358	13915	1041.946263	40.31678793
1361	13330	2584.982775	87
1363	19177	199.3988248	189
1377	3994	956.2988664	109
1378	9130	4157.406621	24.859302
1382	10755	257.1022053	198
1385	19303	781.8629415	107
1386	16980	1936.250084	72
1406	18973	2681.097008	67
1410	12062	1319.302175	35.33572585
1412	8672	3587.628658	70
1417	13228	1017.252244	71
1423	15519	402.0150119	192
1428	8939	1462.899954	94
1429	4933	1691.860553	100
1432	7848	262.1411084	147
1434	22791	440.2239471	167
1444	1411	1890.637924	59
1446	25648	1629.652467	102
1449	24030	1096.99307	94
1458	17927	736.2133219	88
1459	13173	1803.89884	8.655928707
1464	14860	1221.973361	82
1470	27440	184.5704253	190
1480	24149	234.1369881	107
1486	13767	329.0098822	143
1491	23041	878.2479925	104
1492	11508	868.8651256	74
1492	27557	1125.981658	68
1495	7586	785.3331096	127
1507	14068	1676.23286	124
1513	12665	1024.961144	27.1437722
1515	21688	1187.312449	95
1517	20217	1906.265822	86
1519	16526	739.4932416	82
1520	2017	474.1744634	122
1520	2426	446.4257047	137
1520	3834	395.5610787	134
1520	12410	429.1207831	133
1520	13086	410.2155394	133
1520	15940	459.4878154	127
1520	21763	413.3602696	132
1520	22324	420.3121054	123
1520	26730	471.5273672	124
1532	20731	1032.019234	98
1535	2830	245.6804312	145
1535	14936	225.5111461	153
1540	19703	1193.384645	63
1550	7152	718.5211611	121
1551	8700	939.841073	162
1554	27584	1114.254179	52
1559	13057	2037.748868	123
1561	23806	192.6231613	166
1567	3532	282.6043492	118
1571	16504	411.920643	94
1575	9539	1027.684346	75
1580	21238	809.3030707	68
1584	597	12556.59009	22.76709704
1586	459	827.3406065	153
1586	4877	850.5885051	145
1586	7719	857.2023307	154
1586	9480	803.008608	154
1586	27538	875.028704	154
1587	26552	296.0781917	116
1601	21485	1059.136024	75
1603	2491	1366.558788	78
1603	3086	1285.138733	79
1607	4407	1460.319726	79
1623	14912	678.8401752	127
1623	21604	604.1449243	139
1623	24585	534.1638936	143
1623	25664	651.3729536	133
1623	26788	619.9175956	132
1626	2119	3140.933068	80
1639	3926	2044.555479	57
1640	15724	1080.728778	116
1640	23473	1130.7726	116
1640	23836	882.8861023	115
1642	189	483.4366991	146
1643	10795	612.446835	49
1643	23110	616.5905795	47
1649	14384	576.8456838	103
1654	22298	1687.089382	125
1658	12983	1922.398509	43.0647448
1664	2261	2705.98808	18.27487772
1664	4053	3661.042446	19.09611913
1664	11807	3645.106386	19.52047734
1664	23895	2716.283263	22.76709704
1664	24424	3859.02366	21.78798276
1665	12792	778.6437388	72
1669	1242	1703.820375	121
1669	5556	1781.613327	123
1670	26358	301.6207946	84
1676	23956	407.2596767	177
1677	24305	718.836677	75
1682	20460	645.6555466	60
1683	14026	1053.327847	87
1691	9219	2184.893175	35.33572585
1692	2623	1180.720308	106
1693	16576	448.9210324	138
1696	23597	583.2664938	126
1705	22145	467.0440789	112
1709	11700	381.3358574	150
1712	13597	523.4990787	71
1713	7493	2487.208326	59
1715	6620	1070.99091	30.2968022
1720	1676	444.388122	93
1720	3095	327.1943364	110
1720	13193	191.7033711	113
1720	21427	360.1791578	102
1725	4928	369.1121114	109
1727	27436	588.3700255	91
1729	11734	1248.329222	112
1732	3152	668.1873065	164
1732	15140	660.7099907	164
1735	6985	275.488756	245
1736	21315	652.5013953	125
1739	13650	665.0462017	90
1742	7380	531.7760732	102
1746	11134	1823.533175	24.859302
1746	23000	1823.533175	24.859302
1748	21123	691.5071375	104
1752	12622	1225.717579	109
1755	871	207.3040418	221
1755	20015	191.9454119	192
1758	3512	256.6731023	135
1762	1666	850.2125091	122
1764	941	616.9072215	124
1770	3432	293.7897978	265
1781	8330	747.2673251	133
1781	24215	822.8494781	127
1789	6185	212.9220562	99
1794	17374	292.6285298	211
1794	25924	381.9742202	195
1797	2009	1425.35696	75
1799	1337	504.0306185	164
1799	2842	407.5538967	171
1799	19768	396.8334511	169
1799	24969	392.4033349	171
1801	625	3150.213994	77
1802	26339	1062.751353	66
1807	28330	238.3364233	259
1809	22748	1407.512973	49
1813	10508	225.4727469	127
1815	869	680.1317979	30.2968022
1823	24624	2353.632051	46
1834	14339	1190.231621	123
1836	9228	271.6062711	139
1842	10325	466.8526688	59
1851	7698	1431.379246	112
1856	23152	1016.162071	53
1861	7250	771.1739991	76
1864	17978	323.9451013	140
1868	23316	244.7978321	120
1871	3598	689.3585094	134
1871	6027	707.0551595	142
1871	12614	354.1609487	151
1871	19010	339.3956534	147
1871	23625	708.7378644	141
1874	13905	562.4646903	112
1877	23227	1159.914418	115
1878	22221	266.4925666	111
1879	9894	783.7260781	134
1885	15950	743.0164462	52
1885	23900	737.8015091	48
1888	2463	837.1058445	18.27487772
1888	4849	730.930663	25.97643606
1888	7405	808.4964359	27.1437722
1888	11814	788.9289388	24.31888239
1888	14023	785.8927965	24.31888239
1888	16466	762.9828456	24.31888239
1888	20354	795.9642459	23.27303253
1888	25256	803.4655894	22.27216015
1888	27014	786.6843122	24.31888239
1888	27594	814.6581731	22.27216015
1888	28291	819.111973	22.27216015
1892	7465	1708.44151	53
1894	21123	697.0847255	104
1902	18905	810.0488572	135
1903	23071	909.9607383	41.21271655
1904	27047	500.0724366	193
1906	8973	1045.098215	51
1907	21565	4047.088581	55
1908	7793	182.4881455	168
1913	24275	528.5612371	161
1916	27714	3012.332123	26.5536902
1925	16833	743.6494454	119
1925	17881	959.5165463	96
1925	18359	704.7272236	100
1927	16833	860.8361335	97
1927	17881	932.7685174	91
1927	18359	701.668383	96
1929	3458	705.0677625	128
1932	16778	3244.169738	103
1935	22451	1272.923999	155
1937	18082	939.8700344	100
1940	146	302.8021615	135
1946	27444	1725.214071	66
1951	14248	713.7561552	136
1969	15377	5025.012728	54
1973	20327	1028.569246	152
1974	23746	347.9900078	125
1983	6814	202.8878727	193
1987	5332	835.2860643	40.31678793
1994	2336	1429.943781	75
1998	10020	1208.820008	55
1999	22085	1557.487755	68
2001	5619	1194.746058	94
2002	10786	612.7973547	112
2011	6725	1232.663639	62
2017	14332	4346.189213	70
2020	2976	1018.077171	99
2024	18404	306.5297814	138
2030	7048	1332.005663	109
2030	21351	1078.647627	118
2032	17707	2045.070684	50
2032	24172	1828.416454	56
2033	4502	619.2113687	107
2033	6282	501.5354746	114
2033	6314	444.1906517	129
2035	15116	1001.705721	118
2035	16029	940.129482	125
2038	11037	532.9770801	119
2041	14548	1780.737534	95
2042	11086	278.8491633	135
2044	22720	583.5282462	51
2046	3882	1957.448107	73
2046	6596	1501.648769	75
2053	5283	339.6268441	130
2054	15394	1036.269445	119
2057	898	793.6360838	125
2068	1482	3573.007475	60
2068	27019	4629.893172	55
2070	2719	278.8723126	167
2073	22327	2505.534628	63
2078	24968	8015.243639	50
2081	8527	371.5957569	118
2089	11414	573.5526597	158
2093	9762	629.0755683	175
2097	10446	1295.674247	20.39769385
2101	11471	708.1676188	120
2102	28190	1244.570011	63
2105	10172	254.8158618	175
2107	4695	3917.10312	21.31433096
2107	25797	3757.774879	24.31888239
2111	9800	1006.656612	97
2114	4955	770.8038015	101
2115	7853	733.9989396	102
2115	18423	742.7506664	94
2115	25557	666.1443239	99
2117	2279	460.5739356	139
2117	5112	440.9972851	138
2117	7488	306.1280663	135
2117	14346	545.5147607	132
2123	14864	231.1551635	179
2124	3531	234.9191373	77
2127	21212	1883.958072	186
2131	23420	2183.549859	105
2134	13320	2953.88144	30.97006447
2143	10029	367.5785033	183
2143	25125	388.6910377	177
2143	25265	387.7730188	178
2144	17356	356.7105508	50
2148	19259	1258.964814	89
2151	15314	392.034616	97
2153	21681	486.6222535	102
2157	23141	1872.508215	24.859302
2160	22209	3264.691779	37.7441779
2170	4139	1135.216732	65
2174	1728	454.024153	88
2176	16458	861.0775763	21.78798276
2182	14890	1550.210066	132
2183	11340	617.1400063	96
2185	22783	859.3954414	98
2191	6927	1122.854065	89
2204	4660	2509.106613	69
2208	8013	509.7244686	114
2210	19290	303.0093709	89
2212	7848	204.7185949	140
2214	16375	1068.793634	134
2214	28058	1055.73657	129
2217	11171	550.8931657	80
2220	3667	2846.182884	59
2225	26027	321.0726805	137
2227	21849	2381.508987	28.99386789
2235	3388	529.7092598	66
2236	13972	2141.579346	52
2237	20032	876.5238303	36.92365229
2242	18612	953.6002497	156
2244	25029	3010.81474	63
2250	14912	711.7115655	122
2250	21604	675.8824495	119
2250	24585	633.2209408	123
2250	25664	644.9501621	129
2250	26788	649.1031697	124
2252	1355	1443.357721	89
2253	16728	577.560985	102
2257	24839	276.6237885	116
2261	891	511.0527547	108
2267	2078	1998.422139	41.21271655
2269	13864	3107.007456	70
2270	1588	228.9889305	117
2270	22171	228.9889305	117
2278	12478	190.5514178	237
2280	22747	345.8316274	270
2280	26565	261.3777461	264
2284	16569	636.2917055	113
2289	14797	986.2726726	82
2292	26569	248.1878967	120
2299	26291	899.3607179	69
2302	11664	2743.709454	53
2303	3018	866.5189451	37.7441779
2315	23027	1569.53417	102
2319	12652	1676.275311	48
2322	2320	2021.032826	43.0647448
2324	25485	683.6502936	130
2327	21090	1628.963545	53
2329	3252	1005.178508	51
2333	6060	2068.214435	89
2338	28056	755.8513613	66
2339	22737	1938.993204	89
2346	12126	950.7088157	94
2348	22406	2665.348557	48
2353	16351	257.609901	150
2354	14410	1288.454628	86
2357	24526	305.2165412	173
2359	9407	661.3115077	98
2368	1369	516.9308284	102
2369	14701	788.0510627	133
2377	1305	1091.825027	102
2378	7318	651.5131799	76
2382	25377	827.3473406	43.0647448
2393	24113	309.8455787	99
2405	6805	913.058942	77
2412	6612	971.1699791	119
2414	3594	1085.757886	104
2416	18494	2396.811795	63
2418	12939	5209.114673	2.584170628
2418	17505	5288.739272	2.527993006
2420	21149	499.8448332	128
2423	6665	262.363505	140
2427	2892	440.007858	81
2427	15351	305.9421983	98
2430	13236	836.8605435	57
2431	20877	398.4985045	99
2439	18654	946.6726087	191
2443	13215	1376.993366	107
2445	18626	263.530135	144
2451	10728	188.043243	219
2453	8098	1489.00475	113
2458	4958	2668.629056	73
2460	27474	1086.914126	114
2461	13761	3644.954207	24.31888239
2464	16247	1192.985281	98
2465	3406	2169.208711	84
2472	2418	1269.106963	86
2483	3964	258.7434215	261
2492	4774	2334.095174	45
2500	7106	3198.17419	59
2502	26143	294.1536488	162
2513	5775	234.490712	205
2519	19505	3821.009158	46
2520	2904	265.0873393	161
2520	4000	360.9453417	128
2520	8834	293.4958619	141
2520	20542	266.6415723	149
2529	20912	580.1044594	81
2531	26225	1045.937678	142
2536	12067	556.1214356	141
2538	20339	1307.263427	83
2539	16375	1067.202372	135
2539	28058	1051.836965	133
2553	19604	1007.161736	111
2554	25338	1150.778506	65
2562	15511	1112.975747	73
2568	6776	319.7322194	145
2576	6731	1886.869925	56
2578	2895	3568.025866	16.73683012
2591	3291	549.0088826	106
2591	20520	443.7552846	119
2597	9761	799.8750017	145
2599	5115	224.6469516	167
2613	24148	181.2373144	241
2623	12145	2684.588449	57
2624	1529	919.9593405	105
2627	19832	3223.791699	20.85097594
2632	3960	501.176941	158
2636	12261	379.5867733	138
2636	26971	387.3916517	143
2636	27723	361.9588254	138
2638	1119	644.064169	93
2645	4157	1257.670821	147
2648	5084	1503.137189	59
2651	2570	656.1545811	150
2658	2198	307.213945	104
2659	15555	439.9573251	137
2661	23359	351.5476418	64
2662	13475	1029.950649	102
2664	4182	1116.598316	65
2669	4697	893.7728677	171
2671	4587	413.1459002	31.65828812
2672	15196	2514.771035	43.0647448
2680	21066	1182.578699	107
2686	12688	1089.879155	58
2689	26247	1223.157553	50
2691	733	225.7298562	98
2696	22642	862.0734023	149
2702	2273	2130.530827	52
2702	11622	2063.499758	54
2706	7221	261.6835416	130
2707	9477	1611.329393	98
2710	11911	2551.281795	44.02173913
2711	8405	521.6361338	91
2712	213	1357.246631	9.451373858
2712	1883	1380.070679	7.927429696
2712	3056	1341.205424	7.927429696
2712	3462	1386.650309	7.927429696
2712	9975	1429.097929	6.363253428
2712	22963	1409.308114	5.57708563
2719	21921	740.9126945	120
2722	5555	249.5629412	193
2722	24354	340.4202626	185
2722	24808	256.1573684	200
2725	6443	5950.879138	49
2727	12431	1491.173536	57
2731	26627	464.7636329	150
2734	6095	1284.535804	79
2735	5682	262.178913	156
2740	23882	588.6421265	141
2747	2892	283.4861499	105
2747	15351	277.3014049	121
2750	24255	781.0150829	125
2762	12667	467.4442789	36.92365229
2765	11755	947.1366193	183
2766	5743	2617.915106	51
2771	27658	640.8648112	104
2779	10669	2008.146517	55
2780	27114	2069.340965	78
2786	5421	653.8893943	126
2786	8811	614.8523574	130
2786	17442	701.4831505	123
2787	26781	181.4569695	261
2795	20950	805.744826	88
2796	4838	562.3350372	123
2803	10741	3144.977623	58
2804	22777	415.7372319	115
2811	2883	380.346734	198
2816	23777	583.3978755	101
2818	9588	2739.969375	100
2820	17922	1451.440097	88
2827	20572	1249.62696	51
2830	6538	2051.793572	52
2831	9386	525.2478507	157
2837	2666	302.2779876	130
2837	12659	181.9396976	148
2845	3918	1519.455706	97
2851	5479	910.4797044	49
2859	14690	202.3669174	232
2861	26422	2739.157909	63
2863	20228	778.947759	61
2865	12261	350.7928596	142
2865	26971	412.4185921	136
2865	27723	335.2911756	145
2867	6765	265.8243067	148
2867	16838	399.5299781	142
2869	21881	1602.655945	52
2871	10754	4048.02854	35.33572585
2873	16709	367.4889014	84
2881	1915	1455.874717	67
2890	20870	358.3222317	150
2893	19130	564.5243033	105
2897	2600	1259.558974	22.27216015
2897	16388	960.4955433	22.27216015
2897	16753	1224.119127	24.31888239
2897	20765	810.1721997	18.27487772
2900	213	1350.885412	9.451373858
2900	1883	1357.041984	8.848282679
2900	3056	1429.810336	6.363253428
2900	3462	1363.60446	8.655928707
2900	9975	1365.410824	8.655928707
2900	22963	1384.527776	7.927429696
2906	23241	1687.367654	43.0647448
2907	12132	3598.326281	63
2912	8072	267.6023856	162
2918	3303	184.8754487	212
2920	5310	682.7718672	107
2920	22005	752.9061339	107
2921	13407	1850.374588	45
2925	20619	1527.10259	52
2928	21141	1872.833682	68
2929	681	819.9632411	26.5536902
2930	25130	1589.112683	96
2940	11066	1236.922218	94
2941	28042	2359.029401	31.65828812
2944	22616	526.3807671	30.2968022
2954	14368	2732.259513	57
2955	24408	494.3668118	134
2972	1565	1899.712576	76
2972	5783	2110.030094	68
2972	17959	1991.338395	71
2972	22618	1994.372343	63
2973	11627	684.3772066	36.1209642
2977	25139	561.4373759	126
2979	3740	437.7816264	154
2982	9784	703.8450011	87
2982	21050	715.7240416	77
2985	15698	858.847376	77
2985	18897	917.6813979	75
2992	24964	350.3808075	191
2997	8827	993.956587	84
3003	2860	672.073749	93
3012	8354	921.5828217	102
3016	203	641.9673953	121
3016	1777	462.7748944	125
3016	7483	565.6733515	126
3016	21147	622.4332132	126
3016	25521	437.3746792	136
3016	27066	465.0458607	123
3017	7526	1028.60669	86
3022	3867	1043.168973	72
3025	9519	527.5140102	92
3027	15993	257.949106	143
3028	27407	2091.695055	55
3030	2536	525.8166617	57
3036	5202	744.6926147	53
3039	9288	3043.136698	15.32822746
3040	4686	315.6805213	230
3041	15025	965.3791947	108
3053	18729	343.5975874	107
3055	4422	796.7421754	156
3059	7267	2276.94345	57
3066	3933	365.0957414	154
3067	11153	233.2902787	94
3076	7534	1019.612663	130
3077	1253	361.7892866	124
3077	17272	339.7266685	132
3077	24852	347.8444083	130
3082	19092	266.1644478	131
3086	19672	895.9785634	159
3089	18523	340.5759261	102
3090	17610	869.8301765	62
3092	22920	704.1777935	52
3101	25318	2369.572719	88
3106	16396	684.0726729	153
3111	11058	199.2509032	242
3112	15484	879.9091203	113
3122	6120	303.2692315	155
3126	4349	183.4589955	187
3129	13013	365.2922397	165
3130	11963	450.9982001	146
3131	19693	221.6538624	230
3132	24685	1586.839918	95
3135	13902	1281.955624	14.35013486
3136	7484	2917.341537	34.5675579
3142	6093	332.8778257	100
3143	11486	1289.141165	92
3145	6796	1242.885749	51
3147	26883	886.8716975	95
3148	7887	569.4136265	112
3152	24618	605.0401787	84
3154	21661	2123.469493	55
3161	15706	692.0866688	120
3166	8115	517.3392341	99
3168	67	367.8887179	174
3172	3427	1076.813314	89
3174	10112	488.3757927	125
3177	1846	2985.054286	69
3181	21007	1936.385051	44.02173913
3182	24915	284.4572815	114
3188	23517	1761.373097	35.33572585
3189	26337	1434.394432	28.36356641
3194	15195	1694.954988	65
3200	743	884.5434351	123
3203	4282	576.1839689	116
3204	23156	376.7067652	141
3215	59	1046.459579	80
3216	1878	205.5539975	201
3220	17619	2248.146655	40.31678793
3223	9814	1272.851077	76
3228	3778	1388.115592	117
3229	2271	371.2482861	185
3240	8502	294.6593864	83
3244	4883	484.8989482	121
3245	10992	1254.107689	83
3247	7707	460.1306833	54
3255	11965	592.3576247	133
3255	18733	608.4022675	124
3255	25427	621.6485331	128
3258	16684	1916.810007	68
3261	26658	753.3752891	104
3267	2675	314.0947588	79
3269	23185	1197.603123	94
3270	624	840.7148623	81
3270	24929	849.2415398	80
3271	4091	1436.869448	44.02173913
3275	2235	3336.625072	54
3277	5212	185.0137491	273
3278	448	4126.865377	63
3285	3669	788.5879199	123
3286	26101	942.4170347	80
3287	7428	427.9090353	156
3291	26818	628.6526341	79
3296	17390	941.640666	100
3296	22514	907.2819924	100
3296	22931	1037.550798	89
3299	8462	1167.823987	142
3300	13295	1058.763467	117
3301	18268	3258.436847	48
3310	19805	946.1386869	106
3310	22626	955.9896554	115
3314	5211	562.0358122	112
3314	17967	591.4614576	117
3316	5643	2051.478566	77
3317	12434	879.4289647	64
3318	4067	1467.763156	54
3319	904	924.7379345	22.27216015
3319	2348	752.8992129	15.32822746
3319	5660	922.6270793	23.79021103
3319	6284	924.7379345	22.27216015
3319	9853	924.7379345	22.27216015
3319	15885	938.4809316	20.85097594
3319	16567	889.7550422	24.31888239
3319	19250	659.7596047	21.31433096
3319	22832	928.5360253	22.76709704
3319	27923	924.7379345	22.27216015
3321	23125	2866.559532	31.65828812
3324	1040	2559.89241	36.1209642
3324	18986	2504.186837	39.44033602
3325	22059	279.0193551	114
3334	13135	325.1443073	70
3337	15698	830.9479978	81
3337	18897	915.8772965	75
3339	16691	2283.943582	95
3342	4522	306.4672583	148
3343	2560	896.7978105	46
3344	4767	248.4282055	205
3344	14542	287.6220857	191
3344	17330	265.9072926	206
3344	18516	255.4537826	222
3344	23743	265.555306	197
3344	25589	208.7853505	230
3344	27271	285.6699002	203
3351	16127	629.1950554	133
3355	12485	584.1276182	102
3360	4571	253.6014984	150
3364	12366	600.0971518	75
3367	8983	194.8789671	286
3368	1565	1641.427273	79
3368	5783	1666.189471	79
3368	17959	1725.794015	78
3368	22618	1690.922828	71
3375	25957	625.337006	141
3378	23485	910.4328332	137
3387	17490	615.5033208	41.21271655
3388	20503	320.6145124	90
3393	20270	5269.609522	36.92365229
3394	6756	572.6874875	95
3395	27609	486.3695961	143
3396	4289	1743.11123	38.58293741
3398	5969	404.0675222	149
3400	18507	1187.805771	59
3401	11771	194.2176216	200
3402	14912	534.2519462	141
3402	21604	513.096944	138
3402	24585	498.2918189	140
3402	25664	508.5947444	140
3402	26788	526.9561105	135
3404	2812	326.27695	124
3408	1095	1121.284411	159
3411	21151	800.6129859	81
3418	5905	974.9450651	111
3418	15309	912.6857407	112
3420	2523	699.0025521	162
3423	6403	315.2139272	177
3423	19812	269.9684869	179
3423	25437	313.6882732	170
3424	13451	278.9476531	182
3432	25492	778.7307702	148
3434	1011	393.399259	74
3437	10133	693.1406771	41.21271655
3441	1692	1861.203723	71
3441	7133	1709.017959	74
3443	19350	888.5952028	121
3449	10310	203.5180529	238
3453	13242	190.6188807	135
3453	25786	248.0006698	123
3458	25444	1549.28641	33.08095687
3462	9159	638.1595919	96
3465	19005	1330.214727	50
3471	16972	3088.305109	46
3477	26627	377.5484329	157
3479	15528	1802.034784	76
3481	3433	2566.487437	56
3486	6718	1919.64653	85
3487	17107	296.6061157	97
3488	23759	221.7531773	160
3493	25270	834.5198741	93
3497	6049	4921.076831	53
3498	17428	263.2162927	184
3499	5421	730.2221878	122
3499	8811	671.3893478	115
3499	17442	720.3396829	119
3500	23767	299.044996	122
3503	26267	634.8473591	84
3505	2370	683.0160747	98
3514	6911	194.6814586	174
3516	28198	2217.427496	111
3523	23777	286.3601328	122
3528	12566	828.8238577	117
3557	12915	439.1927322	152
3564	11626	490.3918996	67
3566	11582	566.3318969	158
3571	3102	441.6559064	146
3571	13696	411.4476425	144
3573	16006	358.832299	127
3576	15973	325.27856	135
3581	6537	493.0313878	78
3583	22687	516.3873613	101
3588	6397	911.8884531	74
3590	10315	1011.922516	76
3592	7111	1405.190908	92
3592	21666	1104.840182	96
3592	24512	1115.295815	96
3599	1672	877.5869749	89
3602	23453	918.7565389	66
3607	15694	496.8721134	95
3609	2952	2555.655514	63
3610	6132	1547.180133	62
3617	19939	841.8429177	99
3624	2378	453.1037274	109
3628	23574	1345.62727	87
3629	14335	2646.386887	39.44033602
3632	27122	9156.257234	64
3640	25211	2296.414639	46
3645	19794	775.2798881	93
3655	11538	520.2072698	84
3661	4454	1237.442733	82
3662	13145	4853.335385	25.97643606
3668	26519	558.0167222	167
3674	339	542.9545588	103
3678	11493	551.4614992	83
3682	8061	3854.978287	10.78367647
3682	14828	3830.289551	11.51868239
3682	16378	3932.280851	10.0955712
3682	23778	3830.422096	11.02331373
3684	23783	652.6601093	126
3686	10889	1960.549217	104
3694	26300	804.1102151	100
3701	16607	279.5093205	266
3702	12507	1086.531188	45
3706	12869	622.5837178	76
3708	26645	593.9384514	54
3711	27152	1224.05735	45
3712	9407	558.0686014	106
3713	12942	679.470779	101
3713	23863	614.9643267	106
3715	5768	767.6289775	130
3715	13014	781.8272651	141
3715	19954	855.8876719	122
3715	26503	731.1005796	142
3718	10920	967.3044189	36.92365229
3718	27957	904.6233429	36.1209642
3726	28222	569.377495	115
3732	13202	1644.097855	68
3735	3986	377.4165649	129
3744	19366	240.0156347	200
3751	6970	1059.301076	36.1209642
3751	9802	976.5577028	42.1285547
3753	16209	325.2326996	91
3753	23097	303.7251389	74
3759	24821	605.7055906	118
3762	2999	1867.601241	95
3766	24937	1231.361282	102
3772	27086	393.9100561	105
3773	14877	1201.122816	78
3778	11283	616.2450414	108
3779	23133	2235.107953	54
3780	1608	1115.40995	83
3782	2869	287.0422803	110
3782	13675	263.0973752	130
3787	16366	1098.80438	111
3789	14870	1245.009854	80
3792	4262	1634.244936	62
3801	17399	1731.681413	36.92365229
3802	2017	381.2912227	137
3802	2426	372.901542	129
3802	3834	376.8797958	136
3802	12410	370.7313197	147
3802	13086	367.7659293	137
3802	15940	359.2417764	145
3802	21763	345.9697401	147
3802	22324	318.5750251	142
3802	26730	364.1854377	147
3817	9544	3208.837818	45
3818	25915	3161.18798	86
3819	4885	506.3255478	177
3820	655	1002.839564	78
3820	8201	1000.894443	79
3821	9800	1014.785492	99
3823	24934	2355.215887	79
3839	6589	272.0627069	141
3844	15304	886.2073585	147
3846	6646	7164.335266	67
3856	8684	828.6100414	117
3856	19755	850.9702756	131
3857	2187	627.6152179	157
3859	1989	834.7084996	83
3864	1753	424.6279191	151
3881	11285	2364.928453	61
3882	15698	899.7980078	83
3882	18897	999.4369	66
3887	12261	336.0949187	154
3887	26971	388.9888493	144
3887	27723	325.4611476	147
3889	2072	534.600967	96
3890	13720	714.1817234	117
3900	1017	368.7933511	189
3905	7369	903.3412697	81
3910	24516	222.2887253	202
3912	9444	455.5485512	121
3922	20262	972.2950736	120
3923	22599	374.1220305	98
3925	10629	345.6786492	145
3928	4901	1308.176123	100
3928	17310	1110.928432	106
3928	20955	1318.021109	100
3928	21691	1313.686788	100
3931	1048	1928.627728	36.1209642
3934	26147	1146.66752	55
3951	28040	1042.324239	33.81608925
3953	18297	4108.600624	74
3954	18565	2848.887489	17.48895434
3960	20462	2820.702234	55
3966	27456	1896.385911	67
3977	7922	773.8559748	53
3986	3877	1422.316026	20.39769385
3987	12587	1505.523958	75
3990	9001	388.6163652	48
3991	3316	1982.596077	106
3994	1479	627.4580722	107
3995	15311	3688.337501	78
3996	17257	186.7044144	236
3996	21111	196.5536708	238
3999	20524	338.3820357	59
4001	15271	258.5336172	182
4002	7924	1837.697278	82
4005	13076	1649.478607	73
4012	2929	1521.430014	64
4014	4368	829.065884	53
4015	21806	942.1143276	91
4016	13225	1280.597541	97
4017	17344	712.0559584	112
4018	5286	267.3738503	116
4018	6352	211.0460814	138
4018	12419	291.5268328	128
4021	23848	1636.683164	60
4022	18849	1251.507929	61
4023	5047	696.3417357	84
4025	13310	774.5868725	98
4030	19099	3718.206696	63
4040	16933	259.4991501	124
4041	21811	1573.876449	117
4042	5857	528.1969521	132
4047	27495	1352.66256	90
4054	16278	240.5256065	137
4054	16416	187.6258387	141
4054	26057	234.6379479	137
4060	917	2927.990477	51
4061	16407	424.4080798	138
4068	20429	2515.026024	101
4069	9886	1155.337793	126
4072	18785	436.0857924	76
4073	17827	961.6827122	122
4085	27958	1084.029111	66
4086	22384	193.9712873	294
4087	18393	2982.416147	26.5536902
4090	24991	309.0021761	115
4096	24910	184.8054891	269
4100	781	1777.351157	82
4106	5743	2227.074596	53
4108	9930	209.9009973	167
4123	8759	455.5117401	83
4123	21069	568.5264596	82
4125	18926	335.579244	75
4151	13131	1356.246456	75
4157	13882	293.8759805	163
4162	13622	208.663631	189
4162	25085	194.9320913	194
4164	18398	1153.994355	46
4171	22416	811.5711058	55
4174	12839	220.4018671	168
4175	11465	466.1455551	89
4181	4736	1363.370605	78
4184	11275	371.0719198	162
4185	185	207.1386265	261
4186	6902	370.5252052	125
4191	7362	1171.408181	66
4191	11507	1180.877664	66
4198	12540	1289.717518	94
4206	11829	254.3940321	146
4207	7151	402.8800344	126
4214	22271	373.5392029	89
4225	26341	777.3825868	41.21271655
4232	11515	339.795764	156
4236	26685	518.21123	155
4238	21390	976.9707105	106
4242	21440	2250.076911	108
4246	24731	310.3008012	174
4249	27902	681.9007478	39.44033602
4251	25760	207.0661883	309
4253	2981	1041.00141	69
4253	15658	1213.426389	62
4253	21408	1234.411148	62
4255	26185	509.8172985	136
4262	24646	562.5749598	105
4266	19305	2927.809219	82
4279	1936	286.8930939	147
4280	10955	801.211536	81
4282	19338	2484.323813	94
4290	17924	285.9415035	146
4290	24051	280.3125014	165
4292	6874	710.3902881	111
4293	6007	365.2952566	131
4293	22140	299.2651139	155
4293	22374	231.1599649	126
4293	25681	275.5690207	113
4294	24622	2187.726511	132
4295	12451	1712.948032	63
4296	7481	1272.20381	85
4299	1664	2786.368528	108
4301	4982	962.5576294	86
4303	7567	1146.506141	91
4304	2388	1372.373494	75
4310	14123	1569.893514	38.58293741
4311	9370	941.6109273	45
4312	5197	1472.880183	52
4319	27141	1060.888299	58
4321	1957	986.1290727	105
4333	3774	1233.994853	28.99386789
4334	3771	913.6491874	111
4336	23889	953.5817955	65
4340	13586	377.4530101	143
4341	21310	2439.266695	47
4347	12930	1572.467428	47
4348	1098	1110.160213	103
4349	21172	3687.241425	34.5675579
4357	28264	1716.793882	55
4360	1391	3135.051373	28.99386789
4377	14284	937.3490493	43.0647448
4383	10606	1878.682783	48
4383	16462	2279.973703	44.02173913
4385	7699	335.8478852	132
4385	10341	308.7727086	132
4385	15689	351.8283293	129
4385	25845	301.380944	128
4386	2287	2463.537165	53
4386	27525	2470.096866	49
4391	11347	690.3314192	87
4393	7443	368.6557543	110
4393	7565	355.0687156	119
4393	16061	354.0229214	106
4393	22299	299.1490513	122
4402	3012	1168.857464	88
4407	515	401.1238201	115
4415	7898	280.4048034	170
4417	7111	1456.501384	87
4417	21666	1214.086655	82
4417	24512	1106.077101	92
4419	13048	1297.708702	97
4423	20486	236.3093016	119
4429	15458	325.4442928	173
4435	6448	1466.804805	42.1285547
4441	12813	675.8171102	175
4446	22755	235.2765821	170
4458	8165	229.8147517	117
4463	2613	812.7862161	60
4465	17611	1416.536866	86
4467	18541	777.0297294	64
4473	2532	763.8309963	22.27216015
4474	5530	2891.474508	74
4475	17741	2072.887415	62
4476	13308	944.3429056	44.02173913
4483	6524	1921.0345	63
4485	17685	565.6378499	68
4486	2834	772.6724263	56
4493	1812	2587.835633	83
4495	23771	1453.198393	48
4501	11603	200.252301	185
4511	27691	217.3884582	139
4512	26036	201.4166951	193
4512	27840	314.0304275	200
4516	17812	206.3519892	236
4524	24835	680.6697477	115
4537	6677	765.3109522	91
4547	8073	490.1461922	168
4551	2067	1044.301191	123
4551	4007	1031.628511	122
4556	21850	375.3372051	85
4559	18979	618.193157	52
4567	22203	2166.164177	123
4570	21347	871.1411105	117
4577	1565	1824.006696	77
4577	5783	1909.872329	74
4577	17959	1803.673245	77
4577	22618	1797.846746	70
4580	22544	189.3745283	117
4583	7899	1550.32056	108
4587	15660	324.5379997	100
4598	2198	352.0238032	104
4606	27609	481.7158243	145
4608	24645	425.1448615	135
4618	16370	248.5613941	182
4619	18201	709.7515285	73
4625	8295	432.3283322	65
4628	26856	1060.543825	62
4631	10793	402.4514683	93
4636	5513	556.4131082	121
4651	7432	451.5754974	122
4652	24914	1038.261164	124
4652	26145	1168.704404	119
4653	1954	1715.864384	126
4659	9326	3306.17207	39.44033602
4660	13499	760.9664623	141
4666	25672	316.1993479	160
4674	1163	217.4469925	162
4674	7255	204.1449254	176
4675	9513	685.0629897	123
4676	24140	1209.836242	67
4677	9454	824.4275904	142
4677	23776	827.3435263	141
4684	18888	695.5871644	132
4686	23627	318.9708775	98
4691	23500	210.6708516	122
4694	7926	1790.095973	112
4705	8871	2048.969224	108
4705	17167	2402.680861	103
4706	559	651.678668	46
4707	27555	1124.545313	25.41173093
4716	6903	404.5543286	185
4719	5548	1288.883853	22.27216015
4719	27636	997.6015898	23.27303253
4722	17003	1005.730617	134
4725	7	1238.064998	115
4726	22590	5627.941023	24.31888239
4727	26627	404.2524943	160
4730	17232	263.607284	318
4747	26841	574.8672762	78
4751	222	452.9832578	88
4752	11473	9173.869915	65
4761	10994	1284.938594	63
4771	9232	2667.977543	46
4774	20713	307.5936892	138
4776	13180	268.5929	146
4779	26624	2490.2303	72
4782	17987	188.0167282	162
4792	26997	1810.297055	64
4795	1227	3835.931634	71
4800	21204	2189.217753	52
4805	1700	770.8656087	67
4809	19180	222.8503033	110
4810	26383	1887.84044	72
4811	8047	2868.009442	39.44033602
4814	20138	1369.452422	65
4817	12874	2921.056105	36.92365229
4818	5385	268.8841176	121
4821	27460	185.4770353	296
4826	30	274.6483731	162
4826	14796	294.3587326	162
4826	15704	324.7071491	163
4828	23854	385.0377338	93
4834	26627	462.362598	150
4838	3301	1131.251487	111
4841	8642	4744.623583	53
4842	14092	295.4079411	150
4844	25556	1614.228284	67
4847	2955	2531.830182	37.7441779
4847	3084	2369.736495	41.21271655
4849	15737	445.7586526	113
4851	2570	540.6920031	152
4858	12722	1355.323577	52
4859	12636	833.8406749	32.36180563
4870	27590	491.0812463	107
4873	16175	963.6831329	44.02173913
4882	14442	263.0945087	132
4886	19456	3027.682715	69
4908	17582	1792.113719	97
4912	11152	1380.694405	46
4919	26912	2802.806765	30.2968022
4933	12726	333.3564256	136
4933	16628	289.6553189	150
4933	28331	283.0226795	150
4934	15889	1035.229803	65
4935	6705	452.2001151	147
4938	17154	233.9604833	192
4938	26227	216.1849662	199
4939	8329	629.2855409	140
4940	1071	545.6077376	126
4944	5570	3722.267961	24.859302
4950	16141	3078.855315	35.33572585
4952	12261	313.5989772	150
4952	26971	381.4581693	136
4952	27723	307.5548888	155
4957	12107	212.3743907	191
4958	22298	2172.070537	119
4961	15150	939.7188739	55
4963	25373	2888.728378	53
4964	8423	1679.832654	13.1424009
4966	26605	828.4424098	106
4969	1267	696.7781921	132
4969	17415	671.1739844	125
4980	27609	483.1730055	142
4981	19727	233.7613707	196
4982	12631	209.083878	137
4984	6412	539.2489868	114
4989	20384	1288.949566	54
4994	901	529.2423195	90
5000	19876	213.0525987	138
5007	10003	2966.481967	55
5027	5249	2023.447735	84
5030	25593	254.5235477	206
5035	14315	4080.935971	83
5036	11020	994.9085569	100
5037	22904	223.5067699	203
5037	24154	248.0783682	194
5044	8481	993.5081963	84
5045	24817	334.7516515	124
5048	15203	6149.763214	30.97006447
5052	7601	1830.919095	61
5053	19706	1060.188072	116
5054	18617	1147.103811	50
5059	6690	261.1922157	170
5059	9731	312.1567555	178
5059	17082	246.4399653	164
5060	16696	1054.981635	71
5063	4502	566.1386595	107
5063	6282	432.8991148	119
5063	6314	447.4676222	121
5067	1489	340.6197515	103
5067	20583	366.768621	106
5070	15487	800.7667651	105
5074	9711	237.3714468	127
5079	255	309.1467568	121
5084	17149	537.2321572	156
5086	7604	471.3624275	158
5087	14173	275.3310506	124
5089	10166	209.044015	290
5091	11802	1118.498867	53
5092	15083	455.6175122	102
5093	648	581.9131543	131
5093	26620	578.957151	131
5107	12143	824.4771199	69
5108	28108	306.4073794	136
5112	24483	585.9932216	57
5116	5959	283.6964541	78
5118	9452	290.4831295	161
5119	5963	2401.583286	77
5122	26007	586.9107628	97
5123	11061	1952.84346	63
5130	3751	1101.985381	100
5132	16285	636.5775355	81
5137	22264	1718.950165	86
5147	17528	708.6180208	104
5148	27213	2635.969208	69
5149	17245	3383.649269	69
5152	7044	263.5260853	148
5154	18194	648.8041712	78
5157	16648	259.3428936	147
5157	20005	259.7135382	139
5159	10750	656.3855471	86
5161	25180	482.1032884	156
5177	19506	522.6939991	96
5181	11277	395.053569	127
5189	40	3314.528644	59
5191	18761	1086.305772	96
5192	12081	196.9309161	211
5196	26803	1155.435878	65
5203	3296	960.9385806	102
5208	4393	398.5328761	97
5212	25646	413.8919939	48
5219	3043	512.6260761	110
5221	15304	719.2922362	156
5222	14398	2789.238367	81
5223	14344	831.6102811	89
5231	12888	214.0569037	232
5233	10535	845.1991101	120
5234	27544	345.5600131	119
5236	14314	207.2024894	204
5237	14146	287.5640999	97
5242	25333	449.9697633	178
5245	3104	1519.496029	11.26827626
5249	14997	1703.59349	151
5251	21367	702.4371884	88
5254	15997	489.4278134	113
5254	21509	484.995827	111
5256	2355	1121.077127	5.221212378
5256	11840	1155.10314	4.099896205
5256	27587	1136.927443	5.107707762
5257	20031	1014.852934	43.0647448
5263	2324	432.5132492	78
5264	3165	1796.915899	116
5266	7750	1759.031798	90
5269	13018	373.6481145	114
5272	7108	410.7462894	123
5272	27296	430.1128774	121
5275	26603	1355.591042	115
5282	28184	2925.820295	51
5284	10743	621.47526	82
5289	4231	3459.321414	90
5292	2641	522.7836007	117
5296	20431	662.5272214	91
5299	5321	1315.778627	62
5300	18918	1029.662617	135
5305	23054	1761.136583	51
5312	9316	263.1114458	191
5314	4502	446.9600197	129
5314	6282	421.5780944	134
5314	6314	391.683415	141
5318	26261	833.9584141	62
5319	20521	1130.894188	61
5323	23648	1351.468728	49
5324	19578	3083.04759	35.33572585
5331	15089	3377.481057	74
5335	20181	704.376619	113
5335	20974	704.7132676	114
5336	15923	603.7843067	118
5337	25138	840.9331129	85
5339	14632	939.4301107	82
5344	9239	624.2771395	73
5345	22113	499.1971404	80
5354	28075	2013.187943	57
5355	12790	787.2308159	100
5355	25673	833.9175898	99
5360	17916	410.8338656	65
5366	15773	740.5091434	105
5367	13533	303.0595265	91
5369	5847	1958.448735	104
5373	26840	1097.097709	43.0647448
5377	9952	1503.08538	148
5378	752	906.3614363	122
5378	2359	888.3348708	130
5378	4949	880.2712571	132
5378	14731	808.1282492	135
5378	19444	975.8757233	126
5378	25153	783.5730548	119
5378	26900	980.6490618	124
5382	19025	964.9494901	56
5382	20544	968.8558191	59
5382	27451	981.9075104	55
5383	12246	820.2214837	57
5387	9569	535.2797594	93
5388	15033	269.3560173	86
5394	15509	1233.067847	29.63817606
5398	14387	484.0114318	130
5399	25432	1247.613833	118
5401	3889	483.3363321	82
5401	18072	793.8120385	64
5406	27928	324.2268981	125
5408	17917	1303.369696	63
5409	14912	824.6537919	110
5409	21604	707.7135906	122
5409	24585	619.9193443	125
5409	25664	846.3388247	105
5409	26788	695.9059135	124
5414	19925	409.0943762	117
5420	7292	225.4696032	209
5424	26584	353.2254944	135
5430	23016	1751.731708	33.81608925
5436	4070	456.0465958	40.31678793
5445	10213	1509.089882	60
5446	4502	546.8770074	104
5446	6282	453.0829637	111
5446	6314	409.2111908	124
5449	13062	4073.037257	76
5454	2594	197.0792678	175
5456	15092	1568.163551	51
5468	24582	730.6988903	82
5473	15681	5337.023549	55
5479	240	1501.440799	46
5494	15854	265.9705406	164
5501	4430	577.0142812	86
5501	24858	559.9665014	90
5502	21385	4268.782955	91
5510	19627	1435.578348	140
5512	23660	610.0963628	112
5514	1754	577.1255276	106
5521	23131	469.8875822	127
5524	1767	518.192747	135
5527	1158	202.5001084	134
5532	9206	611.7695143	62
5536	22527	1035.240288	110
5538	24626	751.7755676	100
5541	18851	1459.010521	78
5546	25095	997.3738784	99
5548	5050	1012.216493	48
5549	24299	216.3551236	129
5551	2904	284.898125	133
5551	4000	334.7176345	126
5551	8834	334.4706315	127
5551	20542	314.550568	134
5557	23897	1542.707759	20.39769385
5560	34	1822.842327	52
5567	9724	1867.668496	51
5576	3553	2725.59677	81
5579	16705	1152.805801	66
5583	23903	319.4842393	109
5583	24714	228.3632795	133
5586	26627	311.5279279	164
5588	23582	668.9612508	95
5591	23481	892.0851226	80
5592	24632	565.3341514	58
5598	7344	563.3239812	133
5604	7636	398.1236619	112
5610	23897	1652.675539	17.10875968
5617	11001	195.9277997	116
5618	3133	674.7775895	102
5619	2769	580.3444533	67
5626	23127	3222.451161	65
5632	14794	952.2053235	150
5635	22371	403.696339	176
5637	24155	2639.391028	41.21271655
5640	12083	737.93845	116
5640	24381	689.8580549	111
5640	26302	758.5522083	113
5640	27316	753.1941184	124
5640	27893	799.0099796	116
5641	4613	1073.719194	105
5643	8388	2320.754053	60
5643	12764	2707.022332	55
5646	20880	3820.115778	77
5649	10050	2044.83788	67
5650	13011	1254.644028	72
5652	20866	754.2203545	72
5653	3110	733.3127781	101
5654	3697	481.2745688	42.1285547
5665	10828	664.4725482	76
5667	8563	1719.192409	74
5669	20791	844.5337884	103
5670	9388	1080.229008	124
5674	27643	854.8233405	102
5679	19294	561.4723888	116
5681	21152	685.6607846	68
5682	12549	274.0724283	240
5688	25899	329.3950917	149
5689	2246	425.7135116	138
5690	22309	785.1322971	105
5691	3844	2014.507593	52
5695	26745	2825.802069	29.63817606
5696	5908	3441.322111	25.97643606
5697	5765	1008.1021	114
5701	7663	454.1635892	110
5705	22461	2855.322272	84
5706	14924	1186.124033	88
5708	20619	1830.070645	43.0647448
5709	6960	1586.077406	92
5712	7485	368.1539671	183
5714	6693	441.9323476	143
5717	10480	622.6448656	74
5721	17325	1384.149438	68
5733	15725	1712.77344	58
5735	1130	375.5221831	168
5736	11425	996.7165454	109
5741	3059	1505.528036	105
5742	19791	196.2028356	181
5746	17852	358.5750362	135
5747	12603	3070.663152	31.65828812
5747	18724	3265.882876	28.99386789
5754	3394	320.0607431	85
5755	19649	1510.141729	61
5759	22498	3000.63065	46
5762	5841	4125.508658	33.81608925
5767	16748	1651.952408	52
5769	246	1559.255662	89
5769	13829	1532.534786	90
5774	7275	1074.556912	109
5776	6753	2038.31071	123
5796	17151	869.3919278	62
5801	17432	3581.638304	108
5802	7052	2978.567051	85
5807	7453	230.6523905	178
5812	11522	2384.470623	72
5812	23103	2497.919096	73
5823	4131	1851.621658	75
5830	5906	815.3008245	65
5832	21770	305.661679	119
5834	28387	563.2688522	96
5837	14591	4781.505792	55
5839	26627	404.5025105	160
5844	20449	338.8013964	76
5845	9210	450.2027235	137
5863	27256	1461.36981	68
5866	214	1329.339731	133
5866	14088	1343.985913	133
5872	14845	634.6301733	121
5873	25373	2761.749548	56
5875	8904	321.1353844	114
5880	28189	350.1714335	87
5886	11574	414.7877693	169
5887	25271	812.0894528	186
5892	1365	591.1092666	36.1209642
5895	16948	1162.266886	117
5895	23182	1187.099072	108
5899	10094	555.8585875	44.02173913
5899	25771	566.4595066	42.1285547
5904	3067	878.2532007	65
5907	15482	621.4924312	49
5919	15154	882.9752191	43.0647448
5924	18030	457.9520138	133
5929	19988	1084.528612	44.02173913
5931	7729	203.7925496	122
5935	4229	608.5847939	96
5942	8361	1172.905972	76
5951	16657	1842.02869	103
5951	23816	1464.757575	112
5954	21467	193.9627688	236
5964	18896	817.4224832	49
5967	10247	340.0222387	153
5968	28332	2289.399091	115
5970	18188	4048.690995	54
5978	12311	303.8809439	130
5979	28022	2342.484538	48
5982	8343	1068.185706	85
5983	3675	487.8972027	64
5984	15328	3725.984044	67
5985	1572	582.0338131	96
5989	14900	3402.473657	54
5991	19109	958.9334387	57
5992	11873	824.7564233	71
5997	8118	493.9455085	208
6003	1337	463.8394245	175
6003	2842	393.976659	171
6003	19768	397.6240396	173
6003	24969	377.9076785	176
6011	4767	245.5691162	210
6011	14542	210.7741021	209
6011	17330	234.4367822	201
6011	18516	286.4350933	192
6011	23743	235.6210825	203
6011	25589	293.5858045	194
6011	27271	265.7853347	193
6020	16591	903.7291767	94
6022	7573	814.0847201	96
6024	24270	5068.057852	59
6026	8164	255.7296594	160
6026	19636	308.0474821	154
6033	15787	416.5289843	77
6041	10264	724.8369277	115
6048	19731	4719.593111	39.44033602
6054	11583	1394.652042	90
6056	16912	667.6073895	67
6062	20012	3922.448573	44.02173913
6066	6839	866.4094821	47
6066	8341	698.0021189	51
6068	26627	417.7423093	152
6071	14666	734.3858008	141
6073	7884	763.1973818	104
6083	23161	221.1916802	298
6086	28357	1794.029795	86
6087	4854	817.4627478	86
6092	25103	726.4083533	74
6094	10641	2677.224555	66
6102	6269	737.0179802	69
6106	17233	911.6185721	95
6113	1314	414.5219634	141
6122	6635	2774.958868	40.31678793
6125	1125	380.3111067	156
6125	10688	418.7725368	168
6127	15279	762.4155191	74
6129	1692	1966.818322	67
6129	7133	1736.834039	78
6133	159	1509.592449	21.78798276
6133	14495	1470.471124	23.27303253
6137	7543	316.2717948	143
6147	5068	1145.536019	47
6151	8466	2682.003009	76
6153	10611	816.0446288	42.1285547
6153	19828	838.7689234	47
6153	23634	835.4859163	47
6157	2509	1016.07046	94
6157	11336	1080.274626	86
6157	16630	998.3981282	95
6157	17302	1127.767005	85
6158	299	544.7644875	90
6158	4300	561.4686399	83
6159	10964	995.4785808	152
6161	20824	1181.920382	25.97643606
6169	12598	2473.006269	52
6180	5414	991.0207974	57
6181	23535	4284.316586	54
6182	421	243.897617	253
6182	2887	261.110585	261
6182	9415	271.0032674	251
6187	28305	746.2588302	95
6189	2794	681.3567516	98
6190	8533	1204.83734	34.5675579
6192	8690	1296.549604	103
6196	557	1085.586534	80
6199	11764	933.2615007	89
6203	23150	4175.024961	36.1209642
6205	7247	254.684293	190
6213	9055	2616.396293	62
6214	6144	2327.078924	147
6215	20352	1110.85418	97
6223	6938	499.9435517	128
6226	19146	1468.372512	67
6227	15370	1103.374781	45
6230	15129	1471.052563	90
6235	10645	658.7376811	70
6240	8949	450.3837098	163
6242	15343	1419.163746	86
