2	2268	688.4372586	116
12	109	302.2779656	158
24	9749	201.2090527	163
77	16448	201.8288795	190
80	17487	544.3877459	92
101	19195	196.6256239	193
108	10308	447.447255	98
121	16686	1365.229651	89
123	6341	334.1337294	116
184	15884	554.1149913	142
184	17964	674.3886816	143
198	17286	609.4064633	148
198	19768	650.2573556	142
210	2479	614.5133278	119
210	13999	573.1142795	130
210	14739	707.6735755	121
229	8120	1371.644947	95
243	6097	1931.208101	53
250	20046	392.2373244	112
260	9049	349.9896148	126
278	160	630.1959826	67
286	4026	850.2174589	55
300	6626	294.738063	109
309	333	781.5905415	126
310	13078	395.369545	104
336	7521	2769.565266	74
343	14867	455.0491399	176
349	10530	2370.020922	64
353	12852	1535.546961	76
372	4641	3014.200548	23.79021103
378	15028	187.7244307	203
382	10978	642.0675662	122
398	1126	879.8479239	86
398	6930	744.8590817	100
410	18900	293.7306914	131
414	5447	938.0462711	101
417	7322	1148.751457	81
427	4771	607.8222278	100
434	15563	278.8359402	152
455	15141	674.4535079	98
470	16747	209.3074575	94
490	7428	742.5565528	114
490	9086	790.98626	109
501	6777	1479.618217	60
501	11216	1628.082803	64
525	13628	829.5245531	75
529	2425	396.6794811	161
545	11320	569.4865329	110
554	9190	877.9420491	86
554	11687	818.4498974	81
554	14775	799.3689942	94
560	15484	875.4490027	76
562	1526	558.5550925	76
563	4812	376.249514	140
563	15307	452.0587273	142
571	18662	557.8718825	108
585	268	937.0032569	72
593	10765	424.2608873	95
599	4938	1250.01786	102
627	1800	912.8053318	128
627	11668	907.4141448	123
638	9249	4064.819235	75
642	3439	262.3559551	172
644	4151	1948.391642	76
668	5140	748.9303405	112
670	14394	865.3108865	129
676	14482	523.7606032	93
690	13388	195.1496411	129
693	20285	288.0467373	114
714	18106	474.0156665	131
721	12768	204.3500549	181
723	10299	267.5652724	137
725	15460	485.6546396	136
725	16992	311.7084239	146
737	15860	2608.013772	54
740	8654	1026.658899	98
755	1498	226.610631	255
755	9916	212.1840916	253
755	18588	210.5524522	236
775	14571	191.6350136	161
778	5504	1263.051513	91
780	2394	458.8487411	100
788	10765	490.7526565	76
820	11675	306.5494739	156
822	18555	259.8665375	159
828	17706	605.3568256	92
834	6858	787.6894422	116
834	19770	973.0714532	102
842	9180	405.3406232	99
856	20444	1248.548471	107
860	18031	1327.818586	99
861	6943	480.8977167	127
872	9070	489.518412	65
877	1295	492.9447521	73
877	3314	563.2997006	70
877	16085	509.9293418	70
899	13621	230.5702863	378
902	557	209.5120641	130
908	17535	262.0636212	156
911	11355	1106.693829	78
926	11786	2201.416079	86
959	7352	200.95192	137
962	7317	219.7483697	341
978	15779	754.4484788	131
979	859	573.8483454	106
979	7333	694.8572139	91
1019	8136	1322.688257	93
1019	15676	1247.292895	87
1022	13803	469.84457	130
1023	17920	266.89646	113
1023	18777	214.5576312	118
1026	4306	826.8872907	112
1047	9022	200.8137859	176
1060	15371	431.4983768	96
1070	228	1105.67219	55
1072	16321	724.2579612	102
1073	7768	2007.825837	129
1073	9609	1822.959426	128
1103	14808	232.4225093	178
1109	8725	1053.952322	76
1111	17575	1187.549581	78
1113	717	639.4529717	102
1113	2294	853.5423352	116
1121	11539	277.4633926	152
1123	19554	330.4080037	89
1125	13628	935.719424	66
1141	15627	183.7269566	133
1154	12721	772.0793647	132
1169	18374	476.9692105	96
1216	9278	787.3573402	166
1219	14480	648.973065	125
1222	2037	1211.179964	103
1229	7385	3732.365066	60
1230	9703	564.0225498	102
1235	17992	1841.717086	68
1239	16139	1073.014765	98
1304	16818	267.3280512	171
1308	13552	739.1083412	109
1343	1096	2204.47135	57
1348	2788	1647.748637	91
1360	8588	4327.48046	41.21271655
1375	14614	452.4820759	72
1381	6127	1905.004327	99
1389	18842	219.7022568	92
1417	15021	360.1289019	148
1419	5484	2235.714207	64
1426	14711	914.8510072	134
1446	5673	1301.261881	93
1456	11282	1015.603702	106
1458	14771	433.8684711	68
1480	15858	1030.134037	69
1491	6853	861.3534576	121
1491	9832	597.5308047	107
1491	14650	600.3110678	118
1491	19545	1049.62742	116
1505	3738	254.5017962	122
1518	13517	292.7504926	133
1518	16667	264.5436363	145
1526	12370	728.4673398	107
1528	13628	878.9392474	71
1537	10892	220.4224423	161
1547	8654	1291.090526	84
1564	8215	235.692818	121
1567	2296	284.951196	148
1577	14808	240.8977078	173
1594	10806	231.6712303	159
1597	125	247.0984332	101
1609	7577	200.465253	164
1638	4603	1819.169875	104
1638	5734	1875.251938	99
1653	3586	385.9710643	132
1653	6654	328.4651073	129
1653	7186	361.2099951	124
1653	14666	308.6369292	130
1653	16196	355.2219504	123
1692	4024	796.0118757	52
1714	3731	352.3584671	162
1764	3586	470.5303277	124
1764	6654	442.4780096	128
1764	7186	565.5753784	101
1764	14666	447.4762229	111
1764	16196	446.5632006	113
1783	12629	443.961922	63
1808	2756	357.5765222	101
1822	6357	767.8361397	154
1830	17092	833.0213552	110
1832	11152	970.741654	69
1845	5713	318.0746931	181
1845	15408	372.7110028	179
1848	5396	1236.622449	64
1848	9300	1218.843983	65
1848	18311	1242.694454	60
1850	2917	994.0265219	73
1862	15188	313.8414021	125
1867	15788	517.1038626	77
1907	16816	439.2108496	78
1907	16836	233.9207962	93
1910	1710	583.1206376	97
1926	17369	1509.161177	84
1943	8737	1127.298906	98
1958	2331	1615.364009	68
1963	9254	429.2363367	136
1970	13946	808.1024351	79
1973	9552	248.1729465	129
2000	14798	868.4365205	95
2004	17291	247.0502908	138
2004	18057	227.6236957	109
2007	13618	218.5247889	142
2013	1509	697.5578478	92
2013	19662	770.7590098	85
2017	7369	1140.843667	117
2045	23	532.6435205	132
2045	9297	574.412666	144
2045	16401	681.4887807	143
2047	9251	488.9099265	94
2061	6793	2680.698667	56
2066	4526	362.6733458	181
2068	14154	203.6977804	212
2092	16818	238.6467547	177
2093	3100	590.3935712	145
2093	3264	530.9539913	136
2093	5658	581.3382364	138
2135	17284	583.6417192	96
2139	15267	969.070064	103
2140	12823	1699.32244	75
2160	6122	1198.426388	87
2189	13695	481.2054992	141
2198	8488	409.3979003	97
2225	4742	1718.241149	83
2229	16818	324.9572128	163
2234	9077	1603.3032	104
2247	6128	478.9657899	131
2247	17852	340.7033776	129
2264	3347	229.3287586	169
2273	13758	187.9344344	153
2288	16448	246.7365399	176
2300	10234	417.5450385	126
2303	8999	712.237434	102
2315	16244	2298.712137	75
2322	17526	707.1875791	59
2342	12589	466.9579859	165
2349	10900	194.4946365	178
2361	3006	708.2600669	75
2374	11758	372.8159941	126
2397	333	882.6454654	113
2408	20194	348.9416595	153
2410	17159	398.4260685	132
2418	2745	331.3736222	124
2430	1211	1046.391659	51
2432	6743	585.0847477	112
2462	4705	536.9768922	96
2462	14894	609.6883416	86
2463	9362	2319.9789	97
2463	12140	1534.813525	96
2482	3168	1856.759022	95
2487	9727	525.5792733	115
2491	3817	267.2752377	122
2504	5163	205.082663	181
2525	7592	300.6523993	147
2534	16408	1358.515842	84
2540	12365	673.6980611	96
2546	1513	640.0352647	94
2546	8607	545.1347345	92
2566	1974	1209.866222	105
2570	16270	1216.124542	106
2604	1738	184.2228609	205
2604	12537	205.0399327	190
2634	17714	986.7881121	105
2653	13771	486.1488541	114
2667	5882	733.9845267	73
2676	4805	319.1034452	108
2680	6531	293.014975	207
2698	10234	370.5275131	129
2707	5270	240.5017017	157
2736	16146	753.8660251	139
2737	2426	187.3455153	161
2738	17671	190.852137	138
2751	4119	317.4920889	147
2770	19030	355.7049523	99
2814	17865	465.4740331	149
2834	10029	604.480059	122
2834	15418	507.5582657	120
2875	18084	2760.282836	66
2883	6540	432.0048079	135
2900	606	201.082823	145
2900	18364	206.1270029	137
2906	1440	747.8571673	115
2912	20432	963.1029949	86
2935	16994	701.769764	62
2952	20194	219.6598426	170
2965	3774	1364.381378	91
2999	14998	613.1452649	49
3038	12539	549.2763114	128
3042	13277	1267.683615	80
3049	10542	3094.877233	52
3052	3178	623.2950919	109
3055	13924	318.206195	157
3059	2012	1763.927812	70
3066	12226	1449.658155	67
3067	8663	230.6422789	164
3071	16906	1417.750392	68
3076	3934	833.9308402	87
3082	13989	707.0364756	110
