4	7000	1187.717959	105
5	11016	275.2110062	90
5	19216	264.4421813	85
5	20205	282.1665933	89
11	11984	1176.243287	34.5675579
52	3104	1557.491952	137
56	2279	1365.996298	103
56	3135	1396.328531	99
56	11084	1244.649381	109
56	12998	1173.382403	109
56	17317	1258.385474	104
56	17348	1219.888014	109
60	10550	440.2853289	140
66	4182	269.8365358	94
69	7747	281.7359248	161
69	13821	217.3793846	169
69	17503	243.513352	169
69	20130	262.8516041	168
72	15452	551.1209743	115
75	10763	274.4795254	151
75	13679	315.8763292	142
77	14992	933.5978211	114
77	15341	1109.774135	107
78	2800	208.8906668	208
78	18492	250.3859721	193
97	20528	368.4397097	187
100	6667	478.7405999	109
101	16807	4396.995779	38.58293741
101	19050	4411.837682	36.92365229
106	6208	3309.069786	30.97006447
107	16482	195.3775271	212
121	1649	923.3360564	103
133	16464	323.8051433	137
133	19690	422.9411613	124
136	250	1150.909764	198
136	3101	1343.147053	190
139	205	502.954504	108
144	15844	232.0778771	151
145	11403	3885.780033	67
147	9880	1575.438291	67
152	8269	655.3556498	103
175	12658	10262.59706	59
177	14661	1989.244216	98
187	20317	213.706502	187
189	508	303.1450088	262
192	6324	830.1795562	64
192	12664	858.4726201	61
194	14875	750.4007203	136
199	1488	1399.085501	116
199	8493	1264.357086	112
200	5365	6846.27178	85
202	17648	992.0857485	93
204	4556	482.4229732	130
207	701	4202.408236	53
212	3427	217.3172405	209
218	15415	597.1371564	144
231	12268	1600.125961	46
231	15336	1517.268941	48
236	1622	1053.495648	89
236	2477	934.7620078	95
236	2516	986.4722429	88
242	13466	1481.784615	97
248	20413	993.40562	149
270	15487	822.3987795	82
280	2750	1670.999016	43.0647448
280	14694	1731.943017	48
280	18362	1744.709657	41.21271655
282	3540	200.9480894	145
288	7457	1580.345941	122
299	1572	4123.108078	73
318	2173	209.6579767	146
321	14289	543.6478704	97
322	2015	268.988675	149
325	13231	604.5956988	137
329	382	1681.106006	65
332	12480	798.4925701	109
340	2783	2268.6745	102
346	8125	822.7694952	137
356	15392	880.505983	115
367	9925	396.1330323	167
369	14367	282.665465	174
370	1650	1954.678686	41.21271655
370	8402	1906.399445	42.1285547
384	11811	489.1649816	123
384	16748	436.6111676	130
387	9667	821.6463439	35.33572585
387	19506	864.4809779	33.08095687
395	7352	2697.96403	38.58293741
395	14870	2652.68472	39.44033602
395	15221	2715.011425	36.1209642
398	8465	2890.192403	37.7441779
398	15601	2889.876755	36.92365229
400	13284	2273.071659	50
413	2888	3018.313742	39.44033602
436	14436	1598.339585	73
438	11798	842.0853543	156
444	15135	406.1698223	162
444	16072	549.6910886	148
447	18336	2137.206354	53
450	5036	598.4929874	72
452	7617	835.349169	125
454	17005	4865.593607	51
455	10307	593.9236301	131
455	12687	498.8302754	131
458	16232	481.1434819	91
459	16978	311.7600204	207
460	6315	1211.476783	84
468	9630	749.8932745	100
471	6281	445.808373	104
481	3337	296.1702614	142
481	15550	665.0232914	135
483	7374	945.4956629	156
487	4929	494.1436841	140
491	12912	3483.084267	2.584170628
492	14013	859.7577131	99
493	13618	3097.227239	64
496	14216	1306.130747	110
497	3057	1106.673595	75
497	4796	1159.085114	74
503	1441	1514.759391	109
504	16078	472.1028412	100
508	8793	641.2859654	89
510	208	1103.772351	41.21271655
511	594	1522.123073	97
511	4445	1222.323652	105
511	5863	1317.722247	105
511	9234	1593.524032	90
511	12175	1607.248501	95
511	12549	1436.662791	98
511	13381	1344.153411	100
511	15359	1623.437793	92
515	14790	237.2938172	150
516	6547	1950.923348	83
517	9934	1009.190701	175
519	19343	864.4442073	46
520	5385	287.8581792	121
520	9622	244.784169	116
527	16908	311.676854	245
532	11167	2384.765074	85
534	2068	2516.137861	75
540	8418	1049.762731	121
540	13857	1246.182256	101
544	12541	1005.039043	80
546	18239	951.8239069	100
555	11678	4269.119458	83
559	5463	409.3004868	165
563	4303	1188.713042	96
563	12485	1140.978938	97
563	18951	1253.435335	92
565	594	1090.443361	115
565	4445	994.9065276	105
565	5863	1069.960817	112
565	9234	1156.670326	107
565	12175	1094.931741	111
565	12549	1138.135616	109
565	13381	1112.017432	108
565	15359	1106.909562	111
566	14291	2682.832853	63
569	2575	1016.591568	90
575	2688	963.8549831	98
576	8394	420.683843	191
576	11393	392.2193526	202
596	13566	1346.060393	6.363253428
598	6636	215.3411878	136
601	5899	183.0761116	164
602	12863	446.6626242	120
606	2954	2109.732131	72
609	5569	829.7305416	119
610	3061	2794.039668	31.65828812
612	2027	802.1702165	116
620	20069	1242.963827	91
621	13421	2007.782515	54
626	15703	306.2772737	138
628	1286	1903.477567	75
628	6924	1816.294598	77
628	12764	1889.149136	74
628	14411	1873.225406	79
631	5539	1123.590241	132
631	7085	870.3141407	138
631	10517	1161.873363	126
631	15794	1143.014768	133
631	19092	1123.590241	132
631	19647	971.3558422	138
635	13093	410.0296559	169
637	7682	504.0746642	87
637	17202	457.4358875	92
645	15072	874.2640105	86
649	16781	452.5340797	129
650	11961	206.866015	186
651	11046	2146.281123	62
653	4333	435.9825085	140
660	11861	1231.35368	67
661	6833	378.1490072	125
664	9520	625.5518635	113
682	4327	305.4849939	192
683	17981	2147.088386	89
693	17700	745.6264786	139
694	5437	1434.907568	61
698	7253	593.4715175	74
698	9275	649.5458575	69
712	8097	1099.564426	49
713	12439	1281.018171	85
717	14557	3266.800887	30.2968022
718	12630	2821.626943	76
720	19770	491.5536886	123
722	12307	661.6146033	116
735	5310	411.1907507	81
735	9860	404.3380941	79
735	20552	367.7924495	84
751	15320	2129.943327	43.0647448
755	6726	232.6611707	156
761	11979	1217.519668	64
766	4054	321.2508607	178
768	17859	224.0602702	148
773	12196	1415.719018	19.09611913
773	14099	1445.511205	19.95426572
778	7712	1132.825541	142
784	19346	1754.732039	98
786	1004	226.9160992	169
791	19439	251.9175286	112
794	14665	1615.251827	92
797	950	955.6468449	24.31888239
797	13438	1069.627358	30.2968022
799	4972	1240.463764	75
799	10726	1265.030163	73
801	11543	458.1773908	103
801	12595	596.5399147	102
804	11685	395.7967032	155
806	5718	4049.086201	76
808	12552	459.7496333	143
810	6675	1723.806798	67
813	3546	757.0792945	93
813	4870	677.7228575	90
813	7832	662.3570404	90
813	9649	731.7636966	92
813	12580	717.1800467	90
813	18595	713.3869579	93
813	18602	663.1527436	101
820	5942	774.1281479	93
822	7426	993.7323215	124
830	4520	1550.625946	22.76709704
830	5730	1562.341524	20.85097594
830	16274	1621.223995	20.39769385
833	2482	3261.757853	70
833	5580	3096.167719	71
833	19739	3155.462574	73
848	6721	4336.346309	67
868	17700	627.9731082	137
877	6387	232.2445982	124
901	7489	542.2264845	154
901	16742	538.0907426	157
903	16844	831.3187579	60
914	8777	419.9024818	93
918	3032	468.9454699	129
925	4280	981.6022828	85
927	12912	3483.084267	2.584170628
929	9215	1532.040523	89
931	10025	383.8351059	121
931	13165	281.6764444	140
931	15861	375.2095207	122
934	5115	1487.637593	140
938	19592	795.7041882	101
940	19066	199.5307353	179
946	1182	329.0329873	149
952	2653	1240.689532	106
953	2513	841.1421635	105
957	18857	676.0785415	24.859302
964	3598	902.5892961	59
964	7327	885.2889711	63
965	907	269.775258	194
969	15975	2113.588341	126
980	12984	2848.379036	16.01705151
980	13922	2875.948252	15.66885474
992	18515	4761.903633	60
1003	12969	892.6989986	106
1004	15135	489.1711633	152
1004	16072	445.4817747	148
1015	16568	356.2133034	46
1022	4009	1568.892742	84
1022	5236	1357.419195	86
1037	2663	652.2042704	117
1042	1220	1778.613908	135
1042	4867	1991.514324	141
1042	4987	2001.12736	135
1042	14048	1894.149486	136
1042	14662	1811.959121	138
1045	2340	1027.079749	43.0647448
1046	20257	1460.68163	67
1047	18435	3762.018702	105
1048	13940	381.3923276	129
1064	15490	663.2440559	91
1075	9906	2215.68052	76
1077	20286	220.532074	94
1086	5274	957.5595544	141
1087	174	1374.028771	51
1094	18620	1160.314346	131
1097	12394	842.4918989	95
1107	16266	218.4711142	155
1108	8845	2008.80085	142
1111	1676	869.4899427	102
1115	15663	685.5050918	76
1120	19646	246.3731484	122
1121	4952	1280.276359	27.1437722
1121	18128	1253.981989	27.74696714
1125	2859	1466.874164	81
1125	9456	1520.951888	90
1126	1365	190.080601	224
1126	6422	254.7667607	210
1126	9406	185.1355043	189
1131	4096	370.8001016	94
1131	19325	366.3740027	99
1132	18038	956.4941816	49
1137	14782	913.3014823	69
1140	6661	236.0331206	152
1141	15464	645.9274266	126
1144	10318	1545.876891	38.58293741
1144	14081	1563.393845	36.1209642
1146	14985	2716.979211	53
1149	4929	614.7364252	143
1151	12494	198.7867299	188
1151	17741	209.2986401	167
1157	10061	2119.838138	81
1162	1977	1374.711301	57
1164	10136	255.2082471	149
1166	14858	275.1828235	137
1167	15656	378.0686992	137
1168	9292	510.594468	191
1168	16132	525.2961984	181
1172	8362	1379.241693	44.02173913
1176	3279	274.7880219	224
1179	2717	3199.066307	90
1193	8686	924.0007309	145
1194	9080	212.7330072	146
1196	4830	1816.163648	63
1196	20560	1818.859266	67
1200	17932	269.9133455	124
1202	20058	936.6852894	121
1203	937	520.8708237	168
1204	8620	437.2966432	113
1223	12678	1043.547211	75
1223	18999	1022.715267	74
1226	14303	3554.074956	55
1227	6720	579.915839	76
1228	19555	228.8440906	117
1230	6860	387.6493957	135
1230	15760	394.5951703	132
1230	18819	290.7700988	157
1233	6438	2800.049601	91
1233	16630	2845.822288	91
1236	5769	702.5390783	90
1237	3771	639.9724002	90
1237	12208	572.3628916	105
1240	19209	335.93134	114
1241	10777	552.2444717	164
1242	17431	631.1572458	41.21271655
1252	10046	906.8988834	89
1253	14134	528.883707	142
1260	6732	476.7461382	62
1263	16433	1938.829064	69
1267	14802	1617.870568	93
1268	8627	212.3828396	197
1270	6128	1725.784676	79
1275	8418	963.0345558	121
1275	13857	817.7505235	139
1279	3149	889.1990846	115
1279	12062	974.8295699	111
1279	15529	1076.752036	119
1280	6916	1187.50764	104
1281	265	414.9197242	99
1281	10658	408.6795538	102
1287	3333	182.2448747	204
1288	1277	305.8435387	139
1289	12737	221.4607006	217
1294	6022	834.7479789	160
1294	6509	1078.20183	157
1317	4130	1656.210265	26.5536902
1317	12413	1650.820567	26.5536902
1324	71	793.7303171	109
1324	19175	931.916598	110
1334	10008	4816.424668	67
1346	1170	1814.014239	37.7441779
1348	8657	593.895532	111
1359	10882	588.019861	123
1359	15562	528.1039481	130
1369	3099	296.3080046	110
1376	2774	821.9272824	154
1376	3628	1189.718125	147
1376	6110	1046.106709	153
1376	7570	917.2091536	155
1376	11853	1091.240705	144
1376	14475	779.1844491	147
1380	13243	650.9134232	115
1383	18424	994.7374053	64
1386	4952	1176.789534	33.08095687
1386	18128	1180.339278	31.65828812
1390	6850	238.967167	154
1399	12148	1768.912947	68
1405	5562	1278.827166	119
1417	14702	549.7075133	137
1430	5035	1575.605227	56
1431	502	331.2444424	101
1431	1030	291.2712294	113
1431	1108	309.8659743	107
1431	3589	317.5149823	104
1431	10331	301.8525716	98
1431	16878	333.2045961	104
1433	7045	1824.617251	72
1433	16286	1739.495749	75
1434	9928	748.136267	108
1439	14803	286.8963358	131
1440	10433	2600.817502	72
1441	13639	797.1470844	155
1444	5538	464.7353568	115
1444	8118	529.9658941	107
1448	18785	611.0178025	49
1449	9505	291.621371	166
1450	12651	582.6959369	98
1456	10743	458.1327957	72
1458	16557	1151.528266	113
1470	3939	243.4051919	135
1472	2774	709.3002373	157
1472	3628	1057.595799	145
1472	6110	979.6682237	147
1472	7570	902.4437153	140
1472	11853	933.3674538	152
1472	14475	783.0681968	143
1473	3895	2430.110104	113
1473	14464	2070.832518	125
1473	14996	2204.29813	115
1476	2560	1809.320437	103
1476	13230	2193.526941	102
1477	12224	1025.998703	91
1479	2164	451.8490434	172
1479	2355	500.9070172	160
1479	16802	480.9609319	170
1479	18726	507.0621074	162
1482	6870	2740.577848	19.09611913
1482	10093	2563.69259	21.31433096
1482	19088	2694.224234	18.27487772
1484	8902	398.1217586	191
1484	11636	411.9980591	199
1489	4231	249.4557348	184
1490	17377	1255.164447	96
1492	20611	375.8304841	99
1494	3894	247.9516782	224
1501	18694	1678.508568	118
1502	9044	1862.130213	135
1504	5710	395.4437644	130
1509	4162	607.8573665	103
1509	6084	794.8240019	106
1513	5048	719.5136622	103
1521	19110	1013.669082	116
1523	14885	2912.763775	61
1529	16382	512.3154755	113
1531	813	1576.488977	52
1534	1230	19467.66759	22.76709704
1543	9673	217.4595125	183
1546	1140	312.5399797	108
1549	7449	3228.876045	42.1285547
1560	12725	790.3479493	61
1561	16916	1831.114759	129
1562	7184	1678.980895	55
1562	12822	2091.046781	48
1571	3660	396.8553833	82
1583	16239	1382.210172	111
1592	6829	2691.606249	82
1594	15481	858.4376245	80
1607	11684	3179.403495	28.99386789
1609	8578	1631.072935	78
1610	1813	815.5474558	132
1620	16478	1032.15789	128
1623	10259	918.5520392	67
1623	20191	953.6440394	76
1630	670	761.6007917	72
1638	7233	2436.711993	45
1638	15422	2674.875186	36.92365229
1648	8153	2221.394288	38.58293741
1648	11672	2131.055617	41.21271655
1657	2395	469.9966569	128
1660	4943	1098.48449	113
1660	17264	1105.729935	113
1661	9769	1198.057447	72
1669	1611	193.7141671	215
1675	7485	2199.774301	76
1675	12653	2186.931732	75
1678	5646	1474.026213	80
1680	3819	241.4978561	211
1684	15283	1796.55791	67
1685	7783	233.5596332	189
1685	10696	275.6764911	180
1686	12714	744.6616013	101
1686	13242	734.7733425	107
1687	16359	305.5078377	128
1695	858	5020.238401	145
1696	16699	1058.28468	130
1696	19354	1083.24397	126
1696	20188	1059.35835	127
1700	11378	1310.204934	58
1709	14971	1242.74636	68
1726	14715	1092.918374	61
1731	12769	679.4886903	41.21271655
1732	2759	462.4858352	108
1737	11811	576.5825743	111
1737	16748	498.0840799	115
1752	9908	2623.647291	71
1755	1191	776.3125747	66
1755	13183	812.8689447	62
1758	18843	3441.423877	28.36356641
1765	17226	1261.00358	100
1766	19381	281.3790534	203
1768	16012	253.1917965	175
1774	8878	1549.742301	55
1789	3825	1146.924401	79
1792	1304	1018.862435	160
1794	725	768.5742071	141
1798	1177	2135.40223	59
1801	16963	429.6198163	129
1802	8113	1400.066018	45
1805	10446	2003.307313	79
1805	15196	1917.975464	82
1809	19816	3460.942031	71
1813	5784	516.3525957	101
1813	11431	514.7722997	98
1813	14473	513.9065369	102
1813	15020	508.8479556	98
1813	20509	374.5710392	94
1814	7928	446.6439626	126
1828	5971	615.722741	78
1829	10732	1379.038545	122
1843	6289	3572.976399	54
1845	7426	809.2319231	116
1846	3431	722.0869204	100
1856	10131	2604.50279	54
1873	1022	471.1812758	112
1875	15225	328.834609	115
1876	3158	2015.999064	58
1878	18395	954.6509026	65
1887	577	2644.811721	99
1887	11461	2746.582254	96
1887	13927	2763.773892	92
1887	14507	2697.584951	96
1887	18016	2413.404729	98
1899	19057	2404.162557	47
1908	14879	1313.460407	82
1911	8980	2264.51799	104
1914	7471	1369.630053	53
1914	19475	1328.151312	56
1918	14050	405.0173131	142
1926	540	1206.805788	16.73683012
1926	2590	1204.294754	16.73683012
1926	13020	1250.904171	14.35013486
1926	14375	1190.993969	17.48895434
1926	15814	1189.01551	17.48895434
1926	20252	1273.353379	13.43445426
1929	266	659.7211202	96
1930	6923	578.564733	46
1933	1112	995.250116	46
1933	6948	1031.558296	43.0647448
1933	19651	957.1296099	47
1935	17511	265.1134519	159
1941	19183	589.3624776	86
1947	388	464.5430709	104
1959	3413	408.9225467	146
1962	15695	2012.17311	65
1975	6167	616.8547926	136
1986	16164	1671.812255	14.66902675
1998	5780	1241.485422	98
2000	3718	238.8200898	148
2001	3807	730.24623	63
2001	17494	741.3634262	64
2009	1314	1251.974093	91
2013	19198	2273.704762	114
2014	8651	311.2942803	152
2014	11804	318.3348331	158
2014	18174	402.4816312	176
2014	19207	328.7523899	178
2016	18496	213.9616277	112
2018	8682	1341.921673	122
2019	4520	1620.186944	21.31433096
2019	5730	1616.325424	17.87759777
2019	16274	1682.448242	15.32822746
2021	20648	531.8920584	146
2027	2675	1668.984844	72
2028	10412	1175.807844	133
2042	18835	837.5878011	120
2044	13358	845.2221307	143
2045	7926	714.5111061	136
2050	13084	1075.525702	68
2050	14955	1210.648994	61
2054	8330	774.8523746	151
2059	11328	1297.56564	90
2060	10908	1052.638122	85
2062	17051	275.0326316	64
2064	1751	365.9340108	145
2066	20235	190.3163166	197
2069	16640	928.5163513	123
2078	15218	267.6791647	155
2080	11050	1861.830613	49
2091	8815	323.3090395	136
2092	2359	660.4815498	107
2097	7284	207.6086339	154
2106	9671	1852.27137	71
2106	10893	1813.182595	73
2106	19147	1852.27137	71
2110	8883	1008.394457	94
2110	18468	966.4445986	98
2112	7624	459.8504748	121
2114	10670	3004.133361	45
2116	3131	611.4961835	127
2119	8644	357.9963018	140
2123	11428	1287.545793	45
2125	910	229.5182925	182
2132	10609	4984.007617	38.58293741
2137	5670	3505.140975	62
2138	15376	206.8189569	143
2139	16915	842.8206231	93
2147	17648	1096.154957	88
2149	6584	1722.079954	119
2156	9632	565.6683306	45
2157	19054	6963.142525	27.74696714
2158	1248	184.8913507	102
2161	5890	1066.351328	76
2162	152	1123.078675	34.5675579
2168	1250	657.1610855	121
2168	8785	827.6331838	112
2173	20648	530.806976	146
2180	13760	641.1238782	63
2180	13893	381.2556712	64
2187	11399	1121.360807	130
2191	4506	629.7491036	91
2194	3066	2772.051414	54
2197	15561	1246.633883	48
2197	16462	1197.947426	43.0647448
2206	3631	740.0594361	139
2216	8672	3586.093035	45
2220	1009	336.0008473	142
2226	1086	242.4055508	210
2227	7067	2796.679775	89
2232	19763	867.4360385	90
2235	3410	428.5252775	112
2238	2664	573.0073584	91
2238	5742	478.9959198	88
2238	6019	680.7313963	81
2241	3353	836.3600276	75
2241	6478	1449.006127	62
2244	20354	512.4231465	115
2247	13594	4734.146844	61
2250	18529	1834.583065	59
2253	388	375.4406982	114
2255	13128	2434.091208	74
2257	14690	212.5043122	160
2260	16428	221.6580315	364
2262	12379	505.4622421	207
2262	19749	599.974928	199
2272	18474	258.4627204	92
2280	697	406.2924892	179
2282	17750	1578.548641	63
2285	11822	1143.72363	82
2300	18826	810.5218251	100
2302	2985	1102.667793	97
2305	2947	271.5571781	189
2305	19650	293.5578597	166
2311	10114	564.7394806	109
2322	16416	344.4072703	178
2328	1564	9128.902332	67
2330	12082	1406.383886	47
2336	14131	285.4603155	125
2336	19807	239.2817558	123
2343	6559	666.3805603	121
2343	6690	787.7650826	117
2343	8817	856.9241093	112
2345	17371	360.7318742	182
2346	10887	1291.695215	124
2349	2211	1123.769439	78
2352	8050	618.2261684	127
2352	19903	495.8388883	137
2362	10802	717.4525756	95
2364	13817	360.5044571	111
2366	9914	1083.334318	42.1285547
2368	2448	1236.208605	99
2369	10033	1309.415935	91
2370	13333	868.0748333	86
2371	10756	1981.07631	39.44033602
2376	8980	2163.979348	109
2377	5039	577.1903797	50
2378	2179	2170.507426	33.81608925
2378	18594	2195.379452	33.81608925
2387	12126	243.9145377	227
2388	11191	195.7604033	267
2408	19173	354.3954219	145
2409	19041	1246.891878	69
2412	6420	435.5296555	173
2415	19222	1049.553629	77
2426	9936	1637.212443	77
2428	6885	269.7370496	173
2431	19265	379.9577051	220
2433	8546	189.8522353	233
2437	3326	2050.511694	88
2438	14586	1364.818774	140
2445	3213	814.1881329	108
2452	15578	2407.710327	44.02173913
2461	14573	1122.425859	43.0647448
2462	8524	2600.82098	65
2462	13048	2608.725085	67
2466	18365	203.5416252	211
2468	16812	906.4973864	80
2469	15868	942.9556785	114
2499	8495	547.4544994	102
2499	8875	600.8532256	105
2502	1962	1057.405194	116
2505	6867	1194.237686	82
2505	7297	1194.402588	82
2507	16487	1159.993428	75
2507	18868	1094.156497	77
2517	5999	1251.812497	128
2517	10834	1391.815437	118
2518	11318	1088.366759	150
2520	12321	619.6068957	72
2520	19575	627.0597565	67
2523	12086	420.3364693	63
2527	11053	1103.095871	95
2551	331	1260.299308	27.74696714
2552	10474	999.3522407	82
2552	19736	964.0610365	85
2554	8316	2430.119016	63
2560	4323	262.3454998	115
2561	19064	713.7819339	94
2566	12942	246.9712634	203
2569	62	2234.592859	134
2569	7088	2165.468516	131
2569	7676	2085.713188	141
2569	11237	1662.607614	135
2569	18520	1524.517903	138
2572	1368	6743.390363	88
2572	10442	6610.758447	86
2574	9903	2020.296616	117
2574	11568	2175.634373	108
2575	15230	3292.377965	27.74696714
2578	16858	2716.722156	65
2585	3127	331.9591729	201
2592	8638	692.008136	89
2599	4568	309.8706549	189
2600	18254	1224.030331	88
2606	4655	1261.503622	104
2606	6586	1339.963693	94
2606	8549	1314.51408	102
2610	1354	274.9811935	139
2610	8796	280.9749474	138
2622	305	1277.677738	64
2647	13451	3153.964078	142
2653	20212	2204.291177	121
2654	1567	2825.138454	79
2659	946	658.1965565	169
2661	4221	493.7146379	70
2663	9446	866.3464292	128
2665	12572	557.57954	152
2670	19229	405.6066181	120
2673	18243	443.198858	70
2680	11261	489.0366113	104
2680	12677	483.5241514	106
2680	18787	408.7141453	121
2682	91	716.8351151	102
2682	18237	713.2651894	99
2682	19859	778.385857	93
2694	13343	1156.488237	57
2698	2735	548.5888989	105
2701	18839	3665.81059	48
2702	20363	20760.06507	62
2705	6750	597.1234282	116
2707	138	889.8672876	160
2707	8005	801.361993	157
2713	2259	190.062102	118
2714	1073	1006.831001	107
2714	9001	1117.989249	97
2714	16770	1142.727126	103
2717	8051	538.0281781	161
2729	18498	998.2621403	28.36356641
2732	4965	282.057508	201
2737	16197	753.7634133	138
2737	17265	752.4222805	135
2744	15338	2945.984412	59
2754	10938	1110.974177	143
2759	7868	288.1364934	71
2759	12565	236.8512166	86
2763	5815	405.7935068	79
2763	7406	405.8653253	80
2763	18345	471.3561875	59
2765	14213	4124.899429	54
2766	13614	664.8348223	92
2766	19365	600.7919757	96
2780	1326	2588.423161	67
2780	1860	2588.398725	68
2780	11661	2596.570699	67
2795	6283	241.9971676	54
2797	20305	822.2574591	105
2815	358	1358.104789	126
2816	6295	409.0749096	74
2816	16206	407.7681396	74
2817	14046	1845.122877	87
2823	18432	206.1105537	287
2830	5185	2590.662331	86
2832	17519	1361.978054	80
2835	4983	941.7659911	98
2838	6676	578.4860154	34.5675579
2846	12387	1933.955827	92
2855	562	1980.013781	102
2856	1756	983.5108253	84
2856	13250	1037.24428	80
2857	13410	876.2690932	124
2858	20603	1540.585127	120
2862	17209	1748.917057	72
2865	3443	1864.811256	103
2871	8650	805.6936031	87
2881	16499	343.0036679	154
2883	7363	1859.835257	33.81608925
2889	4679	1239.360625	130
2889	6888	1254.911348	133
2894	8708	8567.335022	122
2897	2946	718.0604875	132
2897	8174	879.5518925	132
2897	8930	940.6563438	127
2899	2959	208.0201549	144
2899	11453	207.3033285	151
2902	2197	2529.88452	39.44033602
2904	9629	369.6862408	184
2909	19602	645.5400349	43.0647448
2911	1073	1025.499175	101
2911	9001	1110.97751	96
2911	16770	1070.324566	96
2912	5797	1498.74186	22.27216015
2912	18438	1486.520414	19.95426572
2914	14841	2931.400545	54
2914	18660	2893.232262	55
2919	1813	1082.153596	127
2924	19652	1130.550764	137
2932	5784	285.4168243	137
2932	11431	250.976679	134
2932	14473	292.6067792	136
2932	15020	249.52549	137
2932	20509	257.4197804	120
2936	16967	211.2598785	181
2938	12468	1638.838801	51
2941	5829	1267.669075	49
2948	2474	410.506078	151
2952	19829	1092.894776	30.97006447
2957	17957	1714.709548	99
2958	2694	1083.837436	49
2961	9531	2741.185583	66
2973	15185	912.0308692	174
2974	10742	981.6658496	47
2975	3894	266.4987615	213
2978	14991	1877.553241	76
2989	14347	205.1005736	175
2992	9808	507.1298554	126
2993	12972	622.1752441	97
3002	1759	218.8164831	173
3003	8418	1124.980805	113
3003	13857	947.39165	116
3007	5035	1645.264765	55
3009	5645	733.0791429	131
3014	14409	513.3168519	110
3019	12566	234.0925387	162
3024	12426	2279.162195	56
3024	15693	2400.574962	52
3033	1402	1707.456454	60
3039	14264	1215.504505	81
3040	11223	866.7492536	135
3040	18550	841.5747396	132
3047	20241	3442.552706	39.44033602
3048	15787	506.8144839	112
3053	998	2958.763918	68
3053	16518	2409.422686	71
3056	392	1013.143179	40.31678793
3070	11031	551.5011577	58
3071	2592	306.481758	114
3073	18037	669.9359413	145
3076	8314	2128.966087	125
3076	11465	2034.743582	119
3076	14674	2072.603901	117
3080	4549	559.0354164	62
3080	14032	567.4739481	57
3083	760	546.6173131	173
3093	6279	1511.581585	119
3094	1813	850.6112598	137
3105	20488	546.9245046	83
3106	9652	297.4920845	183
3108	7882	455.8657958	114
3114	12434	305.2063777	162
3116	12542	920.5214968	46
3120	815	2529.010061	117
3120	11642	2528.21917	116
3123	3783	276.9009926	261
3125	3590	431.6775637	106
3126	5416	1186.745023	99
3130	14122	1352.733282	66
3131	13324	597.5981846	169
3133	6166	1386.30612	73
3138	2237	1557.893456	101
3143	6942	1398.730762	42.1285547
3144	9953	336.3112776	91
3147	7426	1106.986005	120
3148	15688	1927.804882	66
3157	1506	3883.149561	77
3161	9553	263.682576	174
3164	4694	182.5518588	160
3174	5516	3378.509051	68
3182	10436	1222.150475	157
3187	5087	410.5491838	171
3187	18639	365.8525035	172
3193	19612	959.9819576	84
3196	930	245.9846476	184
3201	1017	252.5121916	173
3201	4618	254.7320461	168
3201	9127	234.3395287	184
3203	14250	564.485503	94
3208	3249	718.0517956	54
3208	13139	718.0517956	54
3213	676	2338.201732	64
3217	12647	1640.98191	74
3217	15674	2083.646695	71
3218	1095	1237.983387	75
3218	2736	1289.711641	73
3218	5785	1252.94771	69
3218	12168	1284.673003	71
3218	16772	1311.856353	68
3218	18625	1285.047002	71
3220	393	846.7609735	101
3220	13092	879.5498936	96
3224	8657	709.0729218	103
3228	1734	404.070279	59
3228	8380	361.9588295	65
3236	14433	1893.309845	92
3245	5952	2737.646746	75
3245	14372	2801.56188	73
3248	4342	3574.103669	81
3251	19958	2182.437966	46
3260	17286	2173.68219	55
3262	13799	206.62535	105
3263	914	1362.066341	51
3264	16342	362.4439749	131
3269	19260	1981.557755	79
3270	12775	2355.541068	43.0647448
3274	3482	195.894251	182
3281	9711	184.5732106	108
3282	2730	533.753747	129
3285	17913	946.9731176	75
3290	3898	2365.138096	96
3290	10932	2342.95388	93
3293	20521	1219.897558	82
3296	5065	2245.960788	140
3297	17910	287.3906635	132
3306	19555	217.776459	128
3307	6529	1263.649354	91
3312	14775	647.3737239	120
3316	5793	1115.462223	60
3316	9809	1265.916254	57
3318	7249	546.9069581	127
3319	7011	360.6551561	176
3319	15132	490.9756036	151
3319	16771	557.3847196	153
3327	1430	902.9475699	70
3337	6539	1197.268682	101
3340	13352	3239.954186	99
3340	13729	3414.312954	92
3344	3418	1978.061844	28.99386789
3345	3706	1005.485114	76
3353	13036	1324.603127	74
3358	16507	491.3270057	126
3359	9509	2097.183205	39.44033602
3363	1403	320.8450464	88
3363	4137	344.132656	80
3364	4259	621.2091943	54
3364	9591	611.7419596	55
3364	11215	623.542354	54
3382	5359	274.6196947	151
3382	8576	227.1550007	150
3386	8279	869.8610392	86
3387	5980	547.3228499	80
3388	16832	912.4961094	118
3402	805	577.3481161	132
3406	15554	273.0406498	150
3408	17491	1296.879741	84
3409	19536	2542.686683	81
3410	12213	299.7946987	198
3413	5850	3191.330817	67
3417	7175	518.3970396	129
3418	20134	1760.513122	85
3419	16477	278.089562	112
3424	11529	3110.751383	35.33572585
3427	7427	502.434045	144
3430	9018	438.2128386	130
3431	6682	1920.401917	76
3431	10342	1994.850258	71
3431	11944	1964.621152	72
3431	13935	2011.680503	72
3438	20591	269.9162527	218
3439	3414	433.4147139	124
3444	15086	379.6920704	94
3454	20652	765.9868291	100
3459	17680	563.0822351	114
3462	14019	1278.405524	28.99386789
3462	16828	1256.713903	32.36180563
3464	13366	1429.424927	58
3465	647	1643.12883	44.02173913
3465	1781	1688.762752	41.21271655
3465	3726	1658.131011	43.0647448
3465	6580	1617.547465	42.1285547
3465	13138	1560.763977	44.02173913
3465	13150	1701.494858	41.21271655
3474	2681	606.2446318	98
3487	18500	594.5767038	116
3491	4412	1414.0222	76
3493	8985	646.3407715	127
3497	13309	561.4970979	122
3498	9911	218.875529	109
3500	1075	822.9212985	160
3500	7057	819.3698594	161
3500	7071	644.2446715	156
3500	13280	816.8733731	161
3500	14798	825.5378157	160
3500	15978	807.0620886	162
3503	628	304.1341867	129
3506	3173	1779.092276	99
3511	4276	930.42787	118
3512	9870	443.2697191	72
3515	4723	625.2137893	89
3521	20626	1118.471759	108
3525	17179	365.1107802	49
3535	10056	547.0421028	92
3537	6715	1945.45225	53
3542	12906	291.7064831	172
3545	6682	2013.174975	70
3545	10342	1943.830269	75
3545	11944	1948.231815	72
3545	13935	2103.214621	67
3546	1215	1498.676252	58
3548	15246	301.5855184	153
3553	2774	995.5753447	140
3553	3628	1144.850002	141
3553	6110	1075.543794	148
3553	7570	999.9623684	144
3553	11853	1177.001801	162
3553	14475	709.8574853	154
3557	9082	800.2014524	208
3559	4389	296.8547711	106
3579	2164	460.7235997	169
3579	2355	479.2826903	168
3579	16802	500.4074432	162
3579	18726	560.9434814	144
3588	9376	2072.786924	103
3595	15272	802.9995653	47
3598	910	225.1315292	182
3599	16712	765.4992631	74
3601	2770	819.9142646	92
3604	3219	1168.152887	48
3604	8245	1002.19302	46
3604	12923	1086.461541	40.31678793
3604	18646	1185.257698	47
3614	6766	1446.429742	19.09611913
3614	6873	1166.842083	16.37298599
3616	7257	585.8204089	98
3617	9281	2901.818119	35.33572585
3617	12166	2732.635095	39.44033602
3620	5319	2811.174486	90
3625	5404	1221.401066	111
3635	7656	476.7569614	55
3635	15994	489.5809986	54
3640	8446	820.804022	86
3642	5889	815.4435531	73
3649	11811	423.9872144	132
3649	16748	397.4445983	123
3651	12678	1085.814155	77
3651	18999	996.7723001	84
3656	8246	372.9624473	165
3662	15173	738.3269609	83
3669	3068	2024.405226	83
3671	14309	437.2459903	69
3671	15368	432.5895117	69
3671	16996	429.2390773	69
3680	4093	464.6509587	116
3685	4379	210.4948619	89
3686	1883	611.223233	69
3691	2959	259.1372721	143
3691	11453	265.8978471	144
3696	4069	797.5687637	136
3696	10049	755.6887401	141
3697	20446	333.856384	127
3698	9402	2032.140202	93
3700	3297	1154.868937	117
3709	4102	705.1910874	92
3713	3033	761.714585	104
3713	7759	641.5058056	111
3714	19803	437.2715224	173
3715	17837	1059.889243	146
3717	11035	1190.078459	85
3717	18421	1257.354904	83
3722	6407	1162.277741	130
3726	4471	1026.694928	68
3730	19871	1136.602298	111
3732	9043	504.7089874	110
3734	10882	533.9005514	143
3734	15562	596.5900383	129
3746	18599	842.2375168	56
3750	18449	2721.47986	60
3751	7617	892.7766455	121
3759	2186	1350.610558	86
3759	11717	1274.905233	94
3761	10735	908.7781205	124
3763	7103	226.5689276	134
3765	5886	225.034825	158
3765	6346	219.7805785	171
3768	7395	239.0201586	174
3768	18838	247.914939	167
3772	4847	802.7084303	154
3777	3683	227.8289874	186
3782	16733	1239.183112	54
3783	20083	1213.741924	126
3784	15836	1602.758325	64
3786	392	1012.644349	40.31678793
3791	13785	1980.995596	78
3799	13647	2407.96533	51
3815	3255	1891.782722	98
3817	965	2182.591254	34.5675579
3817	4099	1627.912597	30.2968022
3827	1542	2463.283973	88
3827	2242	2508.911952	87
3827	9702	2446.267057	89
3831	5127	1284.673005	88
3833	1128	616.8035251	107
3833	3031	505.2730259	106
3847	16046	499.9883775	60
3850	9660	692.1287216	110
3852	9183	412.879081	104
3855	7107	981.7650932	74
3856	7515	901.8454859	44.02173913
3857	14501	268.0869474	174
3857	15222	303.3948406	158
3860	411	976.8915999	31.65828812
3860	10432	952.2464155	33.08095687
3860	13615	976.8915999	31.65828812
3869	12143	1639.948431	66
3870	1459	1525.425518	114
3876	13084	1053.565	70
3876	14955	1206.260272	61
3886	12014	1150.335251	100
3893	11574	1037.185917	80
3898	1329	1251.117414	81
3908	7796	711.8305285	139
3912	15014	326.5142869	168
3916	6911	1283.653003	52
3924	5142	2640.42576	106
3927	19385	516.6667973	145
3932	2757	535.2564806	131
3935	14147	324.7869193	183
3941	1906	660.8151041	49
3943	9983	747.5094467	45
3956	9141	1456.869285	33.08095687
3956	11560	1456.869285	33.08095687
3956	11992	1428.913808	34.5675579
3956	16144	998.2934226	33.08095687
3963	3131	624.2130468	129
3965	4763	762.3355327	125
3966	5886	400.9567127	137
3966	6346	346.8172728	141
3969	6712	690.6305165	151
3971	206	772.1998078	101
3971	2520	772.061142	100
3972	13606	703.0192078	101
3974	12138	1859.054603	71
3975	7398	586.2841743	101
3975	20432	581.781837	90
3981	4997	2887.065904	144
3981	18845	2896.498213	141
3994	9251	850.6641129	91
3995	13332	2886.442805	29.63817606
3996	2205	519.1615168	113
3996	16418	483.9116591	121
4010	13748	531.1044377	163
4014	18400	590.9347277	167
4015	3153	468.8272031	152
4023	15979	631.6049015	40.31678793
4024	158	765.1553052	46
4024	4114	883.0976883	42.1285547
4025	17191	281.8403295	135
4026	12167	1691.571692	37.7441779
4027	5151	583.3816629	74
4040	15311	541.8133769	155
4040	18322	555.1879534	156
4042	19243	710.2837133	73
4042	19562	682.9936548	80
4043	3354	1243.48867	71
4043	7354	1250.682664	74
4043	14096	1311.042958	76
4043	15769	1373.531993	68
4043	18871	1306.048794	71
4047	176	2989.863193	79
4050	9167	830.5607675	52
4050	12967	973.1481107	45
4053	8375	3884.035197	68
4059	6977	1154.43541	149
4060	3782	1532.350031	136
4061	16993	420.3496284	141
4078	14067	538.8740579	108
4088	5933	463.2923883	102
4097	12399	384.8781273	224
4102	7131	290.1178532	113
4103	1681	301.4303165	104
4103	4436	302.0656994	103
4103	13315	285.4218671	106
4103	13496	313.3064289	103
4103	18623	318.2414748	102
4104	16532	1710.127851	82
4105	1668	1478.26269	100
4105	4188	1698.732554	96
4105	20140	1801.047422	88
4106	2734	738.9612094	56
4110	14037	3548.008103	22.27216015
4110	17971	3610.749958	21.31433096
4111	6432	247.5779682	226
4111	12852	186.9977984	235
4112	3023	496.8760927	144
4126	5352	192.7803364	210
4128	4509	978.1921515	87
4128	4634	900.9387307	95
4128	8763	807.8130603	86
4130	7505	370.838578	72
4130	16880	388.9540188	73
4130	17203	307.4258581	83
4134	9828	245.2906552	179
4135	12405	682.699507	71
4136	15589	908.6190076	97
4137	14033	2272.932432	36.1209642
4146	1792	2045.204399	40.31678793
4147	18083	304.8979018	185
4149	8703	722.4990152	105
4154	17481	2364.865238	54
4155	13541	424.1473622	164
4158	6601	310.312063	93
4165	10409	226.8999398	123
4176	4903	389.3330682	153
4183	1075	821.6625394	160
4183	7057	818.1193097	161
4183	7071	642.9535925	157
4183	13280	815.6228234	161
4183	14798	824.2790566	160
4183	15978	805.8196971	162
4188	9600	2575.298411	95
4189	16983	4763.270913	40.31678793
4195	67	7362.062643	39.44033602
4200	18919	676.2013745	119
4200	20579	696.6053389	115
4202	199	379.9822726	183
4205	823	261.9608995	179
4205	3847	282.117807	175
4210	7345	2699.195117	55
4211	2384	768.4086805	109
4214	16156	533.5228889	85
4216	5706	3223.231552	89
4218	12882	1198.087934	127
4222	11380	502.8950504	94
4231	5866	678.4400819	125
4237	292	3082.82762	104
4237	13299	3058.246551	105
4260	580	1357.065415	107
4260	610	1374.813919	100
4261	1075	819.7018214	161
4261	7057	816.1608738	161
4261	7071	640.9541569	157
4261	13280	813.6643874	161
4261	14798	822.3104373	160
4261	15978	803.8714005	162
4269	4464	426.1769712	140
4287	12360	611.8791792	103
4290	2629	193.786784	153
4296	15591	762.6532953	80
4297	11281	415.3955228	106
4298	9336	3513.657533	109
4320	20402	1806.604586	128
4321	11459	388.6463741	169
4329	10494	627.5396902	133
4330	11947	4061.269546	102
4333	11800	395.2327024	172
4335	7221	305.4379735	131
4335	15229	407.9242787	108
4349	17861	371.521161	122
4351	12525	2448.642856	71
4359	10699	1032.723674	114
4364	10897	1387.651684	116
4375	5518	1029.20384	58
4379	1886	2068.799514	112
4380	748	1756.6279	87
4386	1952	508.1749704	33.81608925
4390	2862	2153.453855	60
4394	8160	1108.879561	44.02173913
4404	601	862.4757386	96
4404	1145	903.5142288	102
4404	2152	843.5587888	100
4404	10991	771.1041047	100
4404	18293	829.7457198	102
4406	14021	3702.341402	88
4412	19834	331.3656421	115
4422	16500	731.0102516	41.21271655
4428	4303	1009.319352	104
4428	12485	1064.305588	102
4428	18951	1080.099079	99
4430	3835	1303.371527	130
4432	13008	279.2732186	205
4434	5990	3886.58095	41.21271655
4434	17086	3963.024039	41.21271655
4435	3534	1194.18319	92
4439	4318	5285.528766	43.0647448
4440	14637	1223.842421	11.77465311
4442	7376	2517.878353	63
4446	7310	244.893217	162
4446	8059	250.7830633	160
4446	15634	253.1493976	160
4447	753	861.3059333	66
4459	9996	392.972074	120
4464	1943	968.7350794	85
4464	12462	650.5440665	102
4464	19303	715.4015177	99
4470	20621	579.0927645	132
4480	7356	700.6878504	161
4482	17070	5030.679937	88
4483	18	490.9271655	152
4484	8972	491.3798913	189
4489	2629	185.1607617	154
4490	1830	483.2223539	112
4492	12453	1119.217401	95
4497	6974	1160.628942	95
4497	16538	1128.976223	94
4498	4468	396.0118687	134
4499	5095	949.3528941	61
4501	19301	606.174467	101
4504	18757	3338.924489	69
4506	11888	2323.594559	87
4508	17296	2106.279897	106
4509	10720	491.1592421	95
4513	7213	1286.91611	76
4517	12920	704.149299	94
4525	1319	648.8766133	116
4525	13714	738.839899	111
4528	14338	3229.936378	45
4533	6508	747.7582139	124
4535	671	441.2504419	172
4535	13263	498.9655029	168
4536	6015	2213.100952	63
4536	10125	2212.985396	64
4542	9824	673.5922792	77
4542	19587	724.8111982	75
4550	9567	399.8603225	84
4555	10280	2513.253129	58
4556	972	2695.302733	68
4574	15012	1339.284878	31.65828812
4578	8830	478.3860309	100
4588	12791	353.0158822	178
4588	14720	316.8849725	183
4588	16644	281.0848052	197
4590	13334	2879.914773	31.65828812
4598	7625	1110.802225	125
4600	1618	1740.848175	101
4601	7043	425.2514577	138
4602	978	1775.820123	64
4603	1260	325.3458593	157
4609	16335	1771.002936	113
4611	14320	350.4229161	148
4613	5899	198.7032619	144
4615	15007	194.636181	263
4625	13081	1899.268022	53
4631	9478	193.1701801	197
4633	14359	1426.226129	89
4638	12837	365.4700192	157
4642	3423	2975.579648	40.31678793
4642	4381	2881.018501	39.44033602
4642	5126	2920.670177	42.1285547
4642	11373	2964.179308	40.31678793
4642	13568	2929.069497	42.1285547
4642	16622	2837.237291	44.02173913
4642	17292	2908.905316	41.21271655
4642	18696	2951.555928	40.31678793
4644	10641	1397.277068	88
4651	9261	406.8481613	152
4657	13479	1080.419008	93
4658	1466	345.8347307	115
4669	4554	1165.261119	51
4669	6783	1083.435151	52
4669	15001	1113.281354	50
4669	18302	1029.977914	54
4672	3588	525.4177408	59
4674	881	317.0118899	176
4674	1174	365.3714005	166
4680	4026	1224.493444	47
4685	10128	1692.862167	83
4691	14855	806.4292313	105
4698	2048	919.5850452	83
4705	1055	337.9703872	189
4710	7294	549.2473423	176
4711	16795	1568.545344	124
4715	7422	2275.674067	61
4716	8998	195.379433	94
4717	20179	1326.957208	113
4731	12252	1351.472594	145
4738	12273	1406.525735	83
4741	4243	1007.924813	146
4745	6009	598.4558628	123
4749	4685	2253.065041	30.97006447
4757	13316	1363.337793	96
4773	8045	708.8393863	110
4782	7262	556.1281051	112
4782	12002	544.2509739	117
4785	1599	509.3769389	103
4785	15572	515.2467917	104
4785	16371	548.5973841	98
4788	1335	475.717868	44.02173913
4790	12895	645.8939722	100
4794	16864	2091.699781	67
4797	19917	777.6019711	121
4807	13875	420.8747495	201
4809	2426	635.6398724	112
4813	13549	209.5044032	142
4813	17937	192.1714078	143
4813	19104	218.831145	120
4813	19431	229.1600363	131
4816	19709	2643.152837	67
4820	12098	902.3766985	95
4828	14207	1648.544038	58
4838	6543	270.2118865	181
4842	7432	467.2048455	110
4842	19885	530.3648667	107
4845	15479	1358.548196	39.44033602
4850	14548	453.3289012	72
4851	4553	1268.031662	65
4853	7738	761.9137224	56
4854	6906	510.1190242	99
4855	68	249.0755004	116
4855	7499	279.2012251	115
4857	17207	713.288275	122
4858	16534	1611.116774	15.32822746
4859	5832	3023.764201	86
4859	9397	3731.033671	89
4859	10236	3703.896622	86
4859	18120	3884.072464	84
4859	18431	4128.954014	83
4860	15079	1890.080988	98
4877	18126	203.0111634	251
4884	17132	658.7992346	131
4888	6601	340.827832	90
4917	17321	1517.148661	70
4926	5775	627.3629181	157
4931	9112	1182.455372	92
4941	3109	1019.237164	79
4947	12558	371.5782318	144
4948	14084	524.8105791	151
4950	11191	228.6567838	245
4956	17821	753.1638889	136
4958	13671	904.5192848	107
4975	1064	1625.336503	63
4975	12056	1384.887002	72
4983	13688	367.2222321	56
4990	12779	1014.431361	111
4990	15459	804.9965812	122
4992	11061	908.8949645	103
4999	9898	535.3424477	84
5000	645	658.952965	113
5000	4332	682.6369897	118
5000	13843	609.7122025	115
5005	7656	309.3952677	74
5005	15994	320.8687964	72
5008	4449	1653.552548	58
5026	7309	382.4699347	175
5030	9170	731.5493763	49
5033	1551	255.4691201	136
5035	2749	1217.483303	67
5040	2857	980.0268097	99
5044	14833	2154.200147	64
5055	11369	547.1542334	137
5055	18191	550.4086033	144
5064	6846	1103.293022	45
5066	8952	417.4292301	129
5070	2786	501.1347594	58
5070	3120	508.0024283	55
5070	3330	509.4680056	55
5070	3715	508.5093136	55
5070	5388	510.9846407	54
5070	5919	500.630069	58
5070	6799	512.5758914	53
5070	7754	509.4680056	55
5070	10738	496.4924853	58
5070	10929	515.8528834	53
5070	11307	508.5093136	55
5070	13003	492.2748123	59
5070	14382	495.5145515	58
5070	16054	500.9121944	58
5073	6645	448.6679859	81
5081	1228	1027.50124	158
5082	20062	667.8026148	87
5083	8202	1882.543804	79
5087	12912	2612.3132	2.584170628
5091	18821	893.1915557	80
5103	1438	501.4190747	73
5106	1832	366.9323876	79
5106	18521	366.2645326	79
5106	18615	390.5065179	85
5115	7395	308.7134084	159
5115	18838	293.3199498	159
5118	18309	754.1897613	84
5120	8806	1651.966383	64
5120	10781	1593.380844	67
5155	3594	3925.360317	85
5155	16013	3931.92638	85
5167	13427	1066.769457	97
5174	20511	277.2448524	184
5178	16740	1935.130836	90
5180	13275	4216.890353	73
5181	910	238.8604609	156
5182	19892	825.0035645	94
5183	7284	247.3715273	134
5186	546	1302.356162	90
5186	10088	1213.019234	91
5186	11584	1213.019234	91
5188	17894	2117.369136	114
5191	19884	1126.87135	132
5193	18547	788.4433556	125
5195	9727	660.4935391	121
5202	18023	968.6699459	47
5202	18914	941.1603895	48
5210	14138	621.7343035	112
5211	3240	184.9994559	278
5213	10302	555.462679	87
5213	14089	560.4806278	86
5216	13598	859.6109681	63
5221	4744	1922.917437	47
5226	16937	607.7605968	122
5229	1668	1276.638971	110
5229	4188	1446.213415	106
5229	20140	1478.749484	102
5233	6813	1000.125392	112
5233	9534	1097.607813	110
5243	16534	1632.812423	14.35013486
5248	6483	240.9176153	171
5251	5743	799.2697287	116
5253	7905	852.3693659	75
5253	12346	1038.819957	64
5253	13645	888.1588924	70
5253	19311	1016.703305	65
5257	10072	1385.716599	131
5262	1460	5112.13759	40.31678793
5274	5435	386.0689643	149
5278	2804	1086.181666	122
5278	15516	1088.839932	121
5282	14167	649.6130914	130
5284	12537	657.3989109	74
5284	19374	640.2649834	76
5291	95	1549.820347	55
5292	16540	1462.50896	48
5316	18008	2094.959665	71
5319	4718	363.8396667	198
5328	8332	737.4443665	57
5329	18955	1885.88252	39.44033602
5330	19253	1706.825041	72
5333	1488	1446.371811	113
5333	8493	1366.293844	125
5335	10702	2127.52324	64
5340	14711	1465.223958	78
5340	14800	1430.445925	74
5346	15339	1655.799083	74
5353	6597	295.1470563	191
5353	7138	360.9979976	178
5353	12110	277.764114	197
5353	20026	272.842982	183
5356	1937	236.8399675	215
5357	5529	1729.824047	97
5357	20460	1628.957654	96
5360	9911	181.5315474	139
5362	18067	183.1662554	146
5365	15035	1013.439806	79
5366	4943	1005.407812	123
5366	17264	1042.989173	114
5378	2873	898.7413159	36.92365229
5378	14350	912.3708517	37.7441779
5386	9817	324.6221033	122
5387	19959	867.9501356	87
5400	2346	2006.998159	122
5400	13690	2026.554765	123
5402	4927	783.0345955	140
5406	8383	2066.80928	73
5415	14251	531.9139637	97
5422	4219	564.2202969	95
5422	11754	515.2851125	99
5424	2587	1166.13315	37.7441779
5424	7504	1168.631764	38.58293741
5427	8862	200.6680731	180
5429	6592	898.1732957	96
5433	870	462.4590664	144
5433	15492	559.4200335	133
5439	9227	483.7912997	62
5439	16305	494.4255713	60
5440	16385	258.3821522	182
5442	8868	1486.932009	83
5442	9716	1467.812805	85
5442	15957	1432.105285	87
5449	5007	271.216328	171
5449	6030	275.6071724	166
5451	9438	2827.14939	38.58293741
5455	2671	824.1258283	85
5456	2751	1051.879904	131
5476	18097	6267.634333	61
5486	1270	725.0945576	24.859302
5486	8329	716.8586551	25.41173093
5486	9012	709.1320955	26.5536902
5486	9353	725.0945576	24.859302
5486	14276	708.4118638	26.5536902
5486	15088	703.2091481	26.5536902
5486	20436	673.2181292	28.36356641
5487	10214	968.4011222	123
5488	13755	1859.688727	91
5498	20030	294.8694179	125
5510	4980	2209.443056	72
5511	2123	3889.970499	57
5511	5567	4673.254395	55
5512	13788	1128.481587	55
5513	5026	211.1722392	159
5521	10591	515.8533325	148
5523	479	1288.561878	65
5525	12581	400.5034701	167
5526	219	352.3066494	135
5526	17095	352.9585001	124
5530	13245	473.8828033	107
5532	3862	2322.326083	120
5533	12260	1728.687152	87
5536	577	2683.614081	103
5536	11461	3239.171915	89
5536	13927	3613.379828	84
5536	14507	3071.503567	91
5536	18016	3328.686621	89
5542	10218	316.9344855	116
5548	709	307.6045576	55
5548	2124	323.612347	52
5550	18190	497.8754428	102
5556	5249	424.3126306	66
5561	20665	1627.167448	64
5567	1813	852.4809722	128
5573	19404	626.2436957	63
5580	15778	2784.653682	36.92365229
5584	11003	285.5472225	152
5592	7253	564.4729231	85
5592	9275	612.3166554	82
5603	5630	2227.546598	100
5603	8147	2144.14649	104
5603	15937	2233.657201	101
5603	18330	2215.273088	103
5616	8418	1066.962481	108
5616	13857	863.8929454	115
5619	10815	3726.971248	47
5621	17116	2406.689672	42.1285547
5625	18973	360.8648721	107
5626	17434	212.8920097	230
5633	1905	641.8344789	127
5643	5722	1179.672082	125
5645	8333	954.7055253	69
5651	14239	472.9112337	154
5658	12011	2856.713719	18.27487772
5670	1681	360.7468344	102
5670	4436	340.5666151	106
5670	13315	374.2124485	87
5670	13496	351.1030353	105
5670	18623	373.3739621	100
5673	18918	518.9614197	116
5675	10303	398.8666039	199
5683	1602	901.1928405	73
5683	13825	964.4948364	80
5698	3894	229.1242091	204
5702	9814	1800.824031	64
5708	6063	686.0648924	116
5714	17375	941.2600298	66
5735	18093	854.3587257	137
5736	4048	478.837867	155
5740	7211	226.7785178	119
5740	13348	198.094269	126
5740	19004	230.5747817	113
5749	16611	1381.500254	75
5750	17052	910.1806964	69
5751	5629	1787.837488	68
5772	414	269.6758624	149
5788	3704	192.6409058	174
5789	17081	988.190563	57
5789	17885	1059.331247	57
5793	6519	4848.460802	76
5809	7012	740.4045008	72
5811	1269	658.1886521	57
5814	363	3494.021552	64
5815	98	284.0057757	85
5815	5078	284.1418949	87
5817	117	212.7734578	169
5817	10268	251.9224405	162
5818	2593	213.9622376	219
5823	18624	248.2718896	230
5831	5341	254.1226722	166
5848	8424	3581.610841	67
5849	6476	745.9881101	36.1209642
5849	9283	721.2383558	45
5859	20013	490.8172377	67
5861	2395	584.6509375	117
5867	18517	1432.193512	132
5871	11438	2972.397937	82
5874	15103	1384.285646	71
5875	11195	562.7086766	119
5877	3995	789.3401783	104
5877	8078	742.9165334	106
5877	13739	834.5865347	103
5878	190	2651.610884	41.21271655
5878	3837	2717.739071	38.58293741
5881	12563	690.4638808	118
5895	1806	1261.934371	22.27216015
5896	13681	527.2135399	114
5899	12155	985.2816267	42.1285547
5899	15312	991.49561	42.1285547
5905	20236	2727.489866	67
5906	1727	204.4066442	210
5906	10693	205.8164296	203
5906	12888	199.4862702	200
5910	10683	454.1131633	171
5913	9196	746.0812564	63
5913	14107	898.2618364	55
5926	19995	244.8755647	118
5931	12555	602.7791079	117
5932	4199	816.7852453	89
5947	15969	739.5694928	131
5948	601	1215.442233	83
5948	1145	1051.518383	102
5948	2152	1025.466659	100
5948	10991	1051.434972	96
5948	18293	1007.225374	98
5950	11418	926.3595371	65
5961	2970	878.0771396	101
5962	1512	655.6835288	71
5969	20355	516.7128168	125
5970	2126	2213.805374	152
5971	7505	499.2462854	66
5971	16880	376.9146477	70
5971	17203	471.2030821	68
5974	14123	257.8186923	162
5979	18931	303.7678571	126
5996	9757	838.9328362	72
6008	18475	848.0730411	87
6009	13473	280.0867784	129
6014	6275	310.5622509	124
6026	4410	289.874397	163
6026	12825	296.5071414	144
6029	418	511.8099673	132
6034	2216	712.0851113	131
6036	4524	250.4648354	137
6040	10684	2005.346807	18.27487772
6047	12710	1056.239937	19.52047734
6053	17091	687.5884536	61
6054	68	214.7182633	121
6054	7499	248.2385826	106
6056	5718	2831.138727	82
6060	9810	4744.530388	54
6061	2090	532.9423858	104
6061	2390	515.9235269	120
6061	8328	512.005829	115
6069	7257	555.1110207	99
6079	3817	561.7453666	168
6081	18240	1306.546628	77
6087	16870	819.9918981	111
6091	19397	581.8850959	136
6096	16092	889.8838046	94
6097	18841	1153.459896	87
6109	10992	1231.677564	97
6119	13418	2131.671275	50
6124	12538	602.5403719	113
6129	11332	6474.58728	19.52047734
6140	16945	795.3919842	138
6142	7876	372.35306	70
6149	4094	502.2228747	81
6149	17502	493.0209167	87
6151	9218	1263.278924	86
6154	4426	2073.718796	90
6156	7083	1254.41062	72
6157	4736	931.6233471	46
6158	3492	381.2676723	86
6163	6877	1879.182173	67
6163	10172	2043.367765	63
6163	17412	1832.324857	70
6163	19719	1556.141362	62
6166	13674	1093.709196	81
6176	4571	366.4724322	87
6176	7506	354.7601732	88
6176	8593	384.4395533	84
6176	10082	337.2728327	92
6180	19674	288.2747172	149
6186	12514	884.9823933	148
6190	18825	409.3270227	84
6192	13046	1134.853024	107
6193	15942	928.7239788	98
6194	555	3436.624871	30.97006447
6194	15899	3355.097682	32.36180563
6196	5094	505.1792865	136
6201	3631	771.0463452	155
6203	19860	241.4650576	194
6204	12767	410.4025571	301
6204	17255	429.3182242	299
6205	2351	240.9708377	103
6206	6837	2106.458249	36.92365229
6208	4991	2776.131165	48
6208	17977	2685.076595	49
6218	3928	183.5446357	343
6220	4763	843.8806018	115
6223	14001	323.5289326	126
6226	10680	1227.978777	97
6239	10478	4664.394304	27.1437722
6239	11245	4720.71775	26.5536902
6247	1747	463.1369016	132
6248	14553	601.546186	147
6249	15144	1435.17555	67
6251	13526	1362.021378	58
6252	5775	887.7611008	146
6259	9380	514.8437814	66
6261	20296	968.9357499	50
6265	3864	2561.901199	38.58293741
6265	14810	2559.131461	38.58293741
6265	20506	2733.839495	32.36180563
6271	16856	502.4483775	120
6273	9122	2172.247676	55
6274	15945	2002.849138	65
6275	16010	1628.104715	44.02173913
6278	571	304.9587555	165
6286	17466	759.712966	99
6288	6879	270.6808234	151
6289	4633	395.3862271	55
6289	15134	405.7180798	53
6293	17506	726.9473368	49
6294	809	2153.343994	104
6306	8471	2719.640969	89
6306	9546	2526.227805	92
6313	20033	708.5291888	167
6315	2804	812.6547087	131
6315	15516	735.4036993	135
6316	2164	476.2347762	152
6316	2355	460.9392264	152
6316	16802	455.7885953	169
6316	18726	544.4976821	142
6323	17716	190.2065244	144
6328	2181	952.0084529	66
6328	19973	952.0084529	66
6341	5344	2281.275807	35.33572585
6341	20637	2023.188248	38.58293741
6342	15148	1283.128303	110
6353	9265	1117.417415	44.02173913
6354	19964	194.8837682	122
6363	6860	305.7113439	144
6363	15760	295.307255	150
6363	18819	253.6954255	155
6364	7001	1072.105945	99
6364	20587	1086.273287	99
6368	14483	595.5023836	101
6369	6529	1470.558761	94
6373	2291	1058.918542	64
6375	6579	1203.637587	120
6376	15965	623.9900201	131
6387	4390	798.0449837	65
6405	11275	488.7505782	148
6406	4148	1065.813542	126
6407	12674	804.2973074	97
6411	1180	1516.148068	8.283674685
6411	5400	1489.317057	8.848282679
6411	14539	1535.472423	7.586505262
6411	16361	1560.595928	6.94801091
6415	5468	1177.362322	107
6417	9161	1543.142618	98
6418	16507	417.8782698	122
6422	7667	217.8342979	150
6426	10613	662.7360999	33.81608925
6429	5172	755.3267113	120
6435	1978	435.0862407	160
6438	5699	710.1448083	80
6442	12460	550.0436218	134
6444	20187	347.392961	158
6445	5148	1076.080519	75
6446	3367	1852.766308	41.21271655
6453	19190	4344.082129	41.21271655
6455	16921	2697.901508	46
6460	7385	271.0447539	109
6463	5999	1175.88815	127
6463	10834	1382.644246	111
6467	5566	1584.683896	72
6467	19839	1334.530267	79
6467	19857	1677.871006	71
6467	20110	1588.971468	71
6472	12205	1020.3039	27.1437722
6488	7743	2180.663748	78
6494	7405	2539.073659	95
6496	2164	432.2666919	171
6496	2355	491.6113017	164
6496	16802	510.1558992	147
6496	18726	527.3700349	160
6499	4379	215.0971253	91
6501	4923	386.0080579	58
6501	11249	444.6424724	58
6501	14352	371.0724719	51
6503	18859	2785.983828	72
6505	8926	1245.842175	23.27303253
6508	3613	749.4811055	155
6512	27	453.0856053	136
6513	4996	3208.942372	73
6513	9230	3272.992982	72
6513	14232	3162.876581	73
6513	15349	3318.941983	69
6516	5254	930.6958918	66
6516	5857	1059.309399	59
6516	13720	890.2121851	61
6519	10160	566.8873065	136
6521	1847	1475.884762	19.52047734
6521	10427	1480.539693	19.52047734
6524	2774	1130.209059	139
6524	3628	1274.220797	139
6524	6110	1249.212606	149
6524	7570	1174.51942	134
6524	11853	1318.328699	149
6524	14475	806.5524402	151
6525	20091	280.4785966	152
6526	12932	328.5759031	98
6528	14730	539.9037291	151
6537	17058	562.5169816	104
6548	2833	395.0755295	121
6551	9671	2037.062135	62
6551	10893	1916.797833	68
6551	19147	2037.062135	62
6555	10019	266.9177056	178
6557	13613	2343.128711	45
6559	15484	522.8240927	189
6565	8178	1912.381359	79
6566	17038	908.4971475	90
6575	18437	940.281741	82
6576	6220	2520.340565	61
6580	11363	3207.105626	80
6581	4313	467.5855547	101
6582	5088	2974.322117	48
6598	7928	468.7458573	127
6613	15973	1083.972203	86
6618	14962	1988.953495	43.0647448
6622	15430	1605.536185	87
6622	15528	1690.079691	83
6624	2959	184.4428703	144
6624	11453	186.2279185	143
6630	10810	1832.572674	87
6631	7753	658.9415455	116
6635	8321	1198.657358	93
6635	15162	1385.188154	84
6637	1190	419.093203	89
6637	13268	445.9125583	96
6637	13628	463.432943	101
6640	18267	798.3691448	84
6640	18324	601.0840099	101
6641	12675	569.319398	156
6657	3584	253.4825416	276
6666	18297	404.6642665	131
6675	7289	336.0110299	81
6676	9859	1396.938148	99
6709	8163	4817.616082	67
6712	6852	1525.261105	65
6718	15153	3390.566301	37.7441779
6720	5032	1037.136687	117
6720	18219	1004.494769	120
6722	14891	485.6829202	136
6726	14102	1524.802701	47
6727	17078	1245.697609	148
6728	1220	1577.811375	136
6728	4867	1579.029918	145
6728	4987	1499.627094	141
6728	14048	1662.759572	134
6728	14662	1416.783419	150
6729	1019	468.4119683	88
6730	2504	4243.61387	28.99386789
6731	6368	591.158164	134
6735	16112	305.5593639	149
6736	3636	748.907809	143
6738	2595	354.9603088	202
6744	5697	1649.214163	52
6749	10201	842.4154043	32.36180563
6752	2040	628.2376116	113
6757	2532	609.9797242	121
6758	10475	638.6514311	79
6758	15968	588.0852378	81
6758	18744	677.5173262	74
6759	11186	430.0083856	143
6760	17790	2258.499756	53
6761	10382	373.4424109	82
6761	16406	373.4424109	82
6771	14626	998.1615759	99
6798	7991	1014.445451	116
6798	19850	1207.882148	115
6799	7357	528.3426201	60
6799	14868	535.0509721	58
6799	20669	514.6488215	62
6806	20364	225.7322395	119
6808	7270	205.210188	114
6809	8525	447.1586471	171
6821	1522	923.3576804	150
6825	7465	778.720578	108
6825	15890	778.8837297	105
6829	18949	1117.489364	99
6846	7192	1651.036003	82
6855	8783	210.1042577	139
6855	12282	268.6880534	132
6855	13301	345.5770096	118
6861	8390	545.0989446	47
6861	13883	551.5232818	52
6866	2452	181.3991078	125
6874	7969	1544.326973	80
6876	4926	689.6400967	70
6878	1813	874.5140857	134
6882	2584	906.7831629	82
6882	11398	854.5038532	89
6884	12714	547.9115849	112
6884	13242	576.5512107	117
6893	10	3735.185245	75
6893	11481	3664.108868	78
6899	14288	210.4679943	68
6901	15389	933.3526288	75
6913	5387	670.6753766	104
6914	16110	592.1703861	80
6918	5164	2569.675006	87
6919	12678	1048.821197	74
6919	18999	1075.588329	72
6921	10262	7466.092419	61
6922	4420	366.3669378	63
6922	16268	394.3645632	59
6922	18373	394.1031883	59
6931	3422	824.7005293	54
6937	2711	638.3105725	143
6944	8404	1240.055498	123
6944	11530	1113.938535	116
6944	20164	1163.768685	121
6948	13863	454.1014668	138
6953	2072	2582.201306	118
6955	4484	241.9459705	128
6955	17267	241.9459705	128
6961	8642	370.488825	150
6968	7326	374.7108124	218
6973	12979	299.1321948	106
6973	15603	229.5143929	112
6975	9489	1508.802978	55
6975	11274	1433.554951	60
6978	12356	581.3439937	175
6987	5491	516.0302129	112
6992	740	307.5560223	168
6998	3716	903.3273329	59
7016	10588	1191.323797	97
7017	6678	659.8091215	70
7018	9092	1020.080061	34.5675579
7018	18477	1020.080061	34.5675579
7019	19472	681.948306	75
7020	556	858.7717294	108
7028	971	225.2842627	143
7041	1786	1039.927979	116
7044	15895	1270.540833	30.2968022
7045	1622	1192.458135	81
7045	2477	1121.204096	85
7045	2516	1079.599463	90
7047	3339	220.9441967	235
7053	17931	814.798487	75
7062	3423	2773.07895	44.02173913
7062	4381	2739.911496	44.02173913
7062	5126	2760.850465	44.02173913
7062	11373	2765.203296	44.02173913
7062	13568	2746.839395	45
7062	16622	2725.659648	45
7062	17292	2752.157632	44.02173913
7062	18696	2768.357363	44.02173913
7066	1794	1264.650072	54
7084	2774	578.8362209	169
7084	3628	921.830435	149
7084	6110	760.8156775	154
7084	7570	687.6248376	150
7084	11853	648.909709	159
7084	14475	526.2065685	155
7106	194	461.101692	135
7110	7564	1630.456917	53
7110	19874	1733.544282	50
7113	17244	1143.77485	88
7118	18673	1320.131371	129
7133	12146	864.2472029	142
7141	797	578.2401119	92
7142	3357	2305.589089	129
7166	6974	1209.722049	101
7166	16538	1160.55313	97
7169	598	256.0243366	207
7169	5707	344.0530417	186
7169	10405	248.9148079	201
7171	19968	2355.284222	82
7176	16887	353.5998857	204
7177	198	645.0975527	41.21271655
7177	5746	627.4092324	44.02173913
7179	11960	901.175579	60
7182	5094	641.8539436	137
7184	15721	1604.58953	73
7187	6244	214.0108162	167
7187	19266	215.9644625	166
7191	10890	3027.634454	73
7198	17152	962.1712561	38.58293741
7203	6559	522.0737193	124
7203	6690	515.786304	117
7203	8817	588.3887723	110
7207	20287	1160.228587	106
7209	9901	3519.389122	79
7209	17243	3423.534416	79
7210	16077	553.0239274	40.31678793
7210	17879	553.0239274	40.31678793
7210	20585	553.9396439	40.31678793
7214	4869	1028.704262	103
7214	5199	975.4564056	99
7217	14334	1277.01597	70
7221	11843	1580.568765	71
7223	14111	300.4201761	180
7224	5644	1498.365821	77
7226	19589	511.7879313	65
7229	7571	384.501726	214
7232	19837	1501.100893	111
7241	1967	735.4469773	87
7246	2986	815.4860708	100
7250	14743	820.2171916	148
7257	5182	884.0700107	142
7257	14550	990.4706579	151
7261	11207	787.7621047	68
7271	6968	2377.253756	60
7272	10409	226.3721343	129
7273	3476	2300.218932	60
7275	146	618.9561515	114
7277	20621	537.4506379	140
7283	15040	673.1825167	114
7283	19858	525.2560954	125
7294	17107	194.007245	209
7296	8711	1231.113214	78
7301	2215	245.0844865	135
7301	15156	241.1329577	138
7304	1993	818.0047407	50
7311	12488	1259.204277	55
7324	13683	825.8890316	79
7324	14973	780.5418977	72
7327	642	955.1096161	129
7333	5658	2517.441967	74
7333	18658	2406.858487	71
7338	17479	277.184038	78
7338	19413	270.2597393	77
7340	13397	5059.232197	68
7342	4027	700.8994822	29.63817606
7342	6282	571.3060892	32.36180563
7342	18932	731.4181999	33.08095687
7351	19312	507.5166269	113
7352	18325	740.5192339	81
7355	739	4383.488577	24.859302
7356	13983	248.7968306	161
7358	18707	1733.828374	46
7366	1879	2195.919051	136
7370	6798	3435.583546	104
7374	16679	740.7148048	98
7374	16775	756.1326152	94
7376	15517	559.4568637	64
7401	19974	725.422619	96
7402	6801	1338.257388	85
7406	6508	724.4159576	125
7408	2055	2324.216005	50
7408	10063	2353.27569	52
7413	594	1148.588489	111
7413	4445	989.9436368	114
7413	5863	1141.126985	113
7413	9234	1099.502378	116
7413	12175	1090.404325	116
7413	12549	1034.774687	109
7413	13381	1092.738114	114
7413	15359	1105.54818	115
7417	141	542.5614208	36.1209642
7417	2927	535.3148271	39.44033602
7417	8901	524.501425	36.1209642
7417	18553	535.3148271	39.44033602
7418	2826	759.4333912	112
7418	15719	735.9544247	111
7426	16385	324.6393765	196
7427	19864	1870.319475	97
7433	17984	1481.665771	140
7433	19904	1453.248433	135
7440	2940	367.9817188	92
7445	14019	1336.571672	26.5536902
7445	16828	1318.891701	28.99386789
7459	10059	1236.476258	118
7459	10242	1292.153555	119
7464	4609	733.6516563	22.27216015
7467	16977	2058.97127	61
7467	18416	2112.240153	60
7469	16839	740.3632854	108
7470	13827	1677.767388	74
7471	7503	689.1130958	125
7475	14717	181.4657816	168
7480	4672	3498.77733	5.827710219
7480	18040	3976.700438	5.827710219
7481	3353	1534.755267	59
7481	6478	879.6734182	71
7483	5972	508.2608307	131
7486	5789	748.8352174	162
7488	4904	239.4329079	174
7490	2663	453.7298503	122
7491	8651	269.0607925	183
7491	11804	226.5029523	174
7491	18174	297.4406188	169
7491	19207	219.4544751	161
7493	8832	1318.653611	163
7493	15506	1350.059891	163
7497	19776	2383.526666	39.44033602
7498	15367	2951.993397	63
7504	5773	631.2304802	97
7504	6990	721.4811312	87
7508	10096	1161.093245	41.21271655
7508	20638	1040.701241	41.21271655
7517	17919	1692.733453	113
7517	18144	1751.819765	107
7524	3971	898.7901258	95
7524	14890	1058.891253	94
7534	18205	592.7821229	67
7535	5422	1605.311578	87
7537	18433	2013.61799	96
7540	10534	315.7879238	143
7544	11432	186.8862879	136
7551	309	828.9188924	93
7552	2552	1164.099893	73
7557	5545	1809.774355	58
7563	8824	915.764475	57
7564	8317	1207.571347	97
7568	9650	1857.001946	60
7569	2164	341.3623832	189
7569	2355	382.2110784	174
7569	16802	436.6984875	166
7569	18726	431.6906205	162
7573	3405	554.4468361	170
7573	4345	608.6968007	171
7573	19804	667.8066071	155
7575	19339	850.4933686	91
7581	1981	1164.137207	95
7588	5284	2128.76745	50
7591	12035	503.3156591	131
7591	12605	501.6342492	132
7599	18635	408.5487664	43.0647448
7606	14300	199.7536036	206
7608	19560	894.2696021	69
7609	16573	2594.069054	72
7616	20086	186.3912203	214
7618	4312	1444.362628	84
7619	7011	219.4526403	195
7619	15132	267.223303	188
7619	16771	349.6745702	177
7630	12837	342.9695809	156
7631	62	2185.03046	129
7631	7088	1980.320687	127
7631	7676	2059.450587	133
7631	11237	1594.012848	139
7631	18520	1402.861802	144
7633	15552	1780.697265	116
7634	2049	264.9873883	83
7638	8873	3316.068609	79
7643	5661	1246.379507	100
7645	7439	284.2032194	138
7651	9991	1385.010407	93
7652	2859	1328.609269	88
7652	9456	1487.900039	91
7654	4360	308.7016201	120
7654	15084	259.7806293	130
7655	1373	202.6580525	114
7659	20439	723.3766798	112
7662	19619	376.6506204	98
7668	13760	789.7815743	57
7668	13893	469.7098925	61
7669	455	1340.680783	42.1285547
7671	11676	697.8626121	118
7688	14882	914.6614359	73
7688	17071	943.2835883	72
7691	5182	884.2503754	150
7691	14550	844.0556043	157
7693	1043	351.3235755	65
7693	2812	379.6424689	67
7693	13960	387.1419138	58
7693	16603	259.1179983	70
7697	4063	569.5089181	77
7698	601	1173.862633	91
7698	1145	1130.644014	97
7698	2152	1129.131311	89
7698	10991	1060.797209	95
7698	18293	1014.046846	100
7699	15435	2287.49981	53
7701	2164	464.3368272	169
7701	2355	460.7361944	161
7701	16802	503.1321449	163
7701	18726	515.0611913	153
7708	19059	617.2909056	80
7709	13586	935.3799536	67
7709	20458	1015.013943	61
7716	7591	364.1183646	43.0647448
7725	14366	1006.985542	128
7726	13507	191.7651018	225
7727	7932	607.9856844	86
7730	810	1408.892771	92
7733	10196	2839.575795	55
7737	12622	257.6715593	152
7737	17688	250.322438	153
7746	2585	477.3404128	70
7754	3067	1273.732965	115
7757	10540	495.3467227	86
7768	9332	1241.517599	43.0647448
7781	7048	1359.584319	52
7788	8239	901.5075072	102
7789	8774	2116.326002	55
7793	11785	5022.600222	74
7795	7665	1047.899204	69
7800	19655	343.2006744	181
7801	4513	324.1111687	129
7804	16879	550.211034	114
7804	18187	647.1052827	119
7815	4157	244.9996065	158
7815	11092	222.7062067	152
7819	14900	316.2906098	228
7824	18606	2078.452143	82
7838	12341	937.8355862	116
7841	4724	890.0873465	94
7841	6052	975.1149642	97
7841	12038	1000.769685	97
7842	13713	913.4159767	100
7844	8176	682.5122098	176
7849	10753	334.5939722	129
7849	10915	280.3084844	138
7852	1799	635.2562786	36.1209642
7858	1075	818.307692	161
7858	7057	814.7667443	161
7858	7071	639.4998053	157
7858	13280	812.270258	161
7858	14798	820.912899	161
7858	15978	802.491986	162
7865	1534	438.8757427	309
7865	3054	443.7852405	295
7865	15146	472.2159317	306
7866	1677	1259.161547	44.02173913
7866	5213	1273.03678	43.0647448
7870	5673	1038.195415	34.5675579
7870	10148	805.4098145	30.97006447
7870	10531	1142.160566	32.36180563
7870	10891	1167.053881	30.97006447
7870	15839	1147.234801	32.36180563
7871	13925	736.1841392	214
7877	9346	348.0776431	209
7879	17511	259.2124252	140
7884	9943	1749.463777	76
7887	267	2299.637929	161
7888	14505	188.6026412	186
7892	14229	672.2569137	111
7895	7489	478.5990114	140
7895	16742	487.9306098	154
7904	475	7125.798225	59
7908	3201	1625.622298	94
7912	17865	1224.96184	56
7926	7371	1816.093062	94
7926	8876	1719.572232	98
7926	20431	1802.865062	101
7947	1300	671.2117426	116
7949	11275	441.0727304	164
7957	13398	540.8197647	156
7964	5255	215.0008593	185
7974	14995	2292.267223	85
7975	11154	3078.099229	30.2968022
7978	8780	790.6327538	91
7979	2631	360.9187898	148
7981	17107	194.5662194	208
7985	2103	1754.819177	90
7985	2453	1928.058785	89
7985	19075	1938.393923	85
7990	2584	944.7952839	79
7990	11398	943.1461479	80
7991	13362	609.4088571	169
7994	4265	451.3784968	113
8002	20286	186.9725786	124
8003	2659	540.1162572	64
8005	8917	297.6780628	175
8010	11860	610.6572571	111
8013	4520	1639.345142	19.95426572
8013	5730	1629.011217	17.48895434
8013	16274	1716.584887	17.10875968
8017	7195	564.6349077	69
8024	9577	188.6851565	232
8033	4577	221.8863381	111
8034	15975	2167.335946	122
8041	20082	523.035595	114
8042	2978	275.3124936	110
8044	19135	1770.168153	68
8045	9908	2410.19107	75
8048	651	677.396315	103
8056	14790	240.4288841	178
8058	11858	436.2169029	116
8060	3701	796.3555457	113
8061	13627	1010.701797	110
8064	8556	223.9396084	160
8066	17335	1436.691764	91
8067	4888	647.269083	116
8068	1262	250.4819178	84
8068	14348	298.7612251	80
8068	14556	261.5769846	95
8076	2584	968.9639367	79
8076	11398	1028.1855	69
8082	9686	2040.661352	59
8082	18209	1360.941489	61
8084	14650	1451.06647	88
8085	16766	957.4134592	58
8085	17113	965.0717892	56
8087	403	354.0298162	152
8087	3014	320.5983329	144
8087	3199	343.2294468	144
8087	6466	291.9599319	149
8087	9068	338.714506	146
8087	10200	284.3402177	162
8088	7050	671.3988027	71
8089	14750	881.5583193	75
8094	3299	3064.108787	74
8101	18459	929.5616031	110
8110	5586	721.6456024	70
8115	6104	494.1254758	105
8126	315	689.0848485	78
8131	18609	197.5959798	177
8138	1676	784.7309179	107
8141	14691	856.7830875	48
8141	19340	785.6506192	56
8141	19866	803.0487571	54
8144	5692	3273.566948	88
8147	16369	465.6728075	50
8149	1608	2213.50008	48
8153	4053	499.6330999	58
8153	11739	526.2547232	54
8153	18079	395.9636445	58
8156	7338	821.8909852	130
8160	11811	586.9521457	108
8160	16748	481.4821547	119
8163	7105	228.0118063	171
8167	20553	422.7228903	264
8171	8837	1071.187535	93
8180	8070	2007.943374	59
8180	18347	1949.698976	55
8182	7928	422.2916871	133
8185	7712	1302.938543	138
8194	4089	564.596995	126
8197	4507	836.052224	100
8199	16417	1608.74984	52
8205	6650	878.124783	83
8207	3186	937.3050497	132
8212	15465	2947.239757	96
8215	14891	459.0791224	133
8217	17196	183.3409843	255
8219	18745	1117.955288	71
8220	14859	666.8001776	99
8221	5384	642.9186835	115
8221	17721	809.7711661	120
8230	18388	3131.746149	59
8231	14237	752.3534023	109
8238	4050	310.5113553	213
8245	15165	1724.267667	102
8245	19400	1666.372154	104
8246	14613	931.0462535	100
8250	12483	525.8628505	90
8251	1449	449.1044378	154
8256	6275	310.0266985	131
8261	9384	449.4864714	76
8263	651	424.9898442	122
8266	6819	275.4843049	135
8268	10076	576.475836	166
8268	14445	549.1916245	169
8270	12334	1622.66134	79
8273	12405	671.4728241	70
8274	18157	348.614909	109
8281	9813	2546.65241	74
8284	577	1937.679236	114
8284	11461	1907.166366	99
8284	13927	2154.538124	93
8284	14507	1925.476946	111
8284	18016	1960.361052	94
8285	2570	1594.122329	64
8286	8725	818.2737426	126
8296	7128	4594.897108	59
8297	11605	458.8775236	141
8298	10558	930.9136471	113
8301	9590	1422.227911	21.78798276
8311	10599	1136.28114	76
8316	17384	1885.448784	69
8329	2883	534.8504746	67
8331	19601	316.4257705	177
8339	20127	345.2753835	67
8340	8897	219.2939916	156
8344	172	980.9437698	62
8345	11445	875.2996745	58
8350	9271	1785.274025	36.92365229
8350	12950	1626.466475	42.1285547
8359	8673	2330.545774	104
8360	2658	1125.031607	86
8366	10078	1908.262818	62
8376	13598	744.6558247	67
8377	886	1022.549499	78
8379	7538	937.7628564	108
8382	12215	2913.849819	84
8383	4672	3586.609206	5.33723932
8383	18040	4277.020484	4.099896205
8390	19439	460.0930655	92
8396	1622	1054.401412	86
8396	2477	992.9290627	90
8396	2516	966.8969998	91
8401	13437	1233.282205	154
8401	18312	1159.940641	160
8402	3720	4229.626047	33.81608925
8406	9379	467.4017806	145
8410	7639	3122.083544	41.21271655
8423	1208	396.5916045	158
8425	20242	1280.9286	96
8432	12623	2348.920562	30.97006447
8435	4669	264.7620854	85
8448	3163	3534.29563	44.02173913
8449	5847	879.5888521	124
8459	9316	293.3966186	174
8462	13663	604.4785574	128
8477	13797	266.8780937	45
8483	11437	382.6084652	99
8483	17574	482.8678711	96
8486	15493	523.4912055	61
8486	15662	549.1582466	57
8489	13328	612.0198439	125
8492	6946	292.5466516	142
8493	19089	427.8622789	78
8494	8652	210.7758593	113
8495	838	250.6633882	189
8495	14535	299.1330678	177
8495	16758	327.2395229	183
8502	621	301.927388	158
8502	10152	263.4224606	173
8503	14265	211.0188915	160
8504	2606	1817.487487	60
8508	14591	1142.107681	75
8514	12614	1565.141699	81
8521	5373	2473.001542	48
8521	17850	2455.488733	48
8526	12724	1044.994927	79
8527	9889	254.9058004	174
8528	11214	351.3379039	144
8538	7055	295.107722	92
8539	6125	1685.746662	66
8547	1434	2188.203449	72
8552	5101	1461.185953	85
8554	168	346.4934173	46
8559	9431	528.011104	98
8560	16907	192.4498215	220
8564	4098	3463.353645	27.74696714
8564	4883	3527.545654	27.1437722
8564	10809	3438.027324	29.63817606
8564	11878	3543.347789	27.1437722
8565	13923	548.3884796	166
8571	12376	1211.710746	92
8609	15181	453.1771614	244
8610	485	430.3109013	210
8611	7204	993.0538032	73
8612	12904	284.7347989	151
8616	15831	1177.460055	117
8624	5057	1054.944265	96
8626	9999	3027.382143	80
8630	15722	1131.527618	159
8631	12467	897.6010797	95
8632	7907	324.8618746	128
8636	2482	3038.682401	80
8636	5580	2942.670653	75
8636	19739	3022.793044	75
8639	3760	623.8386337	136
8647	16755	1379.956756	84
8648	11192	834.675257	69
8650	12718	899.6361016	83
8651	18641	776.184602	64
8652	2787	558.6899378	121
8656	12466	1967.737135	74
8657	5525	277.7364853	193
8663	946	668.9908808	157
8673	20273	323.7753424	179
8676	14695	460.0103574	92
8676	14881	484.7088289	78
8678	17328	223.9483886	200
8678	20302	244.3232448	203
8686	13826	1132.058703	87
8689	3354	1408.52499	68
8689	7354	1395.039545	70
8689	14096	1356.371968	69
8689	15769	1359.201654	67
8689	18871	1264.902821	79
8690	1011	465.4787786	59
8694	11480	718.1966477	95
8700	3836	1366.714435	65
8701	12370	601.0196565	52
8701	17822	1017.820954	44.02173913
8701	19940	1177.924379	42.1285547
8708	853	568.7270406	137
8708	4846	647.8714878	130
8713	10332	1215.392438	97
8716	1763	1162.950795	35.33572585
8722	14131	444.7090515	95
8722	19807	370.804934	98
8724	5415	318.7356514	102
8725	13365	1127.941211	83
8725	13907	1162.18294	85
8730	7346	726.3089542	81
8730	15133	624.7569181	87
8735	12164	1457.015992	69
8738	18865	386.6576608	131
8740	1672	986.24599	162
8741	17191	320.4879565	133
8743	6514	863.6816013	75
8745	6830	349.7835509	168
8751	16062	200.2716249	102
8753	2517	1374.027796	64
8753	10007	1443.648158	66
8761	1109	833.5581888	49
8761	13474	860.1067575	47
8768	15081	2382.871352	109
8775	1974	306.9070111	258
8775	5963	276.8465835	253
8775	16390	313.8396884	259
8784	8799	2301.432304	42.1285547
8784	16723	2275.255324	42.1285547
8797	19412	239.9878593	225
8808	20449	1146.585448	40.31678793
8809	16602	674.2492263	103
8812	4996	3431.861825	80
8812	9230	3377.837279	73
8812	14232	3274.835899	80
8812	15349	3446.670255	78
8822	17435	2139.791838	67
8823	18485	280.3572077	315
8833	19001	800.2426078	109
8838	746	2686.471319	152
8839	12116	316.6695787	164
8843	6337	302.2145006	112
8845	5892	449.8649946	128
8852	17585	516.4002067	134
8855	20367	344.8818211	148
8864	8898	576.582255	164
8873	929	1508.789654	124
8874	15319	1237.757155	75
8879	7122	1023.161782	28.99386789
8880	797	690.8490471	82
8888	11275	492.3443547	156
8897	8965	1342.014787	86
8898	5392	581.7893413	161
8903	18786	5665.738074	49
8906	9723	1199.727377	109
8906	18650	1181.501059	111
8908	8164	819.1922391	88
8908	15215	683.6679466	93
8912	6087	527.0229413	128
8914	11691	9344.737119	63
8918	3311	1403.732504	119
8918	5056	1324.156867	114
8924	8036	4987.903487	54
8937	3164	582.346213	102
8939	6907	896.5483997	139
8941	12478	1850.850535	101
8945	13352	3278.225727	102
8945	13729	3383.638551	96
8947	2116	2447.281629	88
8947	17732	2588.489663	84
8947	19459	2452.430981	84
8952	7065	630.1450422	117
8952	13835	476.9434546	133
8952	18149	501.7707437	131
8952	19151	558.6105153	126
8953	2569	411.6331373	115
8953	6835	411.5312931	115
8953	7413	406.4865739	116
8954	8253	1391.446678	66
8964	3621	372.645269	97
8967	5300	480.674371	80
8975	6218	3363.86247	76
8979	2959	219.9799679	131
8979	11453	197.9071936	138
8990	3478	836.6210593	137
9001	4737	3357.40894	19.95426572
9006	19255	200.1522492	255
9010	5614	1088.244762	98
9016	5335	1628.980808	51
9022	7198	1686.521001	109
9028	15313	690.0124763	103
9035	8670	1239.7583	111
9038	6682	2101.053697	68
9038	10342	2041.242378	71
9038	11944	2008.704138	71
9038	13935	2097.589622	69
9039	862	1435.816332	69
9040	606	2234.4032	151
9042	12373	252.2095303	129
9043	662	1934.446467	50
9044	11004	781.2608446	70
9044	19449	765.3494606	68
9045	20165	286.1010913	102
9046	15757	547.2932203	33.81608925
9051	2370	588.5818796	120
9053	16051	1761.522574	82
9057	13141	247.7914116	140
9071	1681	267.4580426	129
9071	4436	265.9948987	125
9071	13315	236.0499008	137
9071	13496	274.2880501	126
9071	18623	290.5828315	125
9073	9894	1608.04328	86
9076	18066	1077.209841	94
9077	2046	319.0392636	125
9077	15231	427.5747976	132
9079	1173	2205.726476	27.74696714
9079	4642	2267.85337	27.74696714
9079	20014	2281.388129	27.1437722
9107	3133	858.5064038	134
9110	19109	473.2231414	160
9110	20390	918.1809855	149
9111	4409	3621.210501	90
9115	17801	2016.487035	119
9117	17068	584.6426088	84
9119	15620	3053.426422	31.65828812
9124	7105	182.582232	181
9131	18802	2400.468266	104
9132	15728	227.3801429	139
9139	5274	956.838572	135
9144	5939	2545.382312	36.92365229
9144	20475	2427.675846	40.31678793
9146	7192	1492.239479	92
9152	7715	440.0201596	99
9158	405	1095.402955	74
9158	17798	1066.762798	72
9167	5125	1828.543079	55
9175	13546	214.3196634	147
9177	1499	704.2658522	107
9180	6559	666.6741996	112
9180	6690	643.2171132	113
9180	8817	681.544021	110
9187	14465	242.6910877	141
9204	20272	428.8419127	100
9206	15876	260.6251131	162
9220	10823	275.5840747	111
9230	4044	1125.042808	137
9230	8289	1010.962924	140
9230	10206	947.0621309	143
9230	16205	1034.301113	140
9233	16905	548.6213242	112
9237	1669	1192.952345	80
9246	259	210.1187377	117
9248	17959	182.507243	124
9257	19171	252.9936354	91
9259	4655	1088.323869	105
9259	6586	1144.809518	103
9259	8549	1229.247525	107
9271	8986	235.1404088	121
9278	2348	773.5053044	110
9287	765	1368.295023	80
9291	18138	636.3423504	100
9297	12069	1546.338772	83
9299	17457	1359.430706	21.31433096
9306	10409	226.3721343	129
9308	6321	1839.744143	88
9319	7342	2115.765447	121
9324	151	423.6956847	54
9324	1092	436.9557753	54
9324	1765	460.9259731	55
9324	4789	483.8068571	52
9324	5067	489.5252887	51
9324	5231	489.378921	51
9324	6618	488.2108158	51
9324	7922	489.9425854	52
9324	8692	458.2207706	55
9324	8748	460.2324232	55
9324	10273	489.5252887	51
9324	12064	400.7698907	59
9324	14960	489.5252887	51
9324	17150	383.4446924	60
9324	17398	434.9029914	59
9324	19125	468.3480057	53
9324	19697	489.5252887	51
9345	2473	875.5765983	161
9349	5927	311.325066	118
9350	11771	1120.966459	104
9352	15563	345.5613209	182
9353	10616	247.4394484	180
9372	20044	1482.833815	43.0647448
9378	9903	1891.231527	117
9378	11568	1914.175653	125
9379	2781	427.1826838	139
9381	13662	398.2412016	167
9392	540	1226.886667	16.73683012
9392	2590	1213.794318	16.73683012
9392	13020	1239.647453	15.32822746
9392	14375	1211.063837	17.48895434
9392	15814	1209.085378	17.48895434
9392	20252	1261.764007	14.35013486
9394	4786	194.230637	216
9394	7273	194.230637	216
9395	12228	861.0490128	55
9396	19359	681.4926657	58
9406	16065	291.8986514	97
9410	19876	879.659616	186
9411	17181	3193.770517	69
9412	5650	1786.529311	61
9414	2626	2160.673912	86
9419	4467	1813.349786	59
9428	9237	780.2769239	118
9445	16823	387.5761717	124
9446	11443	212.8769515	193
9448	2649	370.6050514	177
9450	1538	1493.386138	85
9451	589	399.6482743	140
9453	11160	1021.018208	116
9455	5938	398.365747	43.0647448
9474	905	215.5473258	134
9474	13648	250.1622293	120
9487	16319	2169.687157	63
9489	4656	2684.842442	50
9491	10124	340.7693102	138
9491	14376	366.3110043	113
9491	18131	375.3396506	145
9498	20648	522.2481317	139
9506	5588	257.3907642	104
9515	8332	810.8629204	47
9529	15732	384.876093	92
9536	10478	4872.02511	23.79021103
9536	11245	4898.823632	24.859302
9543	6275	310.5622509	124
9548	14117	326.3254776	195
9549	13125	2161.044205	28.99386789
9550	10672	1595.51333	74
9554	6988	1576.478593	89
9555	15892	2531.495591	69
9557	955	1467.818931	95
9557	1544	1439.129641	91
9557	19932	1468.233412	93
9561	11686	2294.115504	147
9572	601	925.2285317	101
9572	1145	931.9193379	107
9572	2152	889.4062544	106
9572	10991	799.192936	120
9572	18293	813.3925937	118
9578	14636	3587.85372	91
9584	15621	864.8681973	165
9592	814	498.4021708	118
9592	16695	507.4510326	116
9592	19933	392.274059	127
9596	20647	695.5032973	110
9613	16498	5375.425246	58
9623	2205	683.679967	106
9623	16418	625.5096114	113
9624	3638	970.9558193	87
9625	8449	519.651082	135
9631	6705	448.7319372	154
9636	1051	807.527749	111
9646	7577	838.8816756	108
9651	2494	712.9131938	52
9656	7995	4426.901517	69
9660	6819	420.7120409	115
9665	8477	449.361584	151
9666	14951	1146.84047	87
9680	1280	2313.452116	48
9683	2403	2593.939771	47
9685	4078	1630.934957	112
9688	5886	305.2468206	131
9688	6346	201.5939295	167
9692	3271	2325.954301	67
9697	18503	378.0727264	122
9698	18264	343.3027874	162
9698	19912	429.77341	154
9702	16676	1567.68479	86
9706	12678	944.5092429	78
9706	18999	937.3666965	80
9715	18164	683.129916	95
9719	19447	1309.597091	71
9720	4138	635.1164929	61
9720	8408	535.5774497	70
9720	12066	603.7016663	63
9720	12444	596.1568869	69
9720	16804	619.8638036	62
9720	16859	632.2730511	65
9722	11941	317.4630189	86
9724	4510	187.7704088	232
9725	15543	187.1627482	169
9727	2174	2530.071782	50
9728	8522	359.8176287	84
9728	19103	435.5347373	85
9729	4549	380.3782897	83
9729	14032	466.7410048	70
9737	8585	3383.595547	28.99386789
9738	13811	1090.087874	101
9742	1989	2091.871993	111
9744	4686	297.1672236	75
9749	8535	395.4151975	104
9756	3757	636.5065751	92
9756	4530	566.3122249	102
9767	3832	2130.170905	49
9779	14820	636.7527746	139
9780	11018	1814.062656	53
9780	14755	1750.230038	56
9794	7042	1267.084394	146
9800	15074	751.8639515	102
9814	18139	1222.645549	70
9818	17361	362.5405224	137
9829	17781	3128.820799	45
9830	4903	252.4281355	178
9834	11811	396.6944993	137
9834	16748	334.2124439	132
9840	5316	563.4836646	109
9862	7981	1478.851724	133
9864	8285	284.2041068	164
9869	7401	1479.364901	54
9872	2845	1017.474125	157
9896	14830	297.3148332	141
9898	12217	1503.445394	134
9901	1407	459.2350069	149
9906	9482	263.3896663	96
9908	2032	1428.016651	79
9908	19446	1359.210449	81
9911	634	687.6696224	89
9911	6148	674.9585736	83
9911	20450	845.2306735	88
9913	2685	1969.309083	93
9915	19065	640.1305013	133
9916	7141	691.736105	148
9922	14164	465.4337138	200
9924	277	513.5831768	98
9924	11049	606.4869795	92
9926	1371	792.679319	120
9929	7037	1917.653957	62
9932	9564	1211.601788	77
9937	7638	1135.610321	90
9939	8391	250.5487723	171
9947	3547	349.9296046	89
9953	13047	907.327641	78
9955	3757	450.3597373	108
9955	4530	424.1377677	114
9957	5314	573.9183459	166
9963	10409	229.645465	138
9967	4811	1801.049425	47
9967	14738	2438.868049	52
9967	18199	2438.868049	52
9976	20372	745.4605528	57
9977	13579	791.2901002	50
9988	2279	1109.265895	113
9988	3135	1163.929184	111
9988	11084	1097.439649	115
9988	12998	1042.813206	118
9988	17317	1033.535323	122
9988	17348	1060.414063	119
9991	11749	819.8038122	112
9994	6793	683.9631396	135
9997	10706	1883.80743	64
10012	2324	886.7069107	203
10016	6572	905.3635169	59
10017	9471	328.608205	162
10019	8588	670.9702909	18.27487772
10022	15699	1482.2283	81
10033	405	980.1858552	70
10033	17798	1064.511191	63
10036	18527	3834.239427	24.859302
10037	711	1790.780515	69
10037	5728	1670.176051	74
10037	14751	1821.002724	68
10043	1075	837.2090241	160
10043	7057	833.6448629	160
10043	7071	651.2313948	156
10043	13280	831.1412082	160
10043	14798	839.8265242	159
10043	15978	821.287962	161
10045	2177	727.8740559	167
10048	13705	229.2837553	171
10052	5182	797.5677558	151
10052	14550	762.8734346	159
10053	20005	253.84979	191
10059	1976	1216.792367	99
10064	20214	1863.231741	74
10069	2090	299.4384291	141
10069	2390	345.0028852	141
10069	8328	336.971434	136
10073	16240	922.9855502	144
10088	14862	425.3311474	125
10089	6035	2697.57666	36.92365229
10089	12137	2952.691332	38.58293741
10098	17293	217.1651367	105
10102	14566	1128.755777	95
10110	18481	434.2869914	133
10116	16232	303.9297337	89
10117	1599	467.0375609	112
10117	15572	476.8609509	114
10117	16371	507.5321176	104
10118	2663	625.8661637	122
10122	10057	1261.328683	56
10124	3710	406.5428617	115
10125	15661	1047.563081	108
10128	814	539.4407606	111
10128	16695	544.7093078	108
10128	19933	409.5134807	123
10132	6842	872.8241708	107
10137	12912	3483.084267	2.584170628
10139	3220	2682.643133	80
10139	4184	2610.202306	76
10139	17963	2645.024035	82
10139	19274	2673.841603	74
10140	5792	183.1791689	242
10145	3895	2355.699375	118
10145	14464	1901.060575	133
10145	14996	2110.890776	123
10148	13193	996.6907935	39.44033602
10150	203	939.8161169	74
10151	6182	405.5000195	122
10156	6454	941.5115343	67
10158	5667	332.0129384	205
10160	2052	2387.650406	99
10168	2182	1964.345647	85
10169	17908	2446.855108	67
10177	10056	570.3244368	88
10183	5352	190.0827403	207
10185	1614	3925.405224	114
10187	2462	985.3752239	90
10197	12405	663.0917328	72
10198	11666	360.6579731	88
10198	18952	363.4501731	88
10199	16317	1084.658432	72
10202	8595	1776.554157	129
10203	7233	2655.379618	35.33572585
10203	15422	2608.572561	36.1209642
10206	4132	1354.225685	67
10206	20051	1359.937341	65
10208	16713	871.705887	125
10215	2657	632.7583141	106
10222	2382	647.9040881	50
10235	13861	6761.236854	51
10238	5407	726.5796332	88
10245	18261	1366.34204	61
10248	3652	449.9172685	177
10253	4910	1086.359819	82
10254	10040	462.4773677	92
10256	8952	564.1273455	114
10258	18437	833.8863397	95
10266	4672	3586.609206	5.33723932
10266	18040	4277.020484	4.099896205
10269	7256	848.9908011	63
10269	20419	755.2395197	71
10273	2923	2696.326357	38.58293741
10275	9045	891.3539586	85
10279	19965	565.132998	116
10291	19702	293.3451098	261
10297	3124	1283.017796	56
10303	11326	570.493929	104
10306	6090	2904.67865	52
10310	3381	702.7401904	39.44033602
10319	7783	367.4407925	167
10319	10696	326.5740015	160
10322	8807	3439.186204	59
10328	2466	1420.014193	79
10328	4322	1421.298876	79
10328	16215	1369.685936	81
10334	5241	235.5944506	132
10334	10220	202.9829845	147
10336	10600	1190.63996	35.33572585
10342	8130	2486.655492	53
10346	6776	222.1338101	182
10347	17933	1540.735176	38.58293741
10348	20111	1943.67172	86
10350	18566	339.3116564	101
10354	14981	369.7445365	164
10356	8952	478.928775	123
10361	6682	2040.328497	69
10361	10342	1968.970707	73
10361	11944	1988.882122	71
10361	13935	2098.918837	69
10367	5220	444.3508332	56
10367	17344	463.0157497	54
10368	3402	2234.954479	39.44033602
10369	19861	227.6156524	126
10376	13992	368.3679499	121
10381	5496	2278.078379	31.65828812
10381	15439	2194.554991	30.97006447
10391	14343	2409.357532	39.44033602
10394	426	1632.232013	110
10397	13471	1385.815577	76
10400	8252	480.6685331	164
10406	7851	608.1614568	118
10407	9761	1254.049698	56
10413	265	572.1071966	80
10413	10658	577.7434528	80
10422	6566	1964.628864	35.33572585
10429	18465	226.6327822	156
10433	1529	1515.47476	78
10435	9296	243.8929056	157
10438	8719	496.6289615	134
10439	8252	426.3415814	172
10441	14975	1422.663731	85
10444	6758	1642.146517	14.99500512
10444	17067	1680.972602	14.66902675
10445	3753	186.4413231	150
10452	5957	827.6055231	16.37298599
10456	8369	1037.287441	8.467756344
10456	18746	997.1031125	11.02331373
10457	3781	5848.669357	61
10459	9652	357.4468278	180
10467	594	1153.962253	107
10467	4445	903.2370055	114
10467	5863	1131.346885	106
10467	9234	1202.006166	102
10467	12175	1144.049582	110
10467	12549	1116.471698	106
10467	13381	1167.089969	105
10467	15359	1183.544271	105
10471	14750	812.8873428	82
10472	11090	1380.715752	45
10473	10471	812.5222597	133
10497	16927	1148.697494	146
10503	10470	1268.501466	93
10514	6278	2633.128539	95
10515	6577	388.7580914	122
10516	11606	835.0847656	174
10517	2279	1094.710913	116
10517	3135	1121.617062	118
10517	11084	1121.711827	114
10517	12998	1025.370931	123
10517	17317	976.8647897	128
10517	17348	1009.069724	119
10522	16782	210.7689638	171
10522	18570	213.1106798	159
10525	4087	779.252495	86
10526	1622	1110.707032	86
10526	2477	1080.016321	79
10526	2516	1075.170153	84
10529	19731	452.3001815	140
10533	16472	506.9588727	148
10535	3312	555.6324038	151
10537	5197	1354.278522	61
10543	19489	375.5929837	177
10544	2904	258.5905819	136
10545	4144	1552.409839	82
10550	17882	628.1865159	77
10555	8169	281.6969335	91
10555	20039	265.31808	97
10557	14537	338.6112542	126
10563	15514	617.2928757	114
10570	8734	333.4645633	140
10573	3884	1435.789961	105
10576	5130	472.2018345	114
10578	6689	652.6400945	163
10583	2957	1849.304163	102
10584	3694	1233.500757	101
10587	489	1715.617174	75
10591	17518	504.7184864	17.87759777
10592	9123	3859.802406	28.36356641
10601	5897	354.6959549	144
10605	4605	1029.841424	102
10605	9177	798.2189993	108
10620	15340	384.6975933	115
10626	11209	1164.627725	79
10631	4672	3610.143223	4.996670636
10631	18040	4279.981721	4.099896205
10634	15927	1292.643016	57
10634	20427	1265.525496	55
10644	15496	400.0882668	145
10646	7581	1256.952891	18.27487772
10649	13117	1545.619817	76
10652	19603	610.1230594	90
10654	15934	1741.818907	92
10658	1095	1467.265743	64
10658	2736	1454.639241	65
10658	5785	1526.545979	60
10658	12168	1498.656149	60
10658	16772	1554.872196	59
10658	18625	1525.699009	60
10663	13276	1604.215734	62
10665	10124	373.9835026	115
10665	14376	379.4136761	116
10665	18131	459.4976948	112
10670	3725	242.7926165	89
10670	18381	296.0930768	77
10684	7505	359.2891235	80
10684	16880	608.4813645	54
10684	17203	349.9871415	83
10693	8902	354.0929751	204
10693	11636	351.629771	215
10697	20295	566.9309096	78
10703	407	1412.520594	135
10707	4805	671.0860732	105
10710	13238	3134.738495	22.27216015
10717	387	2027.983089	124
10718	6611	916.2306684	135
10719	12131	1058.06856	101
10721	8108	512.7906295	118
10737	997	264.9210058	118
10739	20511	411.9686823	186
10740	19568	1823.426198	78
10745	1266	185.6985131	138
10752	1484	199.57466	180
10752	3877	254.4172817	177
10758	15258	1091.803192	23.27303253
10761	8463	2301.750709	124
10761	9887	2112.472176	130
10761	10881	2434.411891	125
10762	9976	1890.042739	81
10768	8582	1819.448572	72
10771	2804	811.9301311	133
10771	15516	762.7923048	134
10775	2455	1866.849447	48
10778	18318	1477.775278	89
10779	1311	184.9287073	292
10779	11659	195.5118247	286
10781	1044	633.4856598	16.37298599
10785	18455	420.2354214	149
10786	1694	1001.683351	145
10789	10011	1563.037443	86
10794	20120	1796.06173	68
10794	20563	1762.022567	71
10797	8106	366.337303	209
10800	13220	311.1869764	213
10802	5849	1698.081121	119
10811	15638	188.753913	173
10812	1017	299.8373079	162
10812	4618	302.7149687	168
10812	9127	269.0200157	159
10820	5343	899.5037722	134
10828	2322	727.3344265	114
10834	18499	2791.679273	62
10844	18670	426.2165759	71
10847	6277	1471.21615	90
10855	2443	480.7941578	32.36180563
10856	737	387.0898478	143
10856	3119	397.6869215	142
10856	4764	378.1292094	153
10860	12090	383.7208584	114
10866	10194	1182.740406	76
10867	18463	365.7466762	125
10870	20533	459.588784	102
10875	6091	2288.569902	75
10889	7840	333.2711885	132
10893	6731	995.4969917	163
10917	17720	483.2072988	141
10920	9021	372.6205405	122
10922	7117	1747.330991	114
10927	570	775.0734817	136
10928	2535	1904.763107	67
10935	4748	2914.567204	44.02173913
10937	498	1465.720066	71
10937	1704	1552.546671	77
10938	3003	1285.855308	93
10945	762	2330.934323	72
10949	14645	220.5241129	99
10953	12069	1468.245587	89
10955	9411	182.698748	169
10961	9225	208.8545876	178
10962	14529	798.5506773	82
10971	11770	746.7002364	57
10981	17389	915.0400074	70
10989	9596	474.8447753	137
10990	3392	1150.94879	105
10991	11943	217.7071467	266
10993	4017	1042.127401	113
10993	8566	1077.787102	114
10995	13760	744.9837824	61
10995	13893	393.0712422	69
10996	458	231.4102954	101
10996	12262	226.2893645	104
10996	16440	218.1222467	102
10996	17268	220.7407415	104
11003	4869	897.0964641	98
11003	5199	862.7113964	104
11009	2458	520.6476886	156
11009	3034	570.7510992	153
11009	6126	527.1416287	157
11009	12174	564.910962	157
11009	15941	587.9504451	159
11021	9607	489.1735821	110
11021	13028	521.7620128	122
11021	16267	483.0246452	112
11021	19844	467.4999313	111
11023	15059	878.7255667	106
11032	7064	236.4403996	171
11033	5210	402.4417361	162
11044	16960	1000.222584	137
11045	10048	1174.38502	43.0647448
11046	20604	246.4489204	151
11050	12678	1165.839961	69
11050	18999	1113.783375	74
11061	5460	678.159123	153
11066	6879	197.6463632	158
11075	14254	871.577269	110
11078	18294	800.7668273	54
11081	10025	533.4572027	106
11081	13165	350.5488076	131
11081	15861	538.9153872	96
11089	16337	1556.091753	22.76709704
11089	16689	1544.202272	20.39769385
11090	2787	475.5916755	114
11094	17097	313.9907206	115
11100	19583	927.189765	44.02173913
11103	17998	634.8100207	100
11104	10417	2358.438982	53
11110	14412	2779.63237	46
11113	8685	1596.952904	95
11116	16901	481.9416449	154
11125	12230	1162.65036	94
11128	5584	1227.785924	87
11135	1298	750.8913236	102
11135	3758	1153.139453	95
11135	8275	809.1639452	95
11135	17830	847.8636284	91
11144	8516	310.8600707	111
11166	4036	653.2533231	97
11169	3546	838.3901477	89
11169	4870	741.5161645	97
11169	7832	754.3725301	92
11169	9649	833.080019	94
11169	12580	782.5686175	97
11169	18595	831.0475703	93
11169	18602	804.9521979	92
11170	2438	695.7505864	43.0647448
11178	7383	643.9944805	76
11195	1805	1458.616019	44.02173913
11199	3081	1068.785997	135
11201	15906	297.5087989	158
11205	19299	1551.610676	135
11218	1943	723.4362623	94
11218	12462	482.2109532	110
11218	19303	517.7312034	111
11223	4852	926.4243957	89
11224	7295	529.8069239	86
11230	3136	314.601879	98
11230	5693	372.1421106	96
11230	6395	441.7950849	88
11236	19775	207.5704231	179
11240	4380	928.6628112	120
11260	9636	550.2887423	134
11260	15652	413.0203561	148
11262	8284	2449.67773	34.5675579
11266	8539	2886.998864	64
11270	1523	1475.11874	120
11276	62	2150.092466	134
11276	7088	2074.739077	126
11276	7676	2051.353914	139
11276	11237	1572.820645	136
11276	18520	1478.83516	138
11278	4397	1706.200197	57
11278	4557	1710.745524	56
11278	18892	1679.701066	57
11280	15438	1863.940399	84
11295	111	2228.31744	41.21271655
11295	894	2195.845782	43.0647448
11295	11106	2154.713	45
11295	11959	2177.015287	41.21271655
11299	2407	1457.788763	106
11311	12515	1528.854662	48
11315	1398	1626.70094	116
11319	6866	1709.409852	58
11320	19028	195.5410584	146
11324	12514	665.7080932	148
11331	11160	1035.498176	122
11333	7869	2623.679298	63
11334	18215	541.6559909	120
11336	2658	911.6385909	98
11341	3142	799.3646836	53
11341	17527	987.4824134	51
11341	19152	991.5089956	50
11343	12673	194.8191278	115
11348	2086	514.6847186	202
11356	9964	718.2029568	136
11358	10902	1693.77697	93
11361	8370	2621.097989	33.81608925
11365	3857	366.768234	176
11371	7580	515.0108438	93
11372	10019	261.8154278	200
11373	6858	384.6728534	177
11382	20064	2005.037628	56
11385	3362	2291.536524	51
11386	3728	293.6056475	107
11386	18831	302.9408227	105
11388	736	1639.152234	67
11394	12844	1690.064943	117
11400	14748	1170.502654	29.63817606
11405	12426	2144.818695	57
11405	15693	2309.40129	54
11408	9953	370.446244	76
11426	8418	1003.932426	121
11426	13857	1086.505134	106
11429	912	654.0390151	104
11436	7225	1663.66484	128
11436	13731	1663.66484	128
11449	3823	1396.350897	60
11452	19892	926.3115982	106
11457	16237	639.0951209	123
11462	11457	787.182077	97
11473	2164	423.7481743	178
11473	2355	451.9865615	177
11473	16802	493.0588513	155
11473	18726	478.6191513	160
11478	7677	811.3941767	152
11479	9949	3241.819339	59
11484	3631	879.2539619	143
11488	1236	1984.677702	60
11491	3220	2981.088082	75
11491	4184	2779.781077	75
11491	17963	2858.229596	77
11491	19274	2778.469129	76
11503	5832	2969.059712	88
11503	9397	3935.50639	89
11503	10236	3784.385689	88
11503	18120	4009.135231	81
11503	18431	4340.35991	80
11508	1235	328.6877375	184
11514	10444	755.3410689	72
11533	1832	404.9290392	66
11533	18521	404.1732733	67
11533	18615	415.7359045	81
11542	531	1934.13392	35.33572585
11545	7736	1557.965944	91
11548	9563	500.5377945	131
11550	7488	184.6125418	158
11560	18907	2055.345527	119
11565	5725	1554.51194	79
11565	20572	1558.49564	79
11574	9157	3523.85361	73
11576	2001	325.7457434	147
11576	18719	254.9446631	158
11584	2018	453.3480109	73
11591	4612	894.4351056	118
11591	12060	1067.259006	117
11594	19546	352.1132906	163
11615	18781	1084.343403	99
11626	7813	676.4161604	174
11634	16402	1096.685064	44.02173913
11637	8358	2298.021468	47
11642	2270	1350.366926	73
11647	7662	224.5463665	174
11648	9292	442.4764491	200
11648	16132	533.4317076	187
11660	15637	1025.598745	49
11661	5261	1009.272532	132
11662	485	429.6299827	205
11671	557	1346.655397	82
11673	5527	632.1911731	90
11678	7451	2547.013454	98
11681	12839	1869.989703	121
11688	1101	1022.29779	82
11688	3332	1050.312796	80
11707	19527	717.4168938	100
11711	3224	1781.761958	45
11714	9047	909.2776126	41.21271655
11714	16301	858.6666941	47
11718	505	985.7452813	102
11719	20352	1124.85007	83
11721	1074	279.8494927	148
11725	15944	904.7550144	80
11729	10184	6070.652643	48
11735	2986	844.8770228	98
11736	949	3183.449763	40.31678793
11747	1115	259.1643412	164
11747	12491	234.1502974	153
11747	17416	258.1687211	167
11748	8079	903.5598092	96
11748	16610	737.1431374	100
11749	9030	3086.6638	46
11754	8439	408.8094529	108
11754	15310	423.8537563	104
11763	7478	2623.47555	78
11768	10480	1554.409376	85
11770	6103	1627.300788	94
11788	10683	394.0024074	171
11790	11219	1052.033448	90
11794	6274	976.608619	90
11797	10241	425.0138802	188
11799	12514	809.7415292	156
11805	13844	1083.031109	58
11808	8335	1346.155645	81
11811	3214	268.1249596	151
11817	4360	455.6625941	98
11817	15084	450.2982041	99
11818	3895	2441.175922	116
11818	14464	2094.578764	118
11818	14996	2227.637029	122
11824	3302	1200.572255	96
11824	6696	1281.837736	95
11824	19031	1276.252732	93
11836	17356	2723.353911	37.7441779
11837	1372	1145.531799	25.97643606
11837	3949	1146.07857	23.79021103
11837	8256	1062.791538	30.2968022
11837	12119	986.4203871	27.1437722
11837	18028	1083.196759	24.859302
11843	5264	1127.691286	52
11843	6210	1278.56591	52
11853	2939	243.1707987	114
11853	8280	226.9038486	120
11853	11339	225.9507806	123
11856	8468	925.9923701	77
11858	2547	1038.571006	38.58293741
11859	19224	657.7669521	78
11860	9938	867.726431	91
11862	845	1329.321063	110
11862	14302	845.7502273	118
11876	18629	1051.179259	83
11880	14467	2300.374158	81
11889	12360	1066.862522	86
11890	5815	423.4796426	71
11890	7406	423.4796426	71
11890	18345	479.9793478	58
11893	8677	414.3538039	27.74696714
11894	2614	1157.177587	43.0647448
11905	273	426.4679851	100
11908	8716	1758.327356	131
11909	4605	951.4716751	107
11909	9177	750.7096025	114
11910	15958	2421.689837	97
11914	17060	887.5746104	85
11918	11811	531.613442	121
11918	16748	509.1027316	113
11920	19339	884.0797136	97
11923	1488	1513.015864	113
11923	8493	1321.315461	115
11930	12837	328.8464147	153
11937	8314	2101.631142	119
11937	11465	2193.137434	109
11937	14674	2007.648747	115
11939	14840	738.3651349	123
