4	15501	902.2984068	121
5	3413	242.5882472	107
5	6395	301.2391349	83
5	14307	242.1831211	104
5	19235	215.5780579	111
11	14288	1163.479782	34.5675579
25	10789	344.1529239	263
30	2847	226.4658961	199
35	5435	598.127782	109
52	7599	1407.416227	140
56	5440	1401.203633	99
56	9899	1305.500413	101
56	12571	1185.983867	119
60	13930	393.8876014	150
66	7485	202.2075093	121
66	9857	289.2452221	91
66	13604	202.2075093	121
72	6639	549.1956684	114
75	11032	330.519942	138
75	17502	296.0734814	128
77	12794	1051.891346	103
78	10381	182.7242026	196
100	2239	525.8560319	94
101	4981	4015.030051	36.1209642
101	7753	4297.234826	35.33572585
106	13706	3296.053103	31.65828812
130	1877	338.8925518	154
130	12943	346.1466871	144
133	1757	417.3528753	126
136	15826	1228.358633	193
139	17899	477.9760546	109
144	6215	183.8822395	199
145	9768	3784.323873	63
146	7925	465.716767	158
147	15831	1655.544567	64
152	2353	652.8732331	103
154	1385	201.5616458	220
175	3751	10499.74695	58
177	7934	2054.319964	90
192	2685	788.0319815	59
192	17633	822.1233394	65
194	11345	786.2061419	134
199	810	1227.453946	110
199	3606	1363.672602	115
200	6884	6871.938945	82
202	8900	955.2371375	91
204	10484	475.7479546	129
207	15471	4339.784195	55
215	17727	829.0916184	96
218	5582	606.3749617	144
221	5384	1381.946847	173
228	16172	282.6789163	192
231	5223	1537.293176	47
231	7702	1533.983851	48
231	13504	1544.219663	47
231	14421	1517.268941	48
231	15942	1591.926625	46
236	2467	986.4722429	88
236	4076	962.0549636	89
236	6696	1074.26956	87
236	6751	1131.739322	83
236	9315	998.8500736	86
236	9482	1072.877337	83
236	10841	1059.872623	89
236	11934	1102.394646	84
236	11971	956.7196572	94
236	14732	1090.610421	84
236	15202	1027.270858	84
242	11051	1606.951578	81
248	18271	987.4220175	148
261	11846	235.820886	171
270	4406	782.4194372	84
279	12434	1432.96517	120
280	8400	1606.355327	45
280	11330	1577.723457	47
280	12501	1701.896057	47
282	5561	198.0816814	146
284	12054	594.9813287	109
288	720	1658.513523	122
293	614	184.5473273	151
293	3489	203.7326322	159
293	6628	186.0420672	134
293	10690	190.3893757	162
293	15686	196.7890495	160
299	12661	4194.337438	71
305	2671	2566.458695	81
321	18666	560.5888838	97
322	5860	273.3089536	137
324	4647	274.1206404	208
325	15022	674.34563	140
327	485	268.9287325	218
327	3931	261.0709016	208
329	981	1686.550522	65
330	5010	227.6369775	76
332	3131	787.8154533	111
340	17514	2245.947277	99
356	4337	744.8679824	106
370	6820	1948.821164	41.21271655
370	18474	1944.484274	41.21271655
376	9798	326.9299824	138
376	18592	329.3944638	137
384	789	536.6887807	118
384	10121	519.870478	115
387	13916	853.7061069	33.08095687
390	12704	189.917342	157
395	1521	2600.936255	40.31678793
395	11540	2636.875605	39.44033602
395	17206	2742.751451	36.1209642
398	7382	2844.302586	36.92365229
400	2786	2277.722955	50
400	17251	2251.182675	53
409	9704	425.3648508	173
413	1438	2907.715776	40.31678793
413	3378	2824.654712	40.31678793
428	13818	3988.951889	35.33572585
431	9932	268.2553768	101
436	1302	1633.799725	75
444	10641	439.9876318	137
447	16382	2134.251237	53
447	18877	1990.341933	53
450	18541	621.4100939	70
454	6486	4811.07451	51
455	15383	599.9602569	129
455	15602	628.8606284	132
458	4661	653.2229263	72
459	12774	298.5520324	220
460	14337	1135.454253	86
468	18582	760.8614717	105
471	2852	473.029	95
481	11798	676.4280531	131
483	16339	1015.406846	152
487	853	529.0990426	137
491	5059	2612.3132	2.584170628
492	15989	823.0169001	102
493	3331	3068.071847	64
496	15967	1386.93067	106
497	6955	1235.203561	75
503	11803	1591.377177	104
503	14158	1485.044435	109
508	13578	667.2821741	91
510	10382	1118.75445	39.44033602
511	1055	1155.541136	101
511	3130	1314.609837	101
511	4332	1572.27974	92
511	4487	1467.401579	95
511	16171	1417.205063	96
511	17949	1485.586126	95
511	18408	1188.281712	94
511	18454	1543.165737	87
515	14590	235.2430373	149
516	9976	1936.745878	82
517	6554	988.2358201	175
519	14979	791.381899	47
519	16487	904.9081765	42.1285547
520	14227	271.7354512	119
524	16007	192.6140981	225
527	4051	284.41801	247
532	8088	2670.760281	76
534	9611	2500.913469	69
540	10873	1014.182439	123
540	11353	1079.880165	102
546	2543	1006.7035	97
555	9223	4259.277968	81
559	7942	421.5729814	160
563	1250	1151.857191	95
563	11863	1322.320426	91
565	1055	1005.864501	96
565	3130	1101.518421	111
565	4332	1088.398483	109
565	4487	1024.143811	112
565	16171	989.2081278	110
565	17949	1170.654297	107
565	18408	955.1343861	103
565	18454	1226.111018	97
566	707	2608.986185	64
569	16412	729.4990362	101
575	7551	937.2854932	101
576	1108	434.8159373	190
576	1345	424.5118946	190
576	12102	392.6440668	201
596	3101	1346.060393	6.363253428
598	11807	206.29071	147
601	2350	183.1142643	159
602	12092	465.1619614	118
606	18439	2131.603369	72
609	6522	862.993333	116
610	13207	2794.039668	31.65828812
612	18917	824.584474	119
620	8261	1236.922313	90
621	5280	2029.978927	52
626	5581	354.8998978	132
628	5892	1837.720727	77
628	8592	1425.225081	73
628	18140	1499.203476	79
631	4236	969.9807871	128
631	16051	1208.304429	129
631	16117	1087.461861	127
635	6113	391.2167686	163
637	7725	504.0746642	87
645	17481	780.1137873	89
649	17601	368.711339	114
649	18960	474.3500061	121
651	11138	2067.360645	61
660	5622	1228.469333	68
661	9206	368.6440907	128
664	14216	638.1810745	110
682	15359	307.1171091	195
683	11318	2144.051969	79
693	11229	838.0513296	124
694	5145	1388.24258	63
698	12513	604.453305	74
698	17788	654.7380605	68
712	1375	1099.564426	49
713	4292	1111.059505	82
716	7552	583.7146009	137
717	9972	2818.85553	35.33572585
718	16891	2832.075033	73
720	2996	526.8586116	116
722	9179	690.4880641	108
723	1250	1011.625772	107
723	11863	1125.255418	100
731	6549	435.3439995	110
731	13147	439.7065621	105
735	8702	408.0793071	76
735	10994	409.823919	81
751	5455	2102.152859	44.02173913
753	17241	1084.063336	173
755	16422	251.5172553	132
761	6602	1196.366575	67
768	18164	190.8574204	164
773	13203	1445.511205	19.95426572
773	17067	1497.950003	18.68098611
784	5882	1764.26129	100
791	1402	245.7158124	114
791	11435	219.7886564	123
791	12368	239.1914384	116
791	12507	245.7158124	114
794	2460	1624.216131	90
797	9330	992.6378848	35.33572585
799	2283	1034.237164	81
799	9021	1242.314165	74
799	12297	1047.380687	83
801	2430	589.6731742	103
801	14320	436.4384074	106
804	4336	416.46853	159
806	14012	4114.262357	75
808	7156	482.6520761	139
808	16561	329.1023834	134
808	17313	500.3316092	134
808	18423	479.0088908	137
810	14767	1574.912513	60
820	3439	822.2762277	91
821	11812	239.6568246	129
822	1491	1063.971313	109
822	5901	1054.509328	121
830	2696	1526.921501	21.78798276
830	8385	1565.660869	20.85097594
830	15454	1425.768973	22.27216015
833	3341	3132.860234	71
833	14145	3248.911451	71
833	16034	3303.64298	70
848	7073	4119.263689	67
856	15319	252.4469662	109
857	15034	1559.796725	84
860	4582	403.6385637	102
860	12315	418.5716189	116
860	12616	307.6413188	121
860	13302	347.6778008	114
860	18968	411.93769	105
901	9323	588.9389578	146
903	3963	737.3447759	66
914	7307	464.8937623	74
918	600	474.3340587	127
925	4020	923.4894227	88
929	3594	1497.687452	94
934	12663	1125.51715	143
938	15293	828.0590883	92
940	5955	252.7471324	149
946	5936	268.4993827	190
952	613	1222.884142	107
953	9261	809.7339301	106
954	14914	319.4222902	125
957	7673	680.429268	24.859302
969	2329	1972.05087	126
969	9569	1999.697528	137
969	14786	2037.164147	131
969	17041	1952.636472	136
980	12804	2835.254739	16.37298599
980	13067	2875.948252	15.66885474
992	15691	4779.273649	58
1003	7320	1010.603012	107
1004	9093	450.2184662	143
1004	15466	522.4373238	134
1015	18416	263.8649712	62
1022	3713	1612.419237	81
1022	9733	1341.410768	88
1042	2576	1925.669078	140
1042	4599	1834.140342	133
1042	13275	1945.478808	136
1045	2002	1008.415143	45
1046	4700	1441.490582	68
1047	12206	3756.639818	103
1054	15201	800.784982	129
1061	14755	209.9308296	201
1064	850	631.1293511	90
1075	16011	2260.568709	73
1086	538	928.1071785	136
1087	18097	1307.35692	50
1094	252	1190.860944	126
1097	6918	729.9543208	96
1097	14085	777.149207	97
1108	9332	1995.239943	139
1111	1918	836.5247535	105
1111	9749	889.7183155	99
1115	17919	694.9702897	80
1120	17522	234.8882486	125
1121	26	1150.317627	27.74696714
1121	4767	1280.276359	27.1437722
1121	9962	1253.981989	27.74696714
1121	10805	1283.056559	27.1437722
1131	8401	378.680816	94
1131	10683	367.3712072	99
1131	10747	374.2325349	93
1131	14842	322.2783935	106
1132	14138	956.1586533	49
1137	8431	904.7833253	71
1140	16166	208.0393347	143
1144	3136	1526.245722	37.7441779
1144	6100	1529.064888	36.1209642
1146	1337	2645.400843	56
1149	853	619.1041092	142
1157	8084	2194.676027	78
1162	11704	1402.204686	60
1164	2398	282.7344146	142
1166	5563	315.3280773	126
1167	2911	306.0921118	151
1168	18048	514.9916923	158
1172	8727	1201.221583	37.7441779
1174	13127	314.1056087	168
1176	13682	356.373011	218
1179	9750	3078.90288	91
1193	2682	966.9471048	146
1195	8680	1536.152125	130
1196	12496	1796.521918	67
1196	16402	1818.240372	63
1199	2077	183.3713017	159
1200	15947	311.697778	119
1202	1223	968.7775903	117
1202	12853	729.6144396	130
1203	5459	500.9657664	169
1204	9581	440.7210646	114
1223	3390	1068.304156	73
1223	6319	1055.678343	72
1223	8465	1046.74714	75
1223	10087	998.5158634	74
1226	7831	3469.532317	56
1226	19253	3563.628992	54
1227	675	576.5199515	76
1228	15144	238.8093005	113
1230	2526	323.3814673	156
1233	15522	2830.498281	92
1236	15413	762.4627763	83
1237	12222	631.7051711	91
1241	17889	518.7671873	164
1242	4417	631.1572458	41.21271655
1246	5066	489.8103038	111
1252	6021	928.0085296	87
1253	14741	529.5769133	144
1260	15824	476.4693031	63
1263	1024	1928.292029	69
1267	16032	1634.846557	92
1270	4306	1742.857398	78
1279	1859	995.8462417	113
1279	3031	994.6314607	116
1279	12712	903.5330246	121
1280	8811	1192.726562	101
1281	5890	411.4763994	101
1281	10879	402.4861519	103
1281	12113	453.9375663	96
1288	17654	335.2293813	129
1289	4439	240.6158945	167
1291	5224	291.2471434	124
1294	12832	1039.064863	158
1295	1385	218.6483763	204
1302	10334	269.5889323	212
1302	13644	321.9003905	200
1302	16543	277.7804224	211
1317	4098	1518.779441	29.63817606
1317	6076	1630.045381	27.74696714
1324	2511	859.8992744	123
1334	13241	4741.463463	69
1346	19395	1956.749339	42.1285547
1348	6344	617.5202491	107
1359	2307	398.1332351	137
1359	15406	577.5345759	123
1369	6515	302.1278961	108
1376	1661	901.6184048	143
1376	5143	1001.249471	151
1376	5353	1135.143312	145
1376	6205	998.663977	154
1376	9185	953.5673757	150
1376	16856	972.2742358	158
1380	12715	663.8677796	112
1383	217	973.794203	66
1386	26	1076.417522	32.36180563
1386	4767	1176.789534	33.08095687
1386	9962	1180.339278	31.65828812
1386	10805	1179.450055	33.08095687
1390	6404	265.6045462	144
1399	1188	1784.165961	72
1399	12643	1762.336062	68
1405	2233	1262.62994	127
1417	16306	511.8328416	142
1425	19134	199.0925536	255
1426	14549	402.9712839	62
1430	11376	1572.473137	54
1431	574	331.2444424	101
1431	1937	298.1145629	107
1431	4045	316.8001734	97
1431	7931	287.6146761	108
1431	9529	324.5269584	105
1431	10232	307.981788	107
1431	19076	298.990729	102
1433	13787	1762.777053	74
1433	17302	1796.475863	73
1434	3767	749.2600781	115
1439	10149	297.8450806	137
1441	7434	849.6883947	132
1444	1648	578.9465581	106
1444	12730	584.142089	104
1448	13072	611.2921072	49
1450	10028	582.8346543	98
1456	456	446.4960713	74
1458	2021	1082.462649	109
1469	13148	195.5966254	205
1472	1661	849.9710048	143
1472	5143	906.2098013	140
1472	5353	1000.837006	150
1472	6205	884.1687053	154
1472	9185	887.948258	141
1472	16856	826.42509	156
1476	18974	2245.328752	91
1477	7588	989.12904	94
1477	19294	1085.280759	90
1479	1840	448.4149278	158
1479	3257	422.4443821	185
1479	3661	471.1787696	155
1479	7828	535.1367457	164
1479	7926	434.4856523	167
1479	8068	486.5037699	172
1479	16152	536.1661958	159
1479	17518	473.1195823	163
1479	18755	488.99216	171
1482	6746	2682.078751	18.27487772
1482	13168	2236.086425	16.01705151
1483	4711	370.9217497	152
1484	17080	402.9776486	179
1490	11116	1207.506946	98
1494	10334	262.9417316	227
1494	13644	261.2850105	212
1494	16543	253.6877714	225
1495	14464	185.088103	207
1501	14637	1645.305172	119
1502	5651	1954.442187	134
1504	16811	375.1441917	141
1507	5759	425.2564101	174
1509	4841	762.4029222	108
1509	10057	751.5554645	108
1509	15815	790.1599976	101
1521	262	1334.875225	108
1523	14297	2997.466221	60
1529	2061	508.9256044	109
1531	11031	1559.498796	48
1534	17423	19457.34311	22.76709704
1545	18950	271.9486526	165
1549	14848	3212.729384	42.1285547
1560	3791	717.670758	61
1561	17132	1804.871806	125
1571	16937	370.811957	89
1594	19055	932.9064575	78
1604	15665	405.684577	170
1604	15977	347.9370655	170
1607	2309	3186.428029	28.36356641
1609	16753	1621.004397	76
1612	9600	229.440527	188
1612	11108	235.5510818	196
1617	4547	193.7737277	376
1620	3000	1213.925116	118
1623	4500	900.4640084	79
1623	8015	936.9921058	75
1630	7887	746.437231	73
1633	4694	1077.540128	106
1638	2119	2654.802316	37.7441779
1638	2382	2420.955418	46
1648	3999	2052.157028	36.92365229
1648	9090	2288.442286	36.92365229
1657	761	511.5482439	125
1657	12936	466.9085074	134
1659	14275	858.46069	115
1660	6324	1187.061683	107
1660	13097	1111.617158	113
1661	19091	1185.537508	73
1666	9941	1047.807331	125
1669	11153	203.0786155	202
1669	14371	220.5396881	205
1675	3650	2192.364148	76
1675	7046	2124.28912	78
1675	16802	2163.224504	77
1680	8624	678.660181	141
1684	10351	1737.490546	68
1686	5531	740.1699866	107
1686	6807	814.9436895	95
1687	17742	293.2273339	131
1696	1976	1004.660567	140
1696	5152	987.7722551	139
1696	9784	1055.224844	128
1696	16991	1036.849996	139
1696	17951	1122.347286	128
1700	10914	1297.911744	58
1701	13955	312.5390154	167
1709	14215	1245.307283	68
1726	10682	1094.28699	61
1731	1453	642.5667695	54
1731	3598	710.2076046	51
1731	4444	762.6398752	47
1732	9677	519.9044432	95
1737	789	550.7014733	107
1737	10121	579.1829864	107
1752	1103	2665.606252	69
1755	8949	781.3197246	65
1755	19174	812.8689447	62
1758	2552	3471.106295	27.74696714
1765	11635	1259.979551	99
1766	19298	181.2910472	233
1773	17703	183.2515475	270
1774	8655	797.2072141	85
1781	17241	1204.454833	175
1789	17994	1151.624121	79
1792	8277	1044.78624	160
1794	2304	735.6199894	143
1798	3638	2065.599931	62
1801	18906	412.0383391	107
1802	15788	1350.02272	51
1805	11356	2031.347175	77
1805	15199	1886.576191	85
1805	18668	2004.691681	77
1809	18623	3467.462509	71
1813	72	531.832648	101
1813	3109	328.7641961	131
1813	3566	509.6256664	98
1813	4729	416.9124372	97
1813	10439	506.627746	102
1813	11052	506.2933779	105
1813	11748	517.9787096	100
1814	4412	379.3381191	136
1828	5786	481.1882542	89
1828	17450	476.1872391	107
1829	16245	1189.480793	122
1830	6844	2175.545253	83
1839	10698	355.1283718	162
1843	14516	3498.39451	52
1845	1491	846.286435	119
1845	5901	859.1817698	130
1847	11806	1339.960657	94
1847	14885	1330.811577	101
1856	1786	2572.891801	53
1873	8145	468.2036374	106
1875	8824	330.3795058	115
1876	16085	1843.589027	61
1887	10786	2736.075997	98
1887	11047	2550.583657	102
1887	18959	2491.869228	100
1893	15903	225.7326043	181
1899	19006	2388.638807	47
1907	1690	205.6464643	175
1911	19416	2283.302428	103
1914	17463	1252.229408	47
1915	15748	461.36011	184
1918	18750	345.5954849	124
1922	19298	434.8061938	224
1926	611	1206.805788	16.73683012
1926	4202	815.7607121	19.52047734
1926	6436	1193.884635	17.48895434
1926	10964	1206.805788	16.73683012
1926	12818	1206.805788	16.73683012
1926	18942	806.8845967	18.27487772
1926	19017	1273.353379	13.43445426
1929	15819	565.3550373	113
1933	11476	929.4879172	50
1933	13426	1031.558296	43.0647448
1941	3533	513.9165639	94
1947	18311	553.1150323	90
1959	18090	502.7080032	136
1962	18115	2012.201764	65
1975	7011	1399.165123	92
1986	4821	1671.812255	14.66902675
1988	9798	293.4658	135
1988	18592	295.9821326	135
1998	3929	1264.88251	98
2005	17553	736.3603464	139
2009	2947	1084.974165	105
2009	8182	1213.276823	94
2009	19350	1185.315276	98
2013	9516	2399.111321	116
2016	11014	216.6017371	109
2018	11788	1315.478156	127
2019	2696	1602.241907	20.39769385
2019	8385	1623.172911	17.87759777
2019	15454	1483.414793	17.10875968
2022	810	1425.314112	111
2022	3606	1526.646843	119
2027	18649	1627.579063	74
2028	16101	1078.208934	138
2042	16590	781.0177671	126
2045	3548	729.8297912	137
2050	9909	1072.137875	69
2050	10011	1207.454394	61
2050	10424	1207.454394	61
2054	15884	809.3838835	144
2060	1181	999.3887891	81
2069	2684	863.3067896	128
2078	19271	273.0126193	142
2080	10810	1873.636842	47
2091	6698	397.1098368	126
2092	13502	656.6884344	103
2098	6140	239.9321021	244
2106	4168	1808.781126	71
2110	2590	952.4439952	97
2110	7626	972.6883859	95
2112	16680	469.4210877	119
2114	18411	3014.691729	45
2116	8559	661.4217248	124
2119	10604	373.9592491	137
2123	4396	1273.354632	46
2132	17832	4892.08576	39.44033602
2137	13529	3559.026525	63
2139	18672	471.401835	125
2145	2898	185.9931733	271
2147	8900	1036.603293	90
2149	15260	1720.862251	120
2156	4424	565.6683306	45
2157	12670	6958.457899	27.74696714
2158	4394	184.8913507	102
2161	2542	1051.684906	75
2162	8326	786.9209118	40.31678793
2162	18594	1114.105022	28.99386789
2168	12827	629.1176436	119
2168	17775	798.7201381	119
2180	5535	653.3045213	63
2187	15426	1142.540679	129
2191	1224	636.2104975	92
2194	4496	2738.539241	54
2194	8561	2685.027016	56
2197	13991	1247.684377	48
2206	13167	578.0334589	144
2207	15678	300.1024935	106
2216	4570	3612.455806	40.31678793
2220	13906	351.257986	136
2226	6472	210.7159329	194
2232	13836	570.3218214	107
2235	5964	424.2707946	108
2238	941	713.54915	79
2238	5637	609.6820982	89
2238	14345	716.9235077	80
2241	1792	1450.328566	64
2244	9512	519.9458654	116
2247	16368	4713.623883	61
2250	4670	1982.26538	54
2253	18311	425.9792969	102
2257	1845	188.3496296	162
2262	6595	593.7614835	202
2262	11832	570.8767152	202
2272	6671	254.3752163	91
2272	14226	263.7197452	89
2272	18588	263.7197452	89
2280	11267	431.1409492	193
2280	15156	426.3929151	188
2282	12464	1580.058319	62
2285	10685	1144.628574	81
2302	8023	1076.672959	97
2305	15044	299.3232323	149
2305	16261	220.0342204	164
2311	17182	552.3703868	110
2322	239	430.4500958	181
2322	6932	268.5852513	193
2322	15641	330.5806491	194
2325	7830	1326.1178	74
2325	11694	1247.448816	78
2325	12842	1211.861591	81
2328	3978	9162.856483	66
2330	2009	1368.366038	49
2341	14953	991.9719654	124
2343	9327	858.5308912	105
2345	10015	347.4711324	180
2346	5352	1077.235805	147
2346	8764	1192.110215	143
2349	9606	982.3721537	76
2352	2851	520.0790994	128
2352	7576	634.9452724	116
2362	9207	870.514813	102
2364	6102	283.4699627	124
2366	18409	1053.860618	44.02173913
2368	13748	832.4156587	122
2368	18060	1247.481297	100
2369	10014	1288.22492	88
2370	143	859.2088228	87
2370	17923	816.5379602	95
2371	11259	1789.444655	40.31678793
2376	19416	2187.044186	108
2377	4851	577.1903797	50
2378	14596	2204.669298	33.08095687
2405	4418	233.8460471	206
2408	8504	325.5125436	142
2409	3511	1467.203864	57
2412	8115	400.0141274	179
2412	16286	472.0131157	172
2415	9371	1082.740681	73
2418	6615	932.4558641	85
2426	23	1807.501082	72
2428	1513	316.744117	152
2431	14851	327.0272881	229
2437	659	2063.470113	89
2438	2004	1526.024731	135
2452	1359	2387.719876	46
2462	734	2636.035152	64
2462	3250	2106.404644	60
2463	18540	9235.379726	46
2466	17553	791.7973265	145
2468	7200	914.1246306	83
2482	18758	419.7583003	148
2484	12178	2251.235922	79
2484	12386	2225.119987	78
2499	13948	530.4343884	104
2502	8030	1018.498246	118
2505	13691	1224.966873	77
2507	2748	1093.698193	76
2507	3616	1161.936957	75
2507	17977	1081.65779	78
2515	18924	525.2979113	121
2517	3545	1103.41591	129
2518	3211	1105.043216	147
2518	12125	1029.598318	150
2520	4038	635.6609037	69
2520	5033	532.4839556	81
2523	8083	420.3364693	63
2527	3656	1126.395584	94
2527	18641	1126.462237	94
2544	6863	674.9592969	149
2550	4877	479.443441	128
2551	5855	1469.712199	24.31888239
2552	8141	1024.616762	78
2554	6043	2348.140676	65
2561	1567	559.7706208	103
2566	14933	208.6241753	230
2569	2329	2168.078973	128
2569	9569	2157.114582	129
2569	14786	2166.526483	136
2569	17041	2199.565551	131
2572	13807	6687.691528	89
2575	19211	3387.168373	25.97643606
2578	9869	2745.365311	65
2592	9124	705.8239968	87
2599	13420	319.018131	186
2600	1084	1015.800243	91
2606	7409	1312.921414	99
2610	13495	282.3101678	139
2615	10272	908.4019355	112
2622	7978	1314.37631	57
2638	17184	258.2643675	128
2647	19272	3133.033628	141
2654	1220	2040.847466	82
2661	12429	475.9796103	74
2663	4310	893.8363687	120
2665	19353	563.9166772	152
2670	2300	416.1196177	117
2673	15764	462.9800481	62
2680	2057	507.5443518	105
2680	13724	450.1196061	113
2680	18793	400.9995207	108
2682	2717	728.4061118	102
2682	15436	719.6554626	98
2694	15772	1187.146948	54
2698	236	518.6090924	109
2701	4745	3665.81059	48
2702	16079	20448.5118	61
2704	9583	236.4073013	94
2707	13609	769.7992821	165
2707	17948	630.4509133	176
2714	5602	1108.329445	107
2714	16517	1107.590388	104
2714	17126	1124.755712	95
2729	16637	998.2621403	28.36356641
2732	16516	302.9803134	178
2737	2278	748.8406759	136
2737	7466	757.466469	141
2744	18459	2934.254028	58
2754	14211	1106.727166	148
2755	4582	378.5021329	142
2755	12315	382.0608455	113
2755	12616	340.1626925	156
2755	13302	441.3208096	120
2755	18968	406.5084373	114
2759	16048	289.746656	71
2763	18193	500.5785073	57
2765	3282	4276.574064	52
2766	2466	650.1567934	92
2766	4354	681.4570443	89
2770	5085	320.7970162	212
2778	15504	241.5849886	137
2780	12541	2569.428346	67
2787	13927	190.6918837	249
2796	2949	496.3532673	162
2797	14644	913.2129172	100
2812	16130	580.191521	98
2815	5571	1240.467755	121
2816	6895	409.0749096	74
2816	15074	365.9680934	86
2816	15255	407.7681396	74
2817	5695	1844.23291	84
2818	505	462.3635729	123
2830	15823	2498.359365	85
2832	13821	1364.568268	78
2835	18690	956.0848263	103
2838	10882	412.6050621	39.44033602
2846	4566	1909.324424	93
2846	5569	1808.704989	94
2846	10912	2000.911773	89
2855	5537	1959.078583	101
2856	2947	908.382452	85
2856	8182	1047.333857	79
2856	19350	984.5888475	85
2857	5264	871.2720354	126
2858	3012	1373.551068	120
2862	8150	1847.09203	69
2865	12982	1886.257375	104
2871	127	805.5377632	88
2871	14565	716.2839614	97
2881	3704	349.6852474	157
2883	4430	1794.827917	36.1209642
2883	9246	1761.874563	38.58293741
2883	13694	1776.219385	38.58293741
2883	16799	1770.679163	38.58293741
2889	16319	1194.955129	135
2889	19013	1284.628334	129
2894	15065	7016.338256	117
2897	11535	753.4600901	140
2897	15076	806.2453087	131
2898	2406	184.0690239	172
2902	3151	2469.336654	41.21271655
2909	2228	548.7181267	63
2911	5602	1094.250854	103
2911	16517	1042.854876	107
2911	17126	1127.080708	91
2912	13907	1498.74186	22.27216015
2914	16491	2826.409226	56
2914	18553	2807.714292	55
2924	5871	1115.546508	134
2932	72	283.4558513	130
2932	3109	213.8736828	146
2932	3566	257.1666021	136
2932	4729	208.5591487	128
2932	10439	308.8250104	130
2932	11052	290.5697768	136
2932	11748	287.3693584	136
2938	15926	1638.838801	51
2941	18995	1217.945818	52
2948	17106	419.2034763	147
2952	9979	920.9733385	40.31678793
2957	11509	1713.005525	94
2958	5512	1114.453593	47
2961	15468	2479.005411	73
2975	10334	281.9767464	208
2975	13644	299.4872162	200
2975	16543	269.2587303	212
2978	8904	1600.203551	63
2979	11317	1014.176816	70
2989	5615	199.1832873	184
2993	3997	611.472288	100
2993	13417	610.6629878	100
3002	17576	240.6124362	171
3007	11376	1674.307166	52
3009	4276	706.9785367	133
3014	12843	481.3146715	111
3019	18371	193.1868735	168
3033	9103	1718.095807	60
3039	1887	876.6698108	71
3040	7604	824.9362756	129
3040	14867	864.8681871	134
3047	6408	3403.775456	41.21271655
3048	7213	431.8913653	121
3053	2173	2481.701492	73
3053	18257	2920.873299	67
3056	435	1013.143179	40.31678793
3070	10842	552.2539349	58
3071	19403	333.2151446	105
3073	8021	688.1111591	143
3073	15209	538.8043476	153
3080	3168	539.9668553	64
3080	4057	557.4258654	63
3080	4556	517.7001053	63
3080	5063	557.4258654	63
3080	7272	568.2991129	57
3099	17553	732.0724729	150
3105	12505	543.4648218	83
3106	11400	291.6664065	186
3108	11877	382.1808497	118
3116	16706	923.0446068	47
3120	1751	2493.966953	119
3120	8491	2541.176227	124
3123	16004	276.3353713	256
3126	9390	1138.597961	98
3130	1754	1364.057097	65
3133	9045	1377.745323	73
3138	16076	1018.793246	120
3143	2544	1387.984589	42.1285547
3147	1491	1142.883982	106
3147	5901	1084.792994	113
3148	1884	1988.786137	55
3157	3339	4287.559268	75
3161	15507	257.7712243	174
3174	11957	3737.776375	64
3179	5759	334.1543764	187
3182	3558	1223.831848	156
3187	10163	405.8619984	163
3193	8234	974.1914366	86
3201	6381	229.5108104	161
3201	8653	253.7879262	172
3203	12928	582.277089	90
3208	15069	756.3784135	48
3213	7957	2319.1398	65
3217	2955	1932.030723	72
3218	2467	1068.628717	87
3218	4076	1066.017918	86
3218	6696	1092.363022	86
3218	6751	1289.73004	71
3218	9315	1196.631079	74
3218	9482	1226.317403	69
3218	10841	1245.53322	76
3218	11934	1326.936764	68
3218	11971	1160.837682	81
3218	14732	1200.384208	77
3218	15202	1198.66265	75
3220	3876	814.7585762	95
3220	18095	799.1206603	104
3224	6344	713.6848342	102
3236	5805	1823.880644	89
3237	15672	415.4651991	124
3242	2216	195.14025	179
3245	2809	2777.399509	71
3245	7138	2701.396913	74
3245	14975	2750.04627	74
3248	13513	3554.078105	79
3251	18796	2192.142192	50
3260	15781	2179.454107	55
3262	4085	257.0570637	107
3263	12470	1287.244807	55
3264	17659	416.0746721	117
3269	12432	1928.261916	81
3270	17657	1962.578793	44.02173913
3282	3953	468.8375684	132
3285	16989	971.2629924	72
3290	17373	2215.15073	104
3293	575	1231.811824	82
3296	604	1970.340176	146
3296	8670	2158.116769	146
3306	15144	209.3034689	129
3307	1422	1236.343833	94
3312	781	552.5426499	133
3316	14401	1269.153936	55
3318	5837	525.4047322	131
3319	16790	557.9852947	141
3323	17241	937.0141241	174
3325	12986	359.3865887	136
3327	12974	903.3419358	74
3337	14599	1051.272166	111
3340	4660	3352.111842	94
3344	18814	1966.815986	28.99386789
3345	17809	998.3331479	77
3353	5740	1348.294781	72
3358	18551	516.8407366	128
3359	3769	2107.535823	37.7441779
3363	8169	349.9488385	78
3364	776	579.2477824	57
3364	4097	621.2091943	54
3364	15288	557.4595597	56
3374	13613	358.1243145	95
3386	10205	871.4137763	86
3388	15987	912.4106053	119
3402	1685	503.1203331	138
3408	9111	1292.829703	82
3409	14428	2547.083922	81
3410	17404	268.6498321	221
3413	15020	3194.518091	66
3418	12634	1691.21347	77
3424	18179	3051.424832	36.92365229
3427	3444	537.2998993	139
3427	17909	514.6974081	144
3430	6764	466.3637299	124
3431	1248	2060.805062	69
3431	6935	1979.349146	72
3431	7456	1945.679421	74
3431	7511	1995.165672	74
3431	10319	2041.689322	69
3431	13642	1983.078056	72
3431	18736	2064.906211	68
3439	9707	408.4696117	120
3444	5912	373.3373736	95
3445	15220	423.9816327	117
3450	9094	356.7186139	165
3454	1268	769.7129038	101
3455	15006	340.6294689	169
3459	8172	557.5666579	116
3462	8347	1260.871574	31.65828812
3462	8485	1262.538039	29.63817606
3464	17910	1440.547039	54
3465	1258	1656.876538	42.1285547
3465	1331	1682.66316	41.21271655
3465	9150	1641.766303	43.0647448
3482	9341	1532.939778	21.31433096
3487	5205	649.6359605	112
3491	4730	1307.531489	76
3493	5712	699.6456048	113
3497	3516	554.2697932	123
3498	8787	196.2236062	136
3503	13772	289.4443483	125
3506	15028	1773.696533	99
3511	13215	945.8331439	118
3512	13103	473.7605554	77
3515	7686	627.8765645	88
3515	8527	627.8765645	88
3515	13116	600.871521	89
3525	19384	362.0723435	49
3537	265	1964.950723	52
3542	8537	293.322549	163
3545	1248	2146.205741	63
3545	6935	1971.952818	72
3545	7456	2000.974358	70
3545	7511	2000.110343	70
3545	10319	2112.731142	64
3545	13642	1938.059053	74
3545	18736	2111.620595	65
3546	13060	1506.468582	58
3553	1661	811.0264306	159
3553	5143	973.9876989	149
3553	5353	1144.476453	141
3553	6205	1091.054395	151
3553	9185	1129.369205	137
3553	16856	1100.404967	145
3557	6108	823.0406544	207
3559	1200	316.0162215	103
3560	17241	1355.406731	171
3579	1840	507.8269735	173
3579	3257	458.7630262	165
3579	3661	437.4914617	169
3579	7828	563.3960284	153
3579	7926	463.3905668	156
3579	8068	462.4239077	172
3579	16152	509.1679976	150
3579	17518	487.1825319	148
3579	18755	502.8362244	156
3588	5797	2051.832537	105
3595	10321	873.0477555	49
3598	8678	223.514966	170
3599	1680	719.021843	69
3599	18246	686.1437474	66
3601	17739	823.2228134	91
3604	8480	1223.935665	51
3604	9648	944.2701947	56
3614	2821	1418.518386	20.39769385
3614	10133	1437.080301	20.85097594
3616	17993	552.9303192	100
3617	6703	2847.244835	35.33572585
3620	4462	2821.395381	91
3625	11090	1207.584878	118
3635	1802	359.8493047	64
3635	15167	466.1938351	62
3635	19228	470.6229082	61
3637	902	837.3738593	54
3640	17088	831.6828513	82
3642	2113	815.4435531	73
3651	3390	1123.955597	83
3651	6319	989.8634431	84
3651	8465	1088.011113	78
3651	10087	985.4304382	80
3656	6479	431.9514826	173
3660	10559	380.4087774	194
3660	17386	390.5839076	197
3662	6254	767.3448621	80
3669	5905	2716.039166	67
3671	16119	439.6461707	68
3680	1687	448.5956975	122
3685	16654	221.1312409	100
3686	4397	604.8702622	70
3691	614	198.1414277	175
3691	3489	243.2731638	157
3691	6628	250.7280469	157
3691	10690	256.8301389	156
3691	15686	246.9653044	156
3696	2297	594.3510788	132
3698	7797	2483.558828	92
3709	16348	710.9766691	93
3713	3930	654.2435632	109
3713	4470	799.5893108	99
3714	17165	376.3351972	186
3717	2785	1257.314384	82
3717	15738	1144.675314	88
3722	7424	1054.344183	129
3726	5034	989.6084935	71
3730	16148	1107.255147	111
3732	6310	522.3369898	107
3734	2307	418.665639	158
3734	15406	526.7709335	142
3739	13748	746.3693546	118
3739	18060	937.2508365	114
3746	7652	789.969769	59
3750	14772	2656.255005	62
3751	17975	828.6567333	128
3756	18611	651.5950391	169
3759	2456	1304.61512	89
3759	16226	1398.360009	84
3761	18739	827.1666061	120
3763	18628	197.6294334	137
3768	310	230.655596	178
3768	6263	249.8138031	166
3770	10585	1745.119279	76
3772	11448	839.518754	153
3782	583	1235.355824	55
3783	10140	1212.611116	122
3784	11684	1602.594085	64
3786	435	1012.644349	40.31678793
3791	4124	1942.735275	80
3799	2780	2475.38723	56
3799	11892	2416.886959	57
3799	14521	2380.515904	52
3815	9383	1879.566117	97
3817	19300	2177.7437	33.81608925
3827	10799	2519.589038	84
3833	5127	664.5369839	93
3833	16717	627.8646767	106
3837	7632	2125.810034	89
3847	7487	499.9883775	60
3850	6480	659.3729595	113
3852	7049	423.9554091	106
3855	10542	1163.333163	69
3856	18215	670.7608598	46
3857	11982	313.3954719	156
3857	17310	274.0398195	166
3860	12799	976.8915999	31.65828812
3869	17486	1522.404196	70
3870	12078	1520.291891	116
3876	9909	1062.578922	70
3876	10011	1181.544628	63
3876	10424	1181.544628	63
3884	10940	301.9117944	190
3884	18634	284.4451796	199
3886	1079	1178.663461	99
3893	9879	978.1307642	83
3898	1486	812.9130636	101
3904	19053	712.4563912	149
3908	6074	636.324394	140
3912	8738	311.2160732	174
3916	3325	1233.505395	53
3924	9881	2760.566611	98
3927	8556	539.8028003	141
3932	14426	562.2630274	127
3935	10940	305.2558678	196
3935	18634	325.4065886	188
3943	2029	757.1571752	40.31678793
3956	7418	1443.810203	36.92365229
3957	16083	314.8828371	173
3963	8559	687.9439983	125
3965	15546	704.8029757	130
3966	259	245.8499249	166
3966	4390	269.3064218	137
3966	11035	339.1695818	143
3969	5341	515.6226678	155
3971	14569	776.8547983	100
3972	9877	850.418185	92
3974	1489	1882.227721	66
3975	5399	469.2359309	110
3975	10723	557.8218448	100
3975	14534	576.1580206	96
3981	4505	2877.753973	145
3981	5559	2846.239209	145
3983	11705	205.0311695	230
3994	9576	808.3032382	94
3995	7249	2778.457323	32.36180563
3995	16695	2886.442805	29.63817606
3996	7950	516.7180007	115
3996	16901	487.7029861	117
4010	5291	616.441199	143
4014	5518	744.2557972	161
4015	17118	475.9760169	151
4024	2713	905.8515449	42.1285547
4024	4243	936.4921052	40.31678793
4025	222	311.0507857	121
4025	6179	284.7115611	130
4026	218	1691.571692	37.7441779
4040	4181	894.6452145	145
4042	3083	712.4367622	71
4043	3346	1220.848391	77
4043	8915	1297.400192	71
4043	11334	1298.077715	75
4043	17227	1366.155488	64
4047	13169	3277.796795	80
4050	8119	987.4328109	43.0647448
4059	5185	1018.94766	159
4060	11067	1624.230195	131
4061	3307	421.343213	145
4078	7802	533.9206695	109
4078	8276	541.8335613	111
4078	8451	511.0190514	115
4078	10035	526.9591075	110
4078	16139	522.8631085	112
4078	18537	555.1709706	109
4088	5994	505.5314704	95
4102	8713	275.3498915	117
4102	9734	295.7249827	109
4103	4461	302.6458213	109
4104	7556	1649.049398	83
4105	4450	1701.641187	96
4105	14304	1688.412121	94
4105	16683	1731.166783	88
4106	3196	967.7189613	54
4106	10762	793.4605344	66
4110	11161	3048.847032	23.79021103
4110	18402	3613.017099	21.31433096
4111	3187	224.483962	224
4111	7883	300.4255811	208
4112	18405	414.6524588	159
4128	8407	906.0586147	87
4128	16774	803.4543344	98
4130	5815	301.497453	85
4130	8587	359.2129048	76
4130	10335	339.5005584	83
4130	15057	300.0210035	82
4135	11304	694.6499966	72
4135	18948	674.6986529	72
4136	7244	878.4625483	101
4137	7299	2226.861084	38.58293741
4146	5112	2160.360897	35.33572585
4146	5490	2049.408231	34.5675579
4146	19372	2095.082513	36.1209642
4147	11899	383.8109314	145
4149	1620	827.060469	106
4149	4728	734.4934137	110
4149	8996	828.357986	108
4154	19258	2305.695641	57
4155	7219	321.5192513	164
4158	15319	303.3946466	88
4176	8287	369.3011121	150
4188	10373	2668.399646	93
4189	16192	4219.34982	45
4195	18748	7310.572466	39.44033602
4199	6804	484.3419234	118
4200	15386	746.1554697	98
4202	2518	364.4789425	142
4205	14113	223.3440145	222
4211	3157	1041.688264	90
4214	1504	497.8849992	91
4216	354	2610.630833	98
4218	1761	1097.24239	134
4220	6997	544.706591	124
4222	4582	498.0257357	98
4222	12315	528.5538227	123
4222	12616	470.7633847	133
4222	13302	417.662961	113
4222	18968	577.6027171	100
4231	12261	767.5106798	126
4237	6665	2696.610543	102
4237	17040	3050.923909	104
4252	12104	182.3621394	225
4252	13362	190.7135116	205
4260	18899	1353.450032	98
4269	8217	461.416325	139
4290	5322	240.2847768	126
4296	16132	993.187155	71
4296	16301	817.949893	79
4297	5795	510.0883495	101
4298	7164	3218.441938	112
4319	4341	222.849686	97
4320	4044	1800.616715	129
4321	19087	407.7680159	163
4329	7617	646.8635717	126
4330	1570	4055.513922	105
4330	9305	4207.165412	105
4330	12638	3881.002036	110
4330	17932	3938.812415	111
4335	404	407.5374891	108
4335	3296	299.5518201	128
4335	7532	343.8968176	123
4349	13123	364.0101578	128
4350	2632	567.2622901	127
4351	12355	2441.735157	73
4359	6166	987.9197915	120
4364	11984	1366.293338	115
4365	748	1005.950768	74
4365	13914	1062.950162	74
4365	15837	932.2679981	83
4365	16931	923.9249623	88
4375	3573	1021.089007	58
4378	9692	217.2527363	360
4379	1970	2046.96263	111
4386	1934	508.1749704	33.81608925
4390	10039	2125.600299	61
4394	9468	1063.619585	47
4396	8490	290.3698385	185
4404	1971	857.6805795	103
4404	2040	643.2732919	112
4404	5642	769.5090183	113
4404	8704	781.447549	98
4404	9184	835.5433561	106
4404	9457	650.970561	126
4404	11959	769.4904225	107
4406	14946	3741.072531	88
4412	12908	334.4323804	115
4422	8278	641.9760437	50
4428	1250	1072.992613	100
4428	11863	1153.683851	95
4430	3720	1283.414751	132
4431	17902	1806.67503	79
4432	1137	189.5634318	233
4434	5084	3778.595377	41.21271655
4434	9514	3868.054917	43.0647448
4439	15221	5618.17398	46
4440	3003	1223.842421	11.77465311
4442	10856	2121.242083	79
4446	15514	322.367997	142
4446	17425	319.2078317	130
4447	8690	890.1148488	65
4459	17728	392.7387556	120
4464	1341	699.1447445	98
4466	16583	1311.861933	79
4480	19404	711.5235149	159
4482	4577	5458.552893	84
4483	17199	457.7595881	167
4489	5322	246.6996165	120
4490	4853	497.850889	109
4492	13445	1124.129232	94
4497	743	1044.161146	99
4497	3309	1165.113754	94
4497	5528	1086.40842	95
4498	8882	382.5484178	137
4499	7760	926.9789684	63
4501	1177	608.838727	116
4504	10220	3375.963288	68
4506	9858	2273.925778	90
4508	11620	2167.615817	107
4509	697	455.4398981	99
4513	4241	1282.777995	76
4525	3300	736.6900497	106
4525	9120	757.961886	108
4525	9627	730.5921162	106
4528	12569	3206.251681	45
4533	36	902.5583725	111
4535	1117	461.4289607	165
4535	14248	501.7402369	159
4536	5094	2117.530895	66
4536	17531	2119.91327	66
4542	11765	674.5277004	77
4550	6539	399.8603225	84
4555	4028	2524.972363	58
4556	19250	2773.042194	62
4561	10498	409.8245914	225
4573	7643	181.515458	263
4578	16258	501.7092404	101
4588	9472	355.230047	179
4588	13540	326.6657959	180
4588	18498	299.5879007	183
4590	18981	2879.914773	31.65828812
4592	13606	205.6330038	204
4597	12432	1840.324708	86
4600	18006	1887.7662	113
4602	15364	1770.624821	62
4609	16731	1830.608127	111
4613	2350	225.9582421	131
4625	14632	1914.791109	52
4633	3775	1501.980037	84
4638	3037	296.5806875	172
4638	9454	377.0648379	168
4638	13863	427.509479	160
4642	587	2908.905316	41.21271655
4642	2388	2832.076525	43.0647448
4642	6635	2679.712697	39.44033602
4642	7250	2970.605875	40.31678793
4642	15241	2883.08241	39.44033602
4642	17824	2872.59589	42.1285547
4642	19199	2814.040597	43.0647448
4643	17400	1028.847272	76
4643	18112	973.8237812	74
4651	3317	392.5062909	156
4657	15365	1063.38933	93
4658	12546	330.017815	115
4669	312	1165.058862	49
4669	2666	1051.386989	56
4669	9238	1115.879969	49
4672	13832	527.1527465	57
4674	4441	376.6367044	166
4680	16380	1224.493444	47
4684	6110	345.6724443	154
4684	14991	343.558094	150
4684	18352	296.5841601	175
4685	12414	1734.354447	80
4691	5371	872.1722033	99
4705	8147	334.5262426	183
4710	9989	637.6565991	166
4711	18295	1506.214627	122
4715	12430	2274.34057	61
4716	18314	230.0808244	99
4717	10229	1286.147508	113
4731	13087	1425.55897	133
4735	6634	1106.232022	112
4738	646	1322.615994	83
4741	2103	1021.497751	142
4745	16260	597.9500492	121
4749	3744	2237.422319	30.2968022
4757	1995	1471.931689	87
4768	17241	1105.955282	178
4773	3578	713.6649759	108
4779	11457	2127.654469	101
4782	12986	515.3319465	114
4784	10350	486.4902878	88
4785	4722	588.9999663	93
4785	7384	446.4621687	104
4788	10118	475.717868	44.02173913
4790	15301	537.8286881	104
4794	17356	2068.899305	70
4797	13325	774.7008078	120
4805	8393	1608.653786	89
4807	11749	422.0192047	191
4813	1350	209.500654	123
4813	2134	222.2787749	120
4813	2845	191.008991	139
4816	5187	2686.965103	65
4828	14557	1566.076122	59
4838	489	250.3117337	181
4842	3756	465.3400249	102
4842	15724	525.1255233	108
4845	10654	988.1191197	40.31678793
4850	6168	453.3289012	72
4851	14431	1171.856509	71
4853	16776	761.9137224	56
4855	5430	244.7354362	130
4855	18122	268.1659068	117
4857	9873	642.1227934	123
4857	13193	704.3979921	123
4858	4780	1551.721469	17.48895434
4858	13905	1611.116774	15.32822746
4859	1552	4023.709894	84
4859	1718	4019.137591	82
4859	17303	4163.555922	82
4860	11257	1983.625908	91
4879	9085	663.7651126	123
4884	16666	659.5633794	134
4888	15319	287.2588677	89
4890	6223	677.1160751	67
4900	9554	1995.305504	112
4900	10555	2061.570114	115
4917	14910	1514.29753	70
4931	12935	1237.218531	89
4935	10434	539.732711	156
4941	4082	1046.510721	77
4945	391	1847.848066	72
4947	11036	372.3795778	153
4948	3563	514.8090041	148
4950	14690	199.5541608	258
4956	16459	762.084406	137
4958	12068	954.6278045	106
4967	3169	356.0134353	135
4975	1112	1571.950531	65
4975	1900	1425.474933	70
4975	16809	1478.721909	68
4975	19066	1588.25083	66
4976	2596	1978.32347	58
4978	2609	483.7094952	128
4983	2059	357.9437354	58
4990	4191	1043.049482	107
4990	9566	883.7698295	120
4992	11076	927.6181633	102
4999	12248	616.8221213	81
5000	1831	688.8622955	114
5000	3102	615.5138876	122
5000	11747	615.1298248	118
5000	13967	695.6238167	116
5000	18308	625.3933791	117
5005	1802	225.164878	101
5005	15167	300.9195973	76
5005	19228	320.2551795	71
5008	5061	1618.057356	62
5026	10727	410.8215815	176
5030	19292	728.6673586	49
5033	6757	255.6371071	136
5035	2973	1133.88097	66
5035	8981	1171.741314	65
5040	16682	997.9570166	97
5044	10128	2203.841074	61
5055	1193	609.2185516	130
5055	15648	524.8529074	149
5064	12468	1146.158807	42.1285547
5066	17200	419.9818328	128
5070	2566	510.5188429	54
5070	4201	507.7739934	55
5070	6452	538.9344521	44.02173913
5070	7191	518.8589007	52
5070	7331	507.7739934	55
5070	17721	509.4680056	55
5070	17988	502.1769892	55
5073	13501	427.0759413	87
5081	18504	1368.189844	154
5082	14950	638.3725976	91
5083	8505	1901.751845	77
5087	5059	2612.3132	2.584170628
5091	18044	822.4500184	88
5103	16401	530.7304682	68
5106	5454	402.0403034	81
5106	8314	326.0582845	101
5106	9892	271.5048933	98
5115	310	307.632066	160
5115	6263	295.4139379	158
5118	3948	756.2998741	84
5120	6885	1685.174718	62
5124	14132	300.3249132	186
5155	8635	3846.151525	87
5167	6948	1065.207182	98
5170	18590	491.6325914	165
5178	4754	1939.023283	84
5180	2361	4183.131641	76
5180	7255	4209.817196	74
5181	8678	250.5246029	142
5182	12112	840.7150368	106
5183	16581	251.1536513	134
5186	1449	1273.969261	87
5186	9077	1207.860939	89
5188	246	2345.7795	107
5191	642	1021.741094	138
5193	547	735.1046473	129
5195	12694	682.2605306	117
5197	3163	209.1761928	202
5202	3135	974.1441281	47
5202	18618	919.5303862	53
5203	3731	869.1849007	109
5210	16673	688.494718	111
5211	1783	190.4073924	179
5213	13033	609.2473043	79
5216	1686	859.6109681	63
5221	16337	1905.374196	49
5226	15303	764.6798778	106
5229	4450	1488.890198	106
5229	14304	1498.933473	105
5229	16683	1482.130201	107
5233	3249	1124.05684	110
5233	17202	994.9548958	111
5233	18580	984.0821928	109
5237	6625	365.7780537	126
5243	4780	1600.898482	15.32822746
5243	13905	1632.812423	14.35013486
5245	2956	593.9002237	152
5246	1165	766.6706694	107
5253	12446	1028.866226	65
5257	10387	1344.086362	129
5262	5104	5026.627793	41.21271655
5262	9082	5094.324167	40.31678793
5274	19268	403.8509969	149
5278	1752	1133.795718	118
5278	18925	1034.484001	121
5282	9489	642.5955933	133
5284	5219	618.7551578	74
5291	12849	1518.273297	53
5292	953	1354.475406	60
5302	141	264.8274915	136
5302	14314	248.3845664	142
5316	4151	2105.981893	72
5316	7951	2114.833148	71
5316	13888	2112.678203	71
5328	4224	710.1404291	61
5328	9956	764.2136663	52
5329	5591	1965.985201	40.31678793
5330	385	1939.326475	80
5333	810	1330.673386	124
5333	3606	1478.375677	111
5335	16374	2036.148674	67
5340	12741	1467.003449	72
5342	18536	1289.855038	72
5346	18293	1655.799083	74
5353	17830	252.5256495	148
5357	8120	1689.705695	95
5360	8787	218.4161026	117
5362	12996	181.8392182	147
5363	6131	220.2259265	151
5365	6279	1009.255379	81
5366	6324	1125.29759	106
5366	13097	1046.582497	113
5372	16519	187.2402602	166
5378	13873	912.3708517	37.7441779
5387	2154	860.7193842	87
5387	19415	870.9506913	87
5393	15656	245.9940269	119
5402	7401	721.4995183	139
5412	15903	201.9239604	180
5415	4386	574.4914068	102
5415	13491	570.0448227	99
5422	472	516.9794696	106
5422	1093	547.6420154	96
5424	5514	1135.417697	39.44033602
5429	11079	928.5571685	96
5433	1748	593.4146778	126
5439	1694	474.5653261	64
5439	2487	457.7990524	60
5439	15348	494.4255713	60
5439	15351	485.8583308	62
5440	11714	189.2530377	226
5442	4541	1416.406578	86
5442	9266	1448.792233	86
5442	14193	1499.009102	82
5443	8982	245.4669513	128
5449	2942	289.5733224	146
5451	12898	2768.767907	32.36180563
5455	7653	784.483208	85
5456	15462	1088.759459	135
5470	13626	201.1400643	225
5476	18127	6200.193322	63
5486	1240	725.0945576	24.859302
5488	2754	1860.434	90
5510	16551	2238.352879	72
5511	7530	4700.18581	52
5512	595	1143.070071	54
5513	12028	191.5491887	162
5521	10435	527.5671265	141
5523	11272	1272.012818	81
5525	5024	422.6603382	163
5526	13261	352.6939175	123
5530	543	482.9934172	102
5532	14826	2237.608642	120
5533	6620	1671.918084	89
5536	45	3643.826035	80
5536	14935	3757.749433	79
5545	16245	665.149146	138
5548	5441	275.839618	67
5548	6237	295.4560134	59
5548	8127	323.612347	52
5550	5357	477.2487895	101
5560	10684	187.6235137	221
5561	1324	1590.171421	65
5573	12881	619.7405119	64
5580	1935	2784.653682	36.92365229
5584	8534	294.6343984	137
5584	16123	331.2785938	130
5592	12513	591.733585	82
5592	17788	614.6965716	82
5603	5067	2229.38361	101
5603	9209	2272.814382	99
5603	11407	2145.718617	104
5616	10873	1077.77029	101
5616	11353	754.5282699	117
5619	7037	3861.80136	47
5621	6659	2400.845473	45
5643	338	688.2561093	157
5645	12931	878.0969726	74
5651	14321	514.8428372	147
5658	11284	2856.713719	18.27487772
5670	4461	355.8423076	100
5673	15660	487.6403147	119
5675	731	360.3485052	190
5683	3327	962.4057892	76
5687	18373	1491.385888	144
5695	18354	358.1777843	220
5698	10334	194.9419276	212
5698	13644	234.3328806	200
5698	16543	227.4871228	202
5702	18167	1828.524366	49
5708	14044	648.3932799	118
5714	10456	947.9922071	63
5730	8147	359.8153681	196
5735	10327	824.8588108	141
5740	430	208.8359752	109
5740	15244	210.0754087	124
5740	16418	196.4333406	126
5749	3554	1479.303096	69
5750	10575	882.9197568	71
5751	15755	1799.673477	69
5754	26	997.7254729	36.92365229
5754	4767	1062.968394	40.31678793
5754	9962	1073.379037	39.44033602
5754	10805	1062.429408	40.31678793
5789	6881	1043.764169	53
5789	12576	910.9720572	60
5793	6175	4938.137614	75
5807	141	368.2873039	115
5807	14314	448.9269006	116
5809	5473	755.8101321	72
5809	12863	711.5369904	76
5811	17198	441.7998489	66
5814	12014	3508.278917	65
5815	7485	295.2305074	82
5815	9857	305.8070963	88
5815	13604	295.2305074	82
5848	14718	3558.968353	69
5849	6174	745.9881101	36.1209642
5857	17917	545.7924443	80
5859	7745	414.7628963	67
5859	8463	494.4036748	66
5861	761	560.7493063	124
5861	12936	595.6728843	120
5871	7238	3103.080186	79
5875	12883	768.1471441	92
5877	1559	787.6414371	104
5877	17403	741.9447381	109
5878	10003	2639.73942	39.44033602
5878	10876	2661.520632	41.21271655
5892	9062	252.9358365	177
5895	9285	1321.399225	43.0647448
5895	14239	1456.007178	36.92365229
5896	505	539.4140768	114
5899	1280	614.7720974	43.0647448
5901	7524	1393.878367	105
5910	3194	511.6807797	152
5911	259	269.9617592	160
5911	4390	361.6822665	133
5911	11035	248.3305591	176
5913	17100	891.7516946	55
5926	11127	269.9557476	124
5931	15096	724.0642928	132
5932	7773	829.6531197	85
5937	1491	929.8500923	109
5937	5901	751.3459679	134
5947	3657	672.5655219	133
5948	1971	1101.317751	93
5948	2040	855.1356581	103
5948	5642	870.3497268	115
5948	8704	1014.176923	103
5948	9184	924.8067164	108
5948	9457	963.1422842	109
5948	11959	934.9619003	106
5950	5444	944.4982544	64
5961	3070	895.5076647	99
5962	5747	973.2941918	48
5969	1393	546.0473616	111
5969	17927	542.6409818	119
5970	8148	2260.91235	148
5971	5815	461.3497644	69
5971	8587	478.7451981	71
5971	10335	445.2470621	76
5971	15057	352.6478724	89
5974	160	276.7474164	152
5979	7848	306.5698574	124
5996	686	846.6390356	71
6009	6027	253.0836251	121
6014	14502	352.6033027	107
6020	9171	186.7299304	202
6026	3705	312.5880883	146
6029	17861	720.8205996	113
6034	5432	686.8073648	129
6036	15197	294.9734769	139
6040	2264	1834.602043	17.87759777
6044	8359	4011.697533	38.58293741
6047	11932	1056.239937	19.52047734
6053	17943	512.8058991	63
6056	14012	2835.043622	79
6060	4188	4520.445932	56
6061	4654	527.2823705	108
6069	17993	547.940999	98
6081	64	1351.193233	75
6096	3234	895.4663185	92
6097	8979	1165.563047	83
6104	2368	984.2323724	83
6109	3639	497.9587312	146
6117	4935	205.3476734	194
6119	2868	2133.920629	50
6119	7659	2117.899914	50
6124	3079	530.0826663	101
6124	5962	538.9169494	104
6129	15590	6494.920756	19.52047734
6139	12604	742.6396466	100
6140	13897	829.2204929	140
6142	18689	375.5461274	69
6149	12313	463.527858	91
6149	14419	439.7503682	98
6151	3853	1299.040181	81
6151	18986	1286.835469	81
6154	8630	2010.330675	94
6156	1176	1250.829336	71
6158	3583	371.7213877	92
6163	969	1802.100064	57
6163	3033	2026.121031	59
6176	8604	380.1209256	85
6178	10786	2380.98952	98
6178	11047	2182.296097	111
6178	18959	2101.34274	104
6186	3865	887.6730552	143
6190	11270	427.7235582	78
6192	14965	1142.168856	106
6193	8452	975.9815503	98
6194	81	3343.812165	32.36180563
6194	5267	3407.051478	30.97006447
6196	6110	510.8672811	140
6196	14991	480.6223817	166
6196	18352	553.1006594	150
6200	17345	482.6053847	122
6204	3801	466.1635253	266
6205	4489	221.4890869	96
6206	11180	2060.008723	32.36180563
6208	9129	2638.498884	51
6208	9313	2682.580221	48
6220	15546	812.7014546	115
6223	15146	363.4990758	122
6226	17341	1329.522436	95
6236	18500	333.1097543	138
6239	4321	4740.241525	27.74696714
6239	5259	4737.369842	26.5536902
6239	6288	4583.111233	28.36356641
6247	14391	474.2749209	136
6248	1444	557.1288616	148
6249	2983	1275.747449	74
6249	11530	1458.489863	68
6251	1058	1351.695691	57
6253	16712	267.9023139	121
6261	14541	953.4857519	53
6265	18081	2819.93885	32.36180563
6271	16240	471.5712258	121
6273	4669	2183.103362	56
6274	17621	1907.527184	66
6275	2384	1562.899576	43.0647448
6278	8495	301.2435198	166
6288	4569	263.5906506	165
6289	3408	347.9236191	56
6289	12354	405.7180798	53
6289	15265	395.3862271	55
6293	1555	698.9317475	53
6294	6164	1880.872534	113
6294	14775	2174.781631	115
6306	11626	2463.678689	99
6313	10222	747.4678176	162
6315	1752	784.4507292	128
6315	18925	740.6726852	137
6316	1840	469.0503031	161
6316	3257	446.2038589	161
6316	3661	463.6976434	151
6316	7828	495.4157851	152
6316	7926	465.587078	157
6316	8068	429.2542556	160
6316	16152	458.054405	145
6316	17518	492.7818936	150
6316	18755	476.45421	153
6328	3830	922.3010587	69
6341	6216	2253.940609	34.5675579
6342	5252	1261.453256	112
6343	6779	2041.293969	52
6353	17384	1112.605498	44.02173913
6354	16247	230.3280994	111
6358	9228	216.7750297	176
6363	2526	284.4703063	154
6364	6396	949.9501056	102
6364	12780	1103.711912	98
6368	15551	550.9788141	110
6369	1422	1541.779392	91
6373	2451	1058.918542	64
6375	6269	1176.530002	117
6375	15608	1199.824132	124
6376	13157	625.1116036	131
6387	4229	798.0449837	65
6398	15680	332.3506736	164
6405	7606	504.5898116	152
6406	12249	1041.015562	124
6407	11751	803.5120448	97
6411	6105	1481.112018	9.245909209
6411	9231	1474.524181	9.044911183
6411	9400	1560.595928	6.94801091
6415	6220	1172.728195	107
6417	5657	1163.325393	101
6426	15441	648.6333917	34.5675579
6427	18975	532.6672289	138
6432	332	491.2866742	147
6435	19052	473.1428365	156
6438	704	645.8337905	86
6438	7153	495.430045	93
6445	9718	1093.789151	77
6446	5942	1667.386262	44.02173913
6453	7358	4360.992057	40.31678793
6455	3488	2653.34483	48
6460	5911	279.3052921	106
6463	1104	1406.388299	108
6463	19409	1389.949348	110
6467	815	1441.183067	75
6467	6170	1681.268123	72
6467	12233	1550.842176	75
6472	11464	1020.3039	27.1437722
6488	1950	2191.046859	77
6494	1368	2092.449428	103
6496	1840	489.6459256	155
6496	3257	423.8096287	169
6496	3661	482.0345059	159
6496	7828	522.7685064	162
6496	7926	416.6168531	168
6496	8068	487.2892437	165
6496	16152	508.8695914	164
6496	17518	450.8955016	165
6496	18755	474.7976919	161
6499	16654	188.8085056	116
6501	13635	376.942367	55
6503	6741	2779.819599	71
6505	8450	1245.842175	23.27303253
6505	17020	1130.774931	28.99386789
6508	10235	762.2704213	153
6508	12374	745.5023736	157
6508	13026	836.5879299	161
6513	542	3044.087157	84
6513	2914	3167.347542	73
6513	5031	3096.437727	75
6513	6753	3317.215855	69
6513	9867	3401.200616	68
6513	12962	3175.591682	73
6516	18991	1047.942918	60
6519	8460	588.565774	128
6521	1846	1475.884762	19.52047734
6521	5445	1480.783702	19.52047734
6523	10786	2103.031487	113
6523	11047	1909.881514	110
6523	18959	1869.549851	111
6524	1661	1030.420209	145
6524	5143	1110.763647	150
6524	5353	1168.550231	141
6524	6205	1128.521529	161
6524	9185	1231.161701	140
6524	16856	1265.878778	139
6528	5868	511.0689747	159
6539	14090	1211.788822	128
6548	16388	652.1146114	87
6551	4168	1951.878596	65
6555	10859	242.78837	181
6557	17232	2356.757919	44.02173913
6559	15895	499.9438415	190
6563	3434	452.3582011	160
6565	15694	1853.977721	76
6566	3067	900.1937288	88
6575	3321	948.2696923	78
6576	15698	2143.764417	69
6580	9996	2800.391786	75
6582	17685	2935.129681	49
6598	4412	395.4421831	132
6614	6943	755.261835	163
6618	17530	1967.809085	44.02173913
6622	1476	1697.141821	82
6622	9015	1713.797115	79
6626	14375	217.6272465	214
6630	11916	1778.024284	89
6631	5354	655.0628484	113
6635	571	1356.256578	88
6635	1588	1424.629046	82
6637	11534	469.5199626	91
6637	14949	531.7474592	87
6640	2146	780.972346	79
6640	11206	707.1128374	89
6641	12388	600.7391676	139
6657	13453	205.3734427	261
6666	3158	432.3037555	122
6666	5652	423.6331264	128
6675	2736	299.0037571	94
6676	17054	1500.380537	92
6684	2708	198.5554633	263
6709	1380	4862.047924	67
6712	1411	1780.690114	59
6718	10851	3445.800692	36.92365229
6720	1490	998.5945352	115
6722	5415	409.8204076	157
6726	13986	1565.105122	47
6727	17761	1215.497854	150
6728	11545	1615.941687	137
6728	13008	1514.61989	139
6729	3544	468.0588003	82
6729	15577	468.0588003	82
6730	19179	4116.600846	55
6731	7911	667.9613342	122
6733	7124	265.1224414	135
6735	11004	323.7196314	144
6736	6528	919.1151691	135
6736	15720	685.346574	134
6738	2692	337.7594539	197
6742	7124	398.6971612	120
6744	16325	1766.444095	49
6744	17682	1699.458804	50
6748	14507	259.8148816	185
6749	10021	842.4154043	32.36180563
6752	1863	610.2529354	103
6757	1537	447.8817104	140
6758	11241	664.5730931	76
6758	15517	658.9403777	77
6759	10501	418.8376759	151
6760	7817	2242.459723	47
6761	10992	369.5402744	66
6767	13429	362.0518312	87
6767	17834	365.3290132	81
6771	16274	1115.159573	88
6798	15300	1148.72839	119
6798	18851	1249.589037	117
6799	6418	511.1913929	62
6806	11120	226.9523888	124
6808	5798	217.500496	99
6808	6125	217.500496	99
6809	10522	464.2157858	155
6811	12627	340.0986977	227
6818	18741	367.1475032	76
6821	16822	985.6135645	148
6825	8272	753.0807313	108
6846	3766	1610.637465	85
6855	4136	263.085166	141
6855	15633	302.2107319	132
6861	14056	538.2479016	53
6874	13862	1486.845636	84
6876	6571	694.7798925	71
6878	9840	936.2154518	127
6882	2085	786.5459286	88
6882	6977	921.3214576	82
6882	8628	930.3778216	77
6882	17716	803.9511884	90
6884	5531	558.258697	123
6884	6807	598.4162172	121
6893	12178	3666.921774	75
6893	12386	3665.147257	76
6899	6538	217.9012491	64
6901	8484	914.2157024	85
6905	498	1961.429835	78
6913	13658	701.6368919	119
6918	3837	2745.411937	83
6919	3390	1121.941072	69
6919	6319	1063.652735	73
6919	8465	1085.071191	75
6919	10087	989.0611167	76
6920	14502	316.5834382	126
6921	4993	7567.540227	59
6926	6680	196.3577025	194
6931	9622	897.1794434	56
6931	14869	802.8682718	54
6931	18979	903.2366128	54
6934	5217	672.4095779	94
6937	3726	626.5747471	157
6937	15721	313.6012753	170
6944	13061	1201.307239	125
6944	13083	1237.934967	121
6948	15004	428.0386455	138
6948	17720	416.5884233	144
6953	3264	2564.381327	119
6955	8424	236.7423508	137
6968	15993	350.4845997	250
6975	15287	1539.32455	52
6975	19335	1422.104283	56
6978	1597	594.3251663	172
6987	12070	529.8427887	112
6992	11462	289.443343	192
6998	386	937.466273	57
7008	11774	213.2754887	269
7016	13184	1355.697884	100
7018	1413	1020.080061	34.5675579
7019	11888	665.3059887	75
7020	15566	855.4799864	105
7028	19375	217.3949544	149
7041	15024	946.602483	121
7044	7747	1285.931011	29.63817606
7045	2467	1079.599463	90
7045	4076	1061.651033	87
7045	6696	1219.958648	76
7045	6751	1252.196321	78
7045	9315	1206.474932	78
7045	9482	1287.336847	79
7045	10841	1172.874534	82
7045	11934	1257.032153	73
7045	11971	1123.413192	85
7045	14732	1284.533977	78
7045	15202	1147.008643	76
7047	3187	210.4881653	251
7047	7883	240.7884374	268
7053	2923	1081.01905	56
7062	587	2738.436595	45
7062	2388	2658.906318	46
7062	6635	2511.352268	44.02173913
7062	7250	2754.384496	44.02173913
7062	15241	2735.558126	44.02173913
7062	17824	2676.738906	46
7062	19199	2722.910368	45
7066	3715	1207.482596	63
7106	11073	514.89274	131
7110	18341	1767.987301	47
7110	19152	1629.770142	51
7113	11925	1156.824689	87
7118	19364	1293.322281	129
7121	13206	254.9017639	139
7133	9419	886.1486505	138
7141	1154	579.7683384	83
7142	17779	2299.963039	129
7146	1930	800.0035399	79
7169	5616	270.161924	187
7169	11503	327.6640814	195
7171	12335	2333.554744	84
7176	9779	371.3897403	189
7177	14080	645.0975527	41.21271655
7178	11024	323.1636607	215
7179	6312	882.4844448	61
7182	6110	621.2507604	138
7182	14991	619.9339917	146
7182	18352	517.6312423	153
7184	1030	1252.232561	82
7187	9417	202.1410489	178
7190	1437	972.9214466	75
7191	9216	3019.375946	71
7193	1158	191.0422616	265
7198	15031	953.4495705	39.44033602
7203	9327	595.6577714	113
7205	14528	205.6885524	120
7207	1225	891.398935	128
7207	11855	875.5553577	128
7209	11070	3491.158617	78
7209	18989	3568.456738	78
7210	15130	553.0239274	40.31678793
7210	18745	553.5462587	40.31678793
7210	19321	553.9396439	40.31678793
7214	3386	1035.577206	91
7214	17369	979.9558809	93
7217	18505	1305.170308	67
7220	12530	2141.200659	99
7221	15740	1483.811352	83
7224	13650	1232.738747	94
7226	7012	504.172657	71
7229	6928	338.352212	206
7232	16281	1482.184002	113
7241	3445	692.0263636	92
7246	12854	883.4520127	95
7250	6834	826.4732276	155
7257	2889	939.2355273	152
7257	8776	1010.107242	151
7261	4193	762.4133926	71
7271	11761	2394.380154	59
7271	12346	2377.324922	60
7272	14502	347.0284785	116
7273	17038	2308.077694	59
7275	7463	745.6255784	114
7277	7923	528.1553422	132
7283	7064	650.4677667	113
7300	12109	452.6273121	133
7304	13319	818.0047407	50
7311	11410	1230.452399	48
7324	7531	825.6180766	70
7324	17973	750.0102968	82
7327	15099	972.7468349	130
7333	11236	2417.122022	76
7333	18375	2468.865332	75
7337	9167	803.0466936	105
7340	6963	4711.21834	72
7342	17826	731.4181999	33.08095687
7346	11352	1232.032436	82
7351	9302	466.3015005	123
7352	9598	761.3246668	76
7355	15166	4397.707871	24.859302
7356	9882	190.7013788	186
7356	11192	240.1186733	158
7358	4817	1734.561261	47
7358	16747	1793.684096	45
7366	4279	2174.47772	135
7368	1819	302.1406658	272
7370	5944	3419.518177	104
7374	9116	821.5269316	86
7374	16946	741.6154494	96
7376	14892	564.5699325	63
7401	9484	741.9835366	94
7402	8697	1349.192176	83
7402	12497	1326.298706	85
7406	36	817.1846705	123
7408	14519	2298.916341	53
7408	15807	2360.19905	51
7410	16345	251.9760883	177
7413	1055	1017.58363	110
7413	3130	1142.546044	110
7413	4332	1087.583079	113
7413	4487	1038.646581	115
7413	16171	1025.158313	112
7413	17949	1117.082369	110
7413	18408	999.9180446	109
7413	18454	1159.760452	101
7417	10937	542.5614208	36.1209642
7417	13088	533.9920658	39.44033602
7418	11311	673.4323342	125
7418	11692	751.686703	113
7423	500	389.9290068	201
7426	148	322.3211244	192
7426	5428	291.7104651	189
7427	7814	1859.469562	95
7433	5872	1364.545311	128
7440	8313	355.9303983	96
7445	8347	1323.092873	28.36356641
7445	8485	1326.231303	26.5536902
7459	12301	1154.69373	118
7459	12855	1081.708438	113
7464	17094	733.6516563	22.27216015
7467	16769	2147.921243	60
7467	17960	2076.418434	61
7467	18726	2007.010279	65
7469	2048	766.2121257	106
7470	17968	1590.104303	77
7471	8074	595.9269935	134
7481	1010	1458.266203	61
7483	11980	511.2799359	124
7490	19320	420.8513609	138
7491	8902	218.3068468	175
7492	6354	437.2207416	173
7492	7243	351.7529949	188
7493	11669	1579.737386	148
7497	17835	2385.224156	39.44033602
7498	6512	2898.462151	65
7504	4852	744.748835	86
7504	17967	645.5952525	88
7508	496	1051.214419	48
7508	17116	917.8536337	44.02173913
7517	10210	1618.296155	114
7524	4924	910.7647744	93
7524	15554	977.6386398	92
7534	17164	592.7821229	67
7537	3133	2020.925731	93
7540	3957	307.8162387	138
7544	17022	193.6705519	139
7551	12696	827.4215944	93
7552	3111	1161.236161	73
7557	18456	1780.51246	59
7563	2781	917.0148075	61
7564	15669	1196.925215	101
7568	11967	1875.27201	60
7569	1840	433.9462355	173
7569	3257	395.6942619	174
7569	3661	370.2297464	173
7569	7828	438.7983417	168
7569	7926	382.4678652	167
7569	8068	396.369861	176
7569	16152	403.7416885	169
7569	17518	389.5096807	169
7569	18755	423.1748542	164
7573	10148	619.5553973	166
7573	13340	562.6733528	172
7575	3843	874.4715081	86
7581	1981	1127.9847	97
7588	16003	2050.881418	49
7590	14137	662.676467	75
7591	3020	514.7888246	128
7591	5086	454.8873279	137
7591	7656	436.8313451	137
7601	10078	640.3719587	134
7608	13132	897.8069603	68
7609	10808	2660.952833	73
7619	18248	297.1436278	181
7630	3037	274.1517605	177
7630	9454	350.9782035	170
7630	13863	401.2016049	160
7631	2329	1919.708479	132
7631	9569	1995.23652	135
7631	14786	2112.886219	131
7631	17041	2005.152206	134
7634	14179	272.6404912	82
7638	11642	3274.280908	79
7643	16701	1256.164454	101
7645	10099	310.3076973	140
7651	7140	1364.156839	93
7658	17241	1006.139604	174
7659	8962	737.1422767	110
7662	8602	401.8274548	97
7668	5535	775.1146718	57
7669	8477	1348.148478	41.21271655
7671	10724	601.4380844	128
7671	17623	683.7209419	119
7688	4379	850.6350168	82
7688	9950	884.3148562	72
7691	2889	930.6320603	146
7691	8776	879.9810656	153
7693	10065	369.9076992	61
7693	10807	351.3235755	65
7693	10941	380.7350581	67
7698	1971	1094.416402	95
7698	2040	886.9036121	104
7698	5642	985.1737171	106
7698	8704	1044.268579	98
7698	9184	1026.572158	102
7698	9457	946.3864691	110
7698	11959	941.6127291	107
7699	3095	2080.766454	54
7701	1840	500.5865068	166
7701	3257	447.7155389	169
7701	3661	428.279177	165
7701	7828	519.785813	155
7701	7926	476.0122169	147
7701	8068	488.2898282	154
7701	16152	488.3260769	163
7701	17518	438.9658739	159
7701	18755	563.9367599	143
7708	9544	640.0562065	77
7709	8280	932.7121229	68
7709	17754	849.4750845	61
7709	17800	752.7460008	71
7715	4582	382.5452266	129
7715	12315	423.4102709	106
7715	12616	263.360308	159
7715	13302	332.4160325	128
7715	18968	335.9775178	116
7716	3043	350.3311776	44.02173913
7716	4324	252.333021	56
7720	955	263.7048665	186
7720	4518	214.669352	202
7725	12845	1243.457089	111
7726	2440	263.4032752	184
7727	19163	638.3412933	83
7730	14107	1304.156314	102
7731	12020	780.2774698	65
7733	8283	3353.926543	62
7737	3647	282.4447785	166
7737	4643	280.2338562	167
7737	6923	251.6926119	153
7746	5895	444.6580786	71
7746	11124	444.3824555	71
7746	11474	484.5926154	68
7746	12292	461.708472	69
7746	14099	459.0244688	69
7746	16047	460.9978313	69
7746	18157	436.9352	72
7754	10316	1313.063415	112
7757	16106	491.1892584	87
7768	13414	1196.952471	46
7769	9109	799.605782	118
7772	11304	699.7017268	67
7772	18948	692.7110445	72
7773	16326	780.2799594	89
7781	6742	1326.152834	55
7788	17752	883.3659135	109
7789	5204	2290.471803	53
7793	17724	4751.464067	73
7794	72	251.5258954	152
7794	3109	185.5824353	138
7794	3566	259.5927607	133
7794	4729	234.8453324	106
7794	10439	275.2695054	144
7794	11052	273.0253666	143
7794	11748	269.8003275	145
7795	7481	999.4242468	68
7800	13626	319.2018885	188
7801	13570	320.0888478	131
7815	2972	199.7206721	167
7815	5845	231.7141072	150
7824	11820	1971.027084	86
7841	14160	925.3102812	92
7841	17368	781.21844	100
7842	6087	913.1564162	99
7844	14800	770.3822945	171
7849	5603	352.4043834	114
7849	8302	233.8162822	137
7849	15257	351.4707916	116
7852	16488	559.9869762	43.0647448
7852	17133	621.0672044	36.92365229
7865	15920	469.4005528	298
7865	19377	468.8772838	311
7866	12376	1267.917678	43.0647448
7867	17241	1395.559794	172
7870	7388	1155.995779	32.36180563
7870	9954	1142.160566	32.36180563
7870	14315	1143.22455	30.97006447
7870	14928	1147.234801	32.36180563
7871	13306	755.9861975	207
7877	8730	403.8819923	180
7884	7410	1658.693441	81
7887	10029	2282.272168	164
7895	9323	503.3708853	132
7896	17273	426.8357345	85
7904	12816	8224.768343	53
7904	18471	8056.695299	55
7905	9250	185.7428359	227
7908	15444	1654.948584	95
7912	1734	1219.922036	56
7926	7431	1863.974175	95
7926	17110	1678.423282	102
7939	12795	191.2930714	144
7943	1188	1702.288294	70
7943	12643	1705.363509	68
7958	17978	384.6825318	125
7964	14020	201.7655156	195
7974	7355	2385.285934	84
7975	10538	3078.099229	30.2968022
7978	722	790.0535416	91
7985	2262	1947.095629	86
7985	4162	1838.424075	92
7985	10621	1957.189871	84
7990	2085	807.5452819	85
7990	6977	913.8140726	82
7990	8628	841.9156967	86
7990	17716	903.0742595	81
7992	15024	826.9143981	105
7994	8333	488.0685035	108
8003	1882	537.5963083	64
8005	4217	441.6595209	145
8005	4467	440.8372397	157
8010	9854	565.9772922	119
8013	2696	1621.687529	18.27487772
8013	8385	1635.877526	17.10875968
8013	15454	1518.869865	19.09611913
8017	3165	581.5223892	64
8017	8132	516.9639319	70
8017	18870	545.5567453	65
8024	10127	247.252526	198
8033	10183	191.7793219	115
8034	2329	2033.671222	129
8034	9569	2015.097941	127
8034	14786	2097.249568	141
8034	17041	1983.350282	138
8037	14793	198.4647626	224
8041	11968	522.8695919	97
8042	12007	259.5567154	116
8044	880	1778.25963	70
8045	1103	2438.281211	74
8048	9132	535.5777684	116
8056	14590	282.4334876	145
8058	6336	306.1083302	145
8060	374	817.5505867	110
8060	9738	817.5505867	110
8060	12445	748.6873331	112
8061	7648	1109.56199	102
8061	11201	1002.703759	109
8066	3736	1389.158345	91
8067	2549	532.4976871	126
8068	6255	287.8021826	82
8068	7577	224.4628183	90
8068	15328	277.7311492	87
8070	9696	1039.921871	68
8070	13227	1158.03957	62
8076	2085	877.3655458	84
8076	6977	1014.426041	75
8076	8628	947.9415854	80
8076	17716	976.641478	77
8082	10806	2025.343301	58
8084	16410	1253.240634	98
8085	11246	694.9624634	67
8085	16391	752.2474171	70
8087	10717	311.7254585	162
8087	11394	279.7435633	155
8087	13256	345.2058784	144
8088	4803	674.1950226	69
8089	6296	863.7121243	80
8094	13381	3096.797633	75
8101	9944	947.3778735	110
8110	15816	683.2398995	68
8115	1091	500.9620118	106
8126	16022	697.6000515	90
8131	5784	212.6388427	191
8131	9020	232.1454741	178
8138	1918	807.1578903	102
8138	9749	816.6743687	105
8141	268	856.7830875	48
8141	6081	787.6317892	56
8144	2136	4014.245969	80
8147	15405	465.6728075	50
8149	14059	2291.239658	44.02173913
8153	6228	522.0097322	54
8153	14903	516.5788187	55
8156	11715	917.5779063	114
8160	789	559.8715381	109
8160	10121	581.5877359	110
8167	4655	445.3066022	245
8171	11115	993.8066136	95
8180	4662	2041.062993	58
8182	4412	395.2992439	126
8188	14635	745.946596	101
8194	18604	606.1430967	117
8197	2718	781.2645528	106
8207	10471	962.8075951	136
8212	9195	2937.884358	96
8220	7160	690.0610892	98
8221	580	822.0868131	122
8230	5437	3147.855573	60
8245	120	1735.639131	101
8245	926	1666.305349	101
8246	10117	892.434264	103
8250	11722	562.7865123	86
8251	10236	450.8273488	153
8261	8823	449.4864714	76
8261	9232	427.0049729	81
8261	10310	433.2842103	79
8261	18843	445.121939	76
8263	9132	431.1811481	119
8266	7124	339.3353968	119
8268	1636	545.1217633	163
8270	6690	1681.159872	76
8274	10040	358.092252	113
8274	10917	369.6294668	101
8278	15360	915.435621	117
8283	1055	931.9013123	107
8283	3130	1144.38881	110
8283	4332	1147.677735	109
8283	4487	1069.02093	112
8283	16171	1025.663412	110
8283	17949	1076.251415	112
8283	18408	859.9814641	113
8283	18454	1111.703721	105
8285	13115	1432.029772	73
8286	9695	706.3681267	135
8291	9890	242.6139929	313
8296	11734	4563.373332	60
8297	13662	373.7295361	138
8298	13677	889.8014317	114
8301	18141	1398.169989	15.66885474
8311	18020	1120.645201	80
8316	10478	1885.750446	59
8329	688	520.9819251	75
8331	11266	326.8707502	161
8344	5107	919.7318012	66
8350	9590	1766.716772	37.7441779
8359	9821	2409.646951	102
8360	421	1133.086351	85
8366	17537	1910.07378	63
8376	1686	744.6558247	67
8379	2812	945.8840267	106
8382	5785	2856.307361	84
8383	1749	4259.591758	4.37934153
8383	3651	4225.954141	4.888047362
8383	7528	4220.60234	4.677833605
8383	17011	4277.020484	4.099896205
8390	1402	470.3307119	90
8390	11435	411.1852199	97
8390	12368	440.2953427	94
8390	12507	470.3307119	90
8396	2467	966.8969998	91
8396	4076	969.2854057	90
8396	6696	946.0519782	91
8396	6751	1108.851148	84
8396	9315	1060.40178	84
8396	9482	1103.359098	85
8396	10841	1068.294284	85
8396	11934	1145.047462	83
8396	11971	997.9570537	90
8396	14732	1053.898729	84
8396	15202	1023.649418	87
8401	9827	1002.692827	162
8401	13891	1183.82931	154
8402	3172	4237.579731	33.81608925
8406	12466	438.7984171	151
8410	3373	2927.271459	45
8423	8095	396.4884071	153
8425	9810	1287.650109	96
8432	11341	2348.920562	30.97006447
8435	10572	332.8150805	76
8447	5241	1428.153566	68
8448	282	4082.554076	36.92365229
8449	11605	850.9564475	127
8449	13152	883.4064196	121
8462	12005	566.1869013	135
8462	14349	591.339726	131
8483	4001	491.1045216	94
8483	7442	301.8097667	108
8486	2224	539.3112471	59
8487	10406	640.8530158	107
8489	15754	600.2120355	128
8492	9794	195.240473	145
8493	8711	239.8607568	95
8493	18914	440.4889967	75
8495	13470	334.378558	184
8502	11846	244.1798902	169
8504	67	1861.189902	54
8508	13225	1142.823948	75
8514	1569	1483.861801	83
8521	10715	2446.806655	48
8528	13955	388.3512989	143
8538	3123	298.7589075	91
8539	8001	1698.49861	67
8547	4372	2166.90397	75
8552	5669	1459.633444	91
8554	5544	340.6167815	46
8559	4561	508.3850013	99
8563	18223	282.5291843	208
8564	745	3253.633688	27.1437722
8564	9671	3501.666924	27.1437722
8564	11157	3543.347789	27.1437722
8564	18663	3390.091746	27.1437722
8571	14713	1222.486418	92
8599	12781	537.2914808	136
8612	17541	252.5367607	162
8616	12393	1156.460637	118
8624	18113	1114.856309	92
8626	5829	3056.895352	80
8630	15956	1144.755224	150
8631	17214	916.4203209	93
8632	19062	344.8594259	121
8636	3341	2984.035443	77
8636	14145	3082.383326	78
8636	16034	3154.907469	77
8647	16597	1398.461053	84
8648	13480	831.246459	68
8650	1061	885.1844514	85
8651	14547	774.133641	65
8656	2497	1995.067957	74
8657	10024	315.2185661	169
8658	1976	608.7365107	160
8658	5152	657.6750051	147
8658	9784	615.3621654	149
8658	16991	602.8772462	159
8658	17951	753.9018935	145
8668	14032	185.1442197	183
8669	1006	1368.641533	65
8673	3902	336.890186	177
8678	485	307.8182103	218
8678	3931	249.2448797	212
8686	14750	1068.846106	91
8689	3346	1383.66553	65
8689	8915	1258.970437	80
8689	11334	1356.243892	68
8689	17227	1358.157155	67
8690	18747	465.4787786	59
8694	4209	731.1972803	95
8700	17419	1656.407207	57
8701	13315	1145.297929	45
8708	3935	690.2144229	130
8713	14167	866.1717758	116
8716	4190	730.4922566	47
8718	11450	459.3532372	96
8722	13141	544.017381	91
8723	7398	195.0232544	107
8724	18153	357.0349355	123
8725	6828	1117.791236	84
8725	7258	1087.333843	90
8730	10237	718.506636	75
8730	16974	727.4853766	80
8735	14605	1782.730662	58
8738	1235	373.0507014	126
8738	3956	331.0113619	131
8740	15009	968.602904	189
8741	222	341.2000978	126
8741	6179	309.0080755	139
8743	16118	855.1542287	76
8743	18319	812.2201493	79
8745	5330	393.1118884	167
8751	6842	191.8574435	105
8753	17170	1391.867625	57
8761	382	846.957425	48
8768	10441	2362.018635	108
8784	10070	2245.385799	43.0647448
8784	17711	2270.763833	42.1285547
8797	16990	275.8676066	236
8808	13567	1181.783566	36.1209642
8809	16370	692.1571253	105
8812	542	3005.812075	85
8812	2914	3212.410495	82
8812	5031	3134.8999	82
8812	6753	3425.60527	81
8812	9867	3494.721752	79
8812	12962	3269.515709	81
8822	5643	2127.060066	66
8829	11849	364.6165127	114
8832	2361	3522.132857	83
8832	7255	3594.280411	80
8833	1134	775.5736397	114
8838	14367	2698.856485	151
8839	927	339.4115577	171
8839	7845	305.3537038	177
8839	8994	307.5163219	179
8839	18638	305.3537038	177
8843	1864	315.0833347	103
8845	1507	364.8358723	146
8852	16560	478.181283	145
8860	7231	196.4545313	140
8863	12851	3618.875239	36.1209642
8873	6049	1553.117332	127
8879	18369	1023.161782	28.99386789
8880	1154	692.0402363	82
8884	17584	558.5587869	135
8896	2848	1111.407592	109
8897	16471	1413.567433	87
8898	15142	631.8577356	154
8903	1876	5686.125259	49
8906	1232	1190.437245	111
8906	5946	1249.141877	106
8906	17420	1232.540984	107
8908	2603	765.3716881	92
8912	2766	531.9217489	126
8912	10418	475.5168992	134
8914	10913	9563.522962	64
8917	13943	1992.450746	90
8918	1906	1383.119611	112
8918	13126	1398.409682	108
8922	15828	195.891809	284
8924	2794	4873.650484	53
8937	18992	594.7334208	104
8939	17252	1013.309895	131
8941	12690	1739.536151	98
8945	4660	3343.980664	97
8947	7039	2265.722465	87
8947	8721	2599.893241	81
8952	323	537.4057182	134
8952	1390	575.5175878	123
8952	11583	533.2057198	133
8952	14792	606.0979771	121
8953	7875	432.1602741	111
8954	13450	1372.500511	65
8964	4002	372.5932077	96
8975	5403	3276.4132	74
8990	14555	844.8888131	140
9001	16072	3357.40894	19.95426572
9007	18088	1650.3875	68
9010	3084	1116.89646	97
9016	12339	1616.814415	49
9022	18965	1771.892474	105
9028	12520	697.949122	102
9028	16773	682.7359369	103
9033	11564	201.6210014	154
9035	19178	1232.364473	112
9038	1248	2125.3797	67
9038	6935	1994.717885	72
9038	7456	2093.699485	68
9038	7511	2147.39502	67
9038	10319	2098.02397	69
9038	13642	2064.861982	69
9038	18736	2107.825952	69
9040	19101	2650.291916	137
9042	1700	506.7248887	88
9043	394	1933.872704	50
9044	2254	740.7312694	74
9044	6176	765.3494606	68
9044	12783	772.8842446	70
9045	13428	220.4506875	120
9046	10584	492.3136526	46
9051	4474	467.4935041	124
9053	15682	1748.788183	79
9057	5015	242.9269445	141
9071	4461	289.9032267	124
9077	7131	379.3662576	143
9079	19254	2244.002616	27.1437722
9107	7758	808.7693801	139
9110	11992	937.2580008	157
9110	18983	932.9373623	149
9111	14693	3620.021519	90
9117	19092	622.8889268	87
9119	12177	2795.684589	34.5675579
9131	17139	2381.283099	105
9132	12021	221.4532603	144
9139	538	958.4921301	133
9143	2867	1509.590883	84
9144	13000	2524.19648	37.7441779
9144	14941	2432.278329	39.44033602
9152	15204	330.3667469	112
9154	8998	781.9773516	80
9165	485	400.59863	191
9165	3931	312.5711529	242
9167	3939	1860.359169	53
9175	12312	222.0816595	144
9177	8583	670.9941093	107
9179	1774	501.8071979	218
9180	3920	768.0549482	106
9187	17745	252.4979328	147
9204	1841	451.5363732	96
9204	10525	433.3086648	93
9220	13728	271.2716262	109
9230	13705	998.104357	138
9230	15591	1048.097061	139
9230	19411	1068.288871	144
9233	2177	555.5758089	119
9237	2105	1176.253599	83
9241	7226	2954.330463	64
9246	1361	231.5781742	123
9252	940	3569.392725	21.31433096
9257	519	273.8796933	79
9259	7730	1243.921182	96
9271	18987	234.2073238	121
9287	1565	1364.009056	80
9291	15396	653.0942563	101
9297	17410	1984.529528	92
9299	3255	1374.153542	20.39769385
9306	14502	347.0284785	116
9308	14864	1868.317888	84
9319	16416	1792.279336	136
9322	13855	1033.462558	47
9324	3195	487.1879577	51
9324	18219	489.3813429	51
9345	7427	807.4484599	166
9349	666	229.0056111	118
9349	1410	265.0264824	117
9349	15964	352.3800772	108
9350	15456	1129.612508	103
9352	11995	400.848468	182
9362	11150	514.3888218	124
9362	12172	514.3888218	124
9367	13059	213.7212185	211
9372	18892	1482.213786	45
9376	19252	516.7249917	81
9379	4933	712.0465592	126
9381	4647	364.0902309	190
9387	1866	1088.719918	46
9392	611	1226.886667	16.73683012
9392	4202	830.083881	18.68098611
9392	6436	1213.954503	17.48895434
9392	10964	1226.886667	16.73683012
9392	12818	1226.886667	16.73683012
9392	18942	796.1918358	19.95426572
9392	19017	1261.764007	14.35013486
9394	4267	191.6300223	234
9394	15453	181.3875243	234
9394	17937	203.527743	235
9395	2509	884.5633616	53
9396	14002	686.6507987	58
9404	2379	210.0544016	88
9406	7757	293.5009789	100
9410	16744	832.3468696	176
9411	393	3255.527066	68
9411	12047	3143.01533	70
9412	18250	1730.675614	60
9414	7148	2139.966206	85
9419	9726	1837.696169	58
9424	5405	656.0730483	135
9424	6301	504.4640242	136
9424	10000	623.4884986	145
9429	16345	201.0667248	185
9439	1341	234.3661838	103
9445	11219	201.1953612	166
9448	2747	362.5358869	177
9450	6054	1693.150631	89
9451	10385	366.7021627	142
9453	15305	998.0486029	114
9455	1310	393.1282466	43.0647448
9460	9259	228.2533574	187
9474	12188	207.1944197	137
9474	15302	248.7612186	121
9487	1632	2272.375078	61
9489	8822	2589.984616	54
9491	4582	409.9370675	141
9491	12315	396.5047189	109
9491	12616	296.5624421	167
9491	13302	373.4900522	128
9491	18968	382.7566083	125
9494	18000	807.623784	50
9501	19398	181.5276531	156
9502	12073	1140.108356	108
9503	2956	420.5256129	168
9506	7706	332.0237167	62
9515	4224	784.5897634	53
9515	9956	791.4513725	48
9529	2403	364.6469781	91
9536	4321	4877.604638	24.859302
9536	5259	4949.129745	22.76709704
9536	6288	4812.627308	25.41173093
9543	14502	352.6033027	107
9548	4866	414.0075213	178
9549	5950	2221.660239	26.5536902
9550	4296	1557.650442	76
9554	16698	1528.358306	87
9555	6801	2554.754798	67
9557	411	1377.850444	95
9557	4075	1360.00645	97
9557	14591	1332.17723	95
9557	16691	1290.333268	93
9561	10704	1919.861755	147
9563	9672	674.2282519	81
9563	18856	726.0039706	76
9572	1971	885.316419	114
9572	2040	696.9961618	116
9572	5642	826.3709456	115
9572	8704	866.7894247	112
9572	9184	844.9422517	123
9572	9457	782.9173147	120
9572	11959	781.3479732	116
9578	17577	3570.563672	91
9584	17237	973.6587059	157
9592	2104	508.0905218	116
9592	4835	405.6448542	118
9592	7858	504.3528902	118
9596	2450	682.982937	110
9613	11491	5244.172574	61
9615	9605	248.505594	179
9620	19	204.9422267	185
9623	7950	751.5914167	103
9623	16901	635.0426496	103
9624	18357	1001.252301	84
9625	15623	511.5401456	139
9629	3467	264.8014223	230
9629	16219	266.4879303	225
9636	7068	837.1960192	110
9646	7761	806.1797016	103
9649	12336	276.7402182	167
9651	3206	675.353025	54
9656	6886	3723.379193	77
9660	7124	473.1581857	113
9665	6723	423.4917123	156
9666	3346	1063.390331	90
9666	8915	1141.881376	84
9666	11334	1023.12334	94
9666	17227	1144.718579	80
9680	18064	2290.374054	48
9682	13209	216.6779429	172
9685	9564	1621.960482	110
9688	7445	284.6604777	143
9692	3313	2766.983375	60
9697	2290	357.1725156	125
9697	10929	380.1603108	132
9698	6930	427.793064	150
9701	6523	1142.917182	53
9702	2586	1608.891341	82
9705	1076	1053.570651	110
9706	3390	958.3505446	78
9706	6319	924.3815968	78
9706	8465	974.9479507	75
9706	10087	851.6374307	83
9715	10953	619.198865	101
9715	15357	653.4728709	116
9719	15762	1332.10125	73
9720	8443	603.1322756	64
9720	14844	604.0168693	62
9722	8787	256.6538102	107
9725	13554	216.4064938	152
9725	15237	183.983217	171
9727	17136	2807.214401	57
9728	9545	360.9740426	97
9729	3168	363.5420233	86
9729	4057	375.7461628	85
9729	4556	343.7973824	84
9729	5063	375.7461628	85
9729	7272	467.5634972	70
9737	4346	3359.643746	29.63817606
9738	14097	1064.621247	108
9742	9961	2117.421072	112
9744	4685	301.5956485	75
9744	5420	278.8587048	79
9744	9591	290.6827414	77
9744	13477	288.0458335	78
9749	1737	307.2405437	102
9756	6592	624.9106143	93
9756	14318	429.9048769	113
9767	10007	2110.768185	47
9775	17134	341.8933563	113
9779	15996	608.3988233	141
9780	4187	1810.798131	53
9780	16231	1720.172066	56
9794	4287	1280.374749	142
9800	6985	761.4382035	101
9814	7554	1230.310008	68
9818	18216	334.6176078	140
9829	10635	3094.797107	44.02173913
9830	8287	262.0488867	177
9834	789	415.1156986	120
9834	10121	387.0892552	129
9839	9205	243.6912629	223
9856	14488	1310.283333	112
9859	19291	703.738285	160
9864	13611	236.7046837	157
9865	13531	200.8318057	267
9869	14587	1424.777257	56
9872	12988	977.1603923	159
9875	12107	302.1102588	138
9896	11997	271.9193496	142
9908	7587	1424.4966	79
9908	9375	1436.640048	78
9908	11134	1205.876705	85
9911	13334	629.0947206	78
9913	3905	1978.904777	86
9915	5831	638.7257037	133
9916	19260	707.3601717	151
9921	6023	1435.416757	104
9924	13237	492.0916737	102
9924	15216	598.6309294	93
9926	1496	733.6089543	121
9929	13812	1926.304329	62
9932	9841	1223.762018	78
9933	2841	213.2712326	201
9937	11298	1047.586565	93
9946	4304	872.1772901	96
9947	946	351.3784122	89
9949	5939	303.1070547	121
9953	19293	873.3330385	79
9955	6592	451.0078859	108
9955	14318	395.9009994	124
9957	947	602.3888926	164
9967	15984	2873.751898	42.1285547
9976	3407	739.1722649	57
9977	11274	793.0560732	50
9988	5440	1084.028131	112
9988	9899	1038.748621	116
9988	12571	1087.00819	121
9991	5628	859.1049354	108
9994	7622	651.5219967	136
9996	13064	1142.992005	100
9997	11432	1913.785146	62
10012	10450	784.1712824	209
10016	14799	907.4417946	59
10019	14699	614.3785506	19.95426572
10022	15118	1504.767776	80
10036	11117	3845.219438	24.859302
10036	15452	3612.735419	23.79021103
10037	5511	1670.176051	74
10037	13984	1789.583614	70
10037	16759	1802.86725	67
10038	6324	1026.730434	112
10038	13097	1028.737206	111
10039	18383	460.2634203	122
10052	2889	861.4891117	144
10052	8776	781.1558728	156
10053	16309	251.1067379	191
10059	15476	1299.357628	99
10064	14380	1813.762354	70
10064	15496	1778.966348	70
10073	15252	906.3173712	141
10074	231	645.5538484	123
10074	3823	374.5541897	129
10089	13229	2879.54563	38.58293741
10094	14824	203.1569431	128
10095	1080	440.957624	147
10097	4660	3356.726568	97
10098	467	181.3417528	96
10098	8262	201.7927203	106
10098	18915	207.9733788	105
10110	10429	416.6085034	124
10116	4661	509.5572604	74
10117	4722	516.6141596	103
10117	7384	403.107124	124
10118	19320	427.45311	145
10122	4455	1272.028761	55
10124	2455	406.9629083	113
10125	18805	927.9098696	116
10128	2104	544.086945	108
10128	4835	422.0862851	121
10128	7858	536.3425044	111
10132	14553	935.1109395	101
10139	15327	2684.424587	77
10139	15394	2615.668412	81
10140	14934	188.7066926	262
10145	3287	2304.637281	115
10148	11252	991.2144691	39.44033602
10150	7110	914.5271678	76
10156	2084	921.4943514	70
10158	8173	296.506395	191
10160	13959	2350.399308	104
10171	15360	892.4690551	119
10177	17728	460.1246018	109
10180	9490	1375.533096	104
10185	5524	3953.590553	114
10187	2731	945.5620403	92
10197	11304	660.5415643	72
10197	18948	679.6633031	69
10198	643	326.5099068	91
10202	14697	1748.619004	130
10203	2119	2493.543049	40.31678793
10203	2382	2628.800265	35.33572585
10206	378	1361.11123	64
10206	6623	1251.819679	68
10206	10242	1358.427175	64
10208	2336	877.9462236	120
10215	9331	598.4019105	114
10220	15006	185.5829859	187
10222	17472	658.5689828	47
10235	15876	6660.016751	53
10238	18071	710.2143965	94
10245	19161	1364.421842	60
10247	18330	337.4058663	142
10248	6682	396.2158689	174
10249	11036	228.2074985	181
10253	968	1411.691641	82
10256	17200	564.4787463	115
10258	3321	857.4230593	89
10266	1749	4259.591758	4.37934153
10266	3651	4225.954141	4.888047362
10266	7528	4220.60234	4.677833605
10266	17011	4277.020484	4.099896205
10269	2339	848.0425153	62
10269	15556	769.5551495	69
10273	12805	2637.065984	39.44033602
10275	645	849.1351499	87
10279	8733	503.6944289	140
10297	14551	1258.166818	56
10303	1719	571.7964634	113
10306	2215	2692.680738	55
10306	6447	2862.39308	53
10310	10561	702.7401904	39.44033602
10322	12198	2281.87414	77
10328	9678	1393.974305	80
10328	19414	1351.20926	80
10334	5688	214.7126342	134
10334	15616	190.9070511	143
10336	10576	1434.538	47
10337	16158	528.264614	246
10342	11295	2484.42461	59
10346	4684	211.5162505	185
10348	10906	1908.545059	85
10350	5682	312.7823928	103
10350	17418	302.4034827	106
10351	436	1152.682861	72
10354	11375	545.6881011	115
10356	17200	484.4290584	122
10361	1248	2105.19118	68
10361	6935	1998.042159	71
10361	7456	2022.803007	69
10361	7511	2039.195818	70
10361	10319	2110.045116	68
10361	13642	1978.488424	72
10361	18736	2074.028216	70
10365	15871	610.2164862	129
10367	2513	432.1000154	58
10367	17706	444.3508332	56
10368	8808	1760.665167	53
10369	6574	282.5157679	109
10376	16672	332.9576345	132
10377	2028	2356.474082	69
10381	154	2329.677063	29.63817606
10381	9137	2271.27479	32.36180563
10391	8997	2360.428486	41.21271655
10394	656	1546.896066	112
10397	11850	1400.822029	79
10400	15086	483.837889	148
10406	2318	612.6139776	114
10407	4442	1204.260893	58
10413	5890	586.6418297	78
10413	10879	582.3170815	78
10413	12113	570.5464963	84
10422	1474	1959.879755	35.33572585
10429	2326	228.458918	154
10433	578	1324.350777	77
10438	17737	529.4968369	121
10441	3432	1441.191805	82
10441	3786	1424.328736	84
10444	5253	1533.104253	17.10875968
10444	16641	1385.177692	20.39769385
10445	5018	234.2098651	117
10452	9176	827.6055231	16.37298599
10456	9403	1011.554537	8.467756344
10457	17840	5763.405953	61
10467	1055	1065.73412	101
10467	3130	1129.028349	108
10467	4332	1157.562253	105
10467	4487	1021.803971	109
10467	16171	1030.75016	107
10467	17949	1155.764095	104
10467	18408	1035.595778	101
10467	18454	1152.202203	99
10469	3249	809.3900668	115
10469	17202	775.3594559	119
10469	18580	769.3306032	116
10472	16675	1362.875598	46
10473	16420	814.3537436	133
10476	1867	213.5350144	179
10497	10899	1125.59697	150
10506	2433	181.9013622	178
10506	19301	211.7882745	154
10514	12081	2546.691582	95
10516	9940	766.7843531	181
10517	5440	1092.026252	114
10517	9899	1070.25014	117
10517	12571	1129.252873	113
10522	1149	194.1537794	171
10522	7961	208.525479	173
10525	15012	624.2002272	94
10526	2467	1075.170153	84
10526	4076	1063.894711	83
10526	6696	1067.003184	88
10526	6751	1209.603686	79
10526	9315	1143.47803	79
10526	9482	1174.154271	81
10526	10841	1112.213431	86
10526	11934	1157.822391	78
10526	11971	1070.595883	79
10526	14732	1098.355945	86
10526	15202	1119.809191	75
10537	15976	1357.675031	61
10544	10447	291.1551499	121
10545	4282	1553.25365	79
10550	15258	640.4264775	75
10557	8695	353.5363073	128
10563	3374	633.1737346	99
10573	5228	1461.291268	105
10576	17950	541.9084984	120
10583	3142	1910.48172	99
10584	17594	1219.934163	94
10587	13500	1859.292134	68
10591	16484	504.7184864	17.87759777
10592	4947	3829.528936	28.99386789
10594	7956	208.7659446	128
10600	9880	364.0080439	114
10601	9560	340.8035577	133
10605	5677	1067.742139	99
10605	18687	936.6878813	101
10606	469	275.0951868	203
10610	18410	277.6968922	156
10612	5247	2376.147852	61
10620	8311	384.6538809	114
10626	7667	1139.090707	79
10631	1749	4262.550394	4.37934153
10631	3651	4191.1374	5.455844638
10631	7528	4223.558196	4.677833605
10631	17011	4279.981721	4.099896205
10634	1059	1317.297434	55
10634	4587	1279.113851	59
10644	8634	426.7410681	155
10646	982	1179.452042	21.31433096
10646	5749	1227.323962	18.68098611
10652	18686	618.7859658	88
10654	14840	1773.216094	95
10655	9030	1170.914847	33.81608925
10658	2467	1258.263607	81
10658	4076	1216.412352	82
10658	6696	1396.254731	61
10658	6751	1509.590137	61
10658	9315	1399.152431	67
10658	9482	1481.551603	62
10658	10841	1410.955715	73
10658	11934	1574.970515	58
10658	11971	1268.395597	71
10658	14732	1456.113084	66
10658	15202	1433.767921	62
10663	7619	1658.261621	71
10670	11771	300.1854004	77
10670	13329	287.9717124	79
10674	12770	215.3132611	257
10693	11447	300.2916058	216
10697	6067	537.7729617	81
10703	6397	1442.550559	129
10707	17277	689.0303651	100
10710	18023	3131.204944	22.27216015
10717	14346	2139.42197	119
10719	16212	1050.454287	101
10721	8651	517.712232	115
10737	2166	270.6669134	116
10739	10788	456.0407811	150
10752	9767	256.1471608	172
10752	17717	210.7677971	177
10752	18901	282.8413416	172
10761	7346	2188.060134	130
10761	11928	2230.087713	125
10761	13941	2169.744632	133
10761	19090	2240.159983	131
10762	7117	1484.273322	70
10763	16642	565.4609558	163
10771	1752	806.9637284	130
10771	18925	759.8236679	136
10775	10185	1871.797008	48
10778	7099	1468.229255	86
10785	15285	417.8209791	147
10786	5315	1118.351298	139
10789	13637	1221.075111	91
10794	6250	1762.230435	70
10794	13672	1769.718047	71
10800	5970	330.6923572	206
10800	8273	320.7846826	218
10802	6164	1754.115781	115
10802	14775	1996.210687	117
10812	6381	297.0004985	154
10812	8653	293.5586116	163
10820	4758	864.3382045	125
10844	4598	346.2841471	74
10847	12370	1388.710242	94
10855	2759	487.3268502	52
10856	759	390.6961243	144
10856	12483	398.2970799	140
10856	18756	415.0155771	143
10860	16935	391.3912745	112
10870	13415	313.1234271	150
10870	17490	280.862758	161
10875	10291	2308.414955	74
10893	11822	975.200534	160
10905	6596	187.7232442	151
10917	9271	198.6032468	170
10920	14773	342.6434783	130
10920	16439	358.9868334	133
10922	1195	1482.906123	115
10927	9264	687.6926625	146
10928	15839	1919.003797	68
10935	7998	3365.56399	33.81608925
10937	12439	1531.221872	80
10938	11721	1435.400962	95
10938	15705	1247.089044	98
10945	3994	2321.216927	72
10949	15662	332.147301	96
10953	17410	1928.841429	93
10961	4565	186.3678328	198
10961	10708	207.0971084	190
10962	10326	776.4754365	86
10981	2749	798.4639086	79
10981	5125	716.1048517	83
10981	7165	924.028041	70
10985	17591	430.0368399	105
10989	12594	465.4650889	140
10990	269	1074.424958	121
10991	10711	195.8644752	266
10993	9034	1101.854906	117
10993	18344	1151.391399	116
10995	5535	678.5577846	68
10996	11742	191.4297269	112
11001	5759	309.7639952	173
11003	3386	961.6014198	90
11003	17369	971.5592825	93
11009	916	576.7484937	158
11009	1281	542.6205153	157
11009	4481	504.1017009	164
11009	16169	467.3076175	163
11009	16735	549.6288252	155
11009	18903	562.833589	153
11021	561	362.0010723	123
11021	14639	432.9670716	120
11021	17786	515.0581455	113
11023	1479	903.7021077	106
11029	4675	311.7497638	57
11029	16050	306.9127014	61
11031	4569	215.694442	190
11032	3593	216.6696705	180
11033	11415	487.2784965	155
11035	12759	904.4497962	121
11044	7559	1008.823411	135
11045	17781	1160.008492	43.0647448
11046	18069	250.6539657	150
11050	3390	1218.084942	67
11050	6319	1130.000831	71
11050	8465	1163.14907	69
11050	10087	1097.626658	70
11061	18599	763.0804727	139
11070	1141	271.3693094	299
11070	10074	191.1757468	317
11070	11364	245.6718451	294
11074	6562	185.2592191	151
11075	14675	381.4647641	155
11078	3696	825.4394428	52
11078	5904	794.4148754	55
11081	15558	590.9800643	98
11089	16055	1671.86702	17.48895434
11090	16326	564.6997647	104
11092	15018	479.3946356	161
11103	15354	528.2488552	105
11104	7985	2304.638311	52
11110	14782	2775.748984	48
11116	13690	504.6255811	148
11125	11314	1202.975298	89
11128	16256	1191.145023	88
11129	9840	1091.448607	120
11135	3099	833.3494549	92
11135	8458	818.2778173	94
11135	14007	816.1567287	93
11135	14309	1082.429116	102
11135	18303	742.0945771	102
11166	14734	476.9943939	100
11169	748	916.8322009	82
11169	13914	870.7343759	90
11169	15837	858.9441869	88
11169	16931	857.3962957	95
11178	8780	686.6129543	64
11182	6284	1114.876766	71
11195	2866	1466.743739	44.02173913
11205	2521	1540.268637	133
11208	10821	1356.436702	114
11218	9883	687.9365391	94
11223	2319	982.3677825	92
11224	6926	529.8069239	86
11236	14544	351.4539161	168
11240	10513	932.780894	120
11260	11977	533.7730133	140
11260	13113	449.314502	143
11262	10757	1830.546091	43.0647448
11266	18844	3266.413963	60
11268	14306	1431.303403	163
11270	9964	1568.36081	113
11276	2329	1962.108757	131
11276	9569	2103.3829	128
11276	14786	2132.989464	134
11276	17041	2095.03541	133
11278	7976	1767.726784	53
11278	9222	1668.551227	60
11278	17352	1696.748314	56
11280	9391	1742.497566	84
11293	19122	280.4482339	106
11295	1228	2222.865639	41.21271655
11295	3961	2170.934564	44.02173913
11295	5429	2172.188996	42.1285547
11295	12327	2212.683084	42.1285547
11299	280	1490.588099	101
11311	14662	1555.450475	54
11315	11902	1704.424443	103
11317	14945	225.3743266	114
11319	18435	1576.312641	69
11324	3865	671.1715516	159
11331	15305	1022.965297	121
11333	2842	2674.897858	63
11334	2512	509.0821897	121
11341	1487	998.1294914	50
11341	17723	971.6920733	53
11343	1463	196.4430982	114
11348	873	585.2095026	196
11351	4058	1566.461542	65
11356	3231	725.7750018	135
11358	5372	1873.852623	86
11361	15370	2812.461824	36.92365229
11371	5032	381.7099011	116
11371	16985	390.1607621	110
11372	10859	274.6015875	202
11373	9959	373.7679968	177
11382	15505	2059.556054	56
11385	7283	2334.011069	49
11386	12691	331.4528341	97
11388	1707	1621.987202	67
11394	3333	1706.349427	115
11400	626	1171.611023	30.2968022
11400	13858	1170.502654	29.63817606
11405	13653	2183.548421	59
11419	11597	241.2510102	324
11420	10744	935.2994448	101
11425	11739	287.0663577	137
11426	10873	937.0399904	126
11426	11353	950.0417123	111
11429	15750	682.6894573	104
11436	13233	1722.516437	122
11442	10449	1040.174423	74
11447	2724	548.5599935	149
11449	2982	1273.485644	67
11452	12112	930.4693659	105
11456	18311	559.9307553	88
11457	7523	613.9436716	122
11473	1840	405.0254236	176
11473	3257	359.4676635	184
11473	3661	463.8754676	157
11473	7828	471.2986072	156
11473	7926	390.5434665	170
11473	8068	481.6189168	161
11473	16152	452.9558158	173
11473	17518	460.8725018	158
11473	18755	508.5824682	154
11478	11569	735.228232	160
11479	339	3066.745493	60
11484	13167	643.8042651	162
11488	4016	1993.582973	60
11491	15327	2798.205186	75
11491	15394	2865.603404	77
11503	1552	4127.053096	82
11503	1718	4123.10077	81
11503	17303	4310.976878	80
11533	5454	433.8741399	75
11533	8314	352.2041489	102
11533	9892	306.1172087	89
11542	14347	1928.755772	39.44033602
11545	12870	1362.945722	100
11548	3100	520.6687407	132
11555	12280	681.3358731	149
11560	15222	2045.829667	118
11565	18103	1553.645395	79
11574	15367	3400.418336	74
11576	7328	308.8169295	129
11584	3655	564.4253154	56
11591	9013	973.1805995	123
11591	18523	1053.621586	118
11594	10333	318.2775884	177
11615	2358	987.6556473	113
11626	18577	701.8316694	162
11628	17532	244.0946488	141
11630	18766	202.5625161	152
11634	15038	1215.163984	36.92365229
11637	14971	2129.945587	45
11641	15903	250.3918819	188
11642	8509	1263.444526	78
11647	10285	201.6346024	185
11648	14154	428.5797473	188
11660	3342	1020.950851	49
11661	6700	1035.97389	149
11671	18522	1104.623051	91
11673	6330	623.5995246	92
11678	6358	2652.929671	96
11680	838	547.3509403	131
11681	13866	2184.161355	124
11688	4713	1030.043082	82
11688	10902	1044.968531	79
11707	1026	655.3950187	112
11707	9140	634.6084227	107
11711	4815	1776.319473	44.02173913
11711	12701	1550.117481	51
11714	13556	819.0123934	50
11714	15638	848.7921418	48
11714	16819	909.2776126	41.21271655
11718	14954	996.999298	107
11719	16289	1492.530185	80
11725	4277	898.5144345	80
11729	11979	6028.872074	42.1285547
11735	12854	843.474652	98
11736	983	3075.305137	41.21271655
11747	256	230.7837374	155
11747	12227	267.2276944	146
11748	4633	821.9952399	97
11748	17890	925.8874492	94
11749	14104	2995.50196	48
11754	6535	421.4251689	103
11760	10818	1810.962287	65
11763	2988	2649.328189	77
11768	8017	1279.868009	79
11770	11946	1647.508564	90
11790	7516	594.9384041	104
11794	2328	896.952548	101
11797	6112	663.8215979	159
11797	10064	397.4921397	178
11799	3865	863.4579655	147
11805	4779	1038.011786	63
11808	8617	1298.644236	84
11808	19083	1348.042692	81
11817	8805	384.3156522	105
11822	15543	414.5517275	128
11824	9247	1266.28354	103
11824	10201	1207.756577	96
11831	14712	999.2910422	115
11835	10779	348.9615517	177
11836	9691	2533.14519	43.0647448
11836	12110	2596.779232	41.21271655
11836	18780	2647.181303	40.31678793
11837	2279	1146.07857	23.79021103
11837	18883	1146.07857	23.79021103
11843	19340	1286.161974	51
11845	4167	2447.924622	75
11853	6126	225.9778789	122
11853	18549	225.9507806	123
11854	2368	1080.37806	74
11856	15113	941.2367365	74
11858	17412	996.7872745	39.44033602
11859	1097	683.3297974	78
11860	3941	989.2186097	83
11862	2465	1112.481183	116
11862	11343	1362.422161	109
11864	3107	2133.722059	118
11876	13301	1051.179259	83
11880	8600	2339.510139	80
11889	12450	1130.999263	84
11894	12240	1174.298719	43.0647448
11905	7878	411.3842618	99
11908	503	1782.966378	130
11909	5677	999.3033679	106
11909	18687	881.3739187	106
11910	4112	2522.934733	91
11914	3992	845.5119095	85
11918	789	582.2644998	108
11918	10121	566.5906028	112
11920	3843	895.0031171	95
11923	810	1291.439129	112
11923	3606	1573.685393	109
11930	3037	279.3916576	167
11930	9454	416.4577488	152
11930	13863	441.191752	147
11934	5925	1235.822974	130
11937	8213	2201.148727	104
11939	4330	754.2454819	115
11939	18911	706.5014185	113
