1	1058	1189.441898	79
2	459	1523.977282	77
3	2821	225.1536656	182
4	1736	1772.594601	70
10	1553	1769.161781	68
16	2674	367.9990414	52
23	1458	2136.044439	58
24	1771	1253.560757	67
25	1577	533.591629	123
28	504	956.221476	100
30	516	375.1981529	64
31	2424	262.5190217	159
31	2435	241.711466	149
32	1109	187.4855306	91
33	3341	911.7348862	113
34	129	432.5100828	88
35	3377	1067.041393	45
36	1204	250.896476	149
37	3203	900.0000528	119
39	2020	543.5927321	96
40	332	965.7264582	99
42	3129	298.9542932	109
43	2742	459.640652	67
45	1796	1430.349483	105
47	2997	202.2795673	196
52	1296	1021.02542	119
53	1906	1035.203874	56
54	331	804.4166813	155
56	1615	653.9861844	144
58	2240	1242.439171	95
60	10	2480.397068	55
63	2291	1967.121393	75
64	609	816.4552961	86
70	66	689.6463594	130
71	2397	258.9096477	100
76	2371	2753.547847	67
76	2477	2590.440505	65
78	145	368.8012153	85
82	2997	214.4106639	218
83	1567	2075.155585	64
85	1671	865.337776	91
88	3172	876.812006	94
99	3278	249.9918566	166
104	2683	472.4812591	162
105	448	1470.714945	93
107	1445	1203.496233	50
114	441	1529.166561	85
115	2819	222.1176896	152
117	1944	504.1546219	111
118	1688	1429.85339	79
118	3033	1464.15832	79
121	757	621.6162318	51
122	2871	199.167022	204
124	92	492.8664228	91
125	3174	721.8979677	115
130	1693	787.6311344	91
130	3332	832.4190679	87
132	2596	600.0360264	117
133	761	328.2963425	146
133	1210	250.399882	163
135	580	998.5369731	73
138	917	190.3833098	131
141	2903	1341.760909	85
142	516	534.748676	54
146	302	565.5764442	69
154	2672	254.2708631	139
156	2304	945.1991449	82
158	113	211.2186149	205
159	3089	937.2348855	117
160	1669	186.4171199	99
163	1893	531.0288593	134
164	67	560.2059654	67
173	945	1087.546243	69
175	2388	1226.213927	98
188	1435	917.1518545	79
189	3105	436.4333327	129
190	579	1065.508346	86
192	735	1417.833154	96
193	661	342.9984622	125
195	220	683.3186979	78
197	3177	465.5708915	107
203	3186	779.2102482	105
205	301	1403.228553	92
208	379	327.7384079	185
209	3073	2600.01601	58
210	2617	447.5598667	147
215	1884	2512.459081	88
217	748	3893.51687	68
218	1173	203.9878819	98
224	3232	391.4567824	155
225	2878	1336.636637	106
228	2731	949.5044294	97
230	95	893.2690557	108
231	1462	766.4079767	99
233	2531	522.0496696	125
236	2458	427.4240238	126
237	298	356.5429149	51
237	492	302.5112232	64
238	2900	458.9072428	89
240	1528	255.7414503	71
245	812	281.4349835	137
248	2688	608.347208	72
250	2084	1463.316427	85
254	2485	636.841722	43.0647448
257	152	754.3854243	127
260	324	683.9979764	58
263	2639	643.6717705	147
264	1089	243.8489996	115
267	405	288.1404065	101
269	1157	389.296647	124
269	2026	524.4662354	119
280	202	216.7428934	136
281	2986	272.9930099	163
285	2672	262.1612828	146
288	2154	318.3925517	139
296	56	801.1252636	132
298	2807	2400.788097	105
299	2488	763.9410553	100
301	34	772.3606422	92
302	2959	683.4134373	112
304	810	949.506257	75
309	607	886.4488098	95
315	1161	596.1970387	126
323	1982	1102.126607	92
324	3035	1234.348596	91
325	1422	4490.609416	60
327	191	1315.888723	76
333	2212	2807.921899	30.97006447
336	1782	595.0467252	97
337	965	1313.959893	92
338	184	392.8993638	142
339	1678	1466.661362	59
342	1124	383.8013516	126
344	2967	2548.151104	62
346	1719	223.1137472	164
347	3371	974.495636	68
348	2946	2123.500901	36.92365229
349	488	237.8456776	173
352	342	1099.439361	76
355	1154	2072.606219	82
358	1530	871.501444	48
359	1488	4686.502013	51
364	1274	2386.730734	78
366	395	668.9748488	86
367	2765	1039.531788	73
369	540	256.720318	141
369	1634	340.9117882	131
372	1080	1301.657306	66
373	1466	522.9507698	91
375	532	675.8817081	128
378	816	498.6038642	121
379	2452	393.9851917	67
382	2079	1463.171443	120
386	1720	2500.340201	65
387	2730	1285.755217	38.58293741
388	1434	710.2438275	57
392	3385	271.6085519	150
393	633	1137.682844	81
394	2501	410.9466465	165
394	3019	429.8261597	156
400	1436	1151.244828	58
400	2135	1081.998279	62
400	2616	1037.470629	65
401	2691	199.4061148	118
403	2969	308.4987647	140
405	1641	635.6128771	94
410	1081	489.6672355	134
411	738	1068.047804	87
414	1293	1308.871911	98
414	2438	1753.561166	88
415	855	3853.057879	66
419	1087	407.8465932	113
419	1183	382.4585783	111
423	3231	1250.463492	119
425	2094	234.5232884	171
427	2185	2697.233599	83
429	2132	321.8052081	92
431	11	1408.629263	77
433	2912	1856.791578	46
435	708	312.2239243	116
437	2346	192.6557294	173
438	495	1410.350486	93
444	124	1164.980452	97
447	2998	1841.680697	60
451	288	543.0787242	141
452	2297	1596.610956	48
454	2432	433.934772	104
456	2545	840.1030115	45
459	254	587.807046	135
460	1142	653.9895306	135
462	499	1101.107323	52
465	2239	393.7748696	126
467	2838	214.083659	78
470	1575	446.2235349	92
473	865	1726.030518	106
474	1824	739.1013526	94
475	2733	1496.230886	105
477	2558	755.3665799	86
478	1948	277.9408059	108
479	3355	798.3581633	175
483	796	1075.052105	79
490	2012	458.9859627	103
495	2446	1412.687942	56
496	3126	814.5842195	80
497	1241	253.489078	148
500	314	1322.285717	99
502	1073	1831.17022	70
507	432	315.121351	127
507	674	271.1922157	136
507	1839	301.9965569	141
507	3058	262.6873239	145
512	3091	607.0464929	125
513	2516	371.8861664	111
516	936	210.6792398	170
517	2071	1316.122314	68
520	1969	832.1904272	71
521	1544	1648.65642	62
525	2400	1777.214896	70
527	919	890.126421	83
528	861	678.7047921	112
528	3169	762.4876373	98
532	1315	1466.254864	87
533	1485	312.4873021	144
533	1877	399.0694587	139
534	792	959.4040445	112
535	3042	2348.402206	77
537	57	1785.430492	70
538	542	556.0918349	109
539	1139	883.0075654	122
541	466	903.8616045	96
542	89	410.1961726	96
543	2910	1188.515375	119
546	2519	549.1882966	127
553	1967	1051.242787	58
556	2584	719.6259329	100
559	1236	375.2923994	165
559	3191	333.4359681	138
561	3240	1701.06529	78
562	1247	698.4549359	78
566	2567	1791.061619	63
569	1023	841.2387949	69
570	1840	1572.185253	78
572	754	427.1132706	120
572	2956	551.806977	104
574	984	1311.429337	111
575	3276	1266.507907	59
579	902	1308.069712	74
582	563	344.439014	162
585	3245	931.9983684	94
586	1621	181.3448952	155
588	2382	1047.27507	69
590	1845	1033.226147	104
592	1973	1792.511276	70
593	247	494.7338736	98
603	1056	772.3560403	110
603	1418	859.0125562	109
605	2920	696.6402843	74
610	1496	3155.828894	51
612	3154	667.4006201	97
613	186	1502.421746	56
614	469	446.80494	124
616	1131	1599.688428	68
617	2630	1514.696381	80
622	2528	1637.668714	60
622	3334	1449.264306	54
624	31	3692.881426	49
628	181	215.0452241	242
629	2884	671.0553455	101
629	3099	663.8600416	104
630	2458	550.3393462	107
633	3086	549.393325	123
636	2702	1470.992031	68
637	1761	1364.936095	89
640	3219	784.8462348	67
641	2833	350.560134	55
646	2259	732.6412836	114
649	219	2602.732881	39.44033602
650	480	1294.867733	66
651	546	419.6580075	144
652	1144	1261.212811	81
653	1432	283.8600421	165
653	1691	273.3943956	180
654	1147	1044.938558	72
656	1733	388.8389866	91
659	3300	798.9223037	59
660	2811	567.9891988	78
665	1211	403.3519914	111
666	1674	620.9290529	134
667	683	2885.955408	43.0647448
669	2146	194.4834132	218
670	102	361.6810329	63
674	2854	1405.249958	67
679	1902	188.8093428	186
683	3092	956.7007148	84
687	1859	1086.480962	28.99386789
690	2170	2541.27746	80
695	2184	4450.712261	40.31678793
696	2697	1020.601945	108
699	572	419.7778512	67
713	311	2004.492833	77
714	696	3545.368084	76
716	2554	1655.641606	99
717	1865	261.4478755	154
718	1120	2050.861214	108
719	1156	3421.097604	49
729	3395	845.1309474	67
730	1591	259.9652299	142
730	2604	249.1086288	132
730	3252	182.9791269	136
733	825	624.2901425	156
735	192	872.849976	86
735	344	1110.237267	84
738	2350	230.7165926	145
741	288	627.8227899	137
742	1453	212.5018551	116
744	1329	517.5660438	132
745	1326	495.5689864	82
746	3175	2677.060801	65
747	2854	1221.525955	73
748	1572	484.3092827	143
749	3062	2461.185278	61
752	2460	1433.135779	62
753	616	798.9188434	84
756	2684	1588.65112	72
756	3411	1475.530346	83
757	631	1103.616982	94
758	982	1023.879659	78
764	330	1098.332112	74
765	1640	850.2894383	92
767	2816	473.2163529	168
772	296	300.0744459	156
774	1964	1513.78624	83
775	2418	2560.352104	61
776	58	1955.896681	60
779	1117	967.7988263	102
783	3113	469.5949679	105
784	103	282.6235792	159
790	1146	194.4116139	141
794	3280	301.4164914	150
795	426	280.7159992	136
796	292	275.3885181	94
797	3046	356.1127942	153
804	2574	187.8207454	212
809	556	1593.247667	64
811	799	211.094575	228
812	2544	1611.405376	73
814	3015	628.7645361	61
816	2225	749.0845143	113
818	774	380.7575231	110
818	2161	368.9850035	107
818	2906	288.5961509	134
819	2654	229.8038208	171
820	239	1922.787836	65
823	2022	401.3127886	122
825	1200	822.6368336	37.7441779
826	1077	870.2087612	145
829	982	981.4947811	79
831	2151	208.8688646	152
835	2289	1903.057795	66
838	2263	2405.549345	48
841	1924	1568.04824	74
842	1015	943.4583304	77
842	1712	854.2951426	80
842	1933	871.5222932	88
843	1997	1444.955036	87
844	1096	698.087091	64
845	2241	228.0970121	148
846	2522	520.0694738	52
847	1331	422.4484071	141
848	292	275.8507578	81
851	174	913.0003473	110
853	2565	265.5249198	175
856	2777	633.7669448	78
857	1396	827.3168237	85
862	2647	846.1862973	115
864	2269	1294.979318	93
869	1381	1295.913081	92
873	236	1072.859933	95
877	2555	738.0540543	147
878	525	418.3485195	60
878	845	364.8203046	70
882	1116	417.4127126	82
890	512	2200.457135	61
891	1986	295.7716862	147
892	3116	387.7092016	125
896	1554	1015.53001	99
897	3382	296.5187787	99
899	3385	291.7186965	142
900	2027	669.1668277	107
901	861	811.6967403	97
901	3169	733.0957969	108
904	807	239.5223922	131
904	1778	243.7688679	118
906	2347	320.6494639	155
908	2322	614.4799136	82
910	583	519.9279374	114
914	2401	473.8158096	118
918	1523	575.2690237	93
918	2849	559.2328008	108
919	2312	1202.828769	56
920	65	412.6353985	135
922	192	936.4225129	97
922	344	899.1045814	99
924	1891	1812.161829	66
925	2576	300.8176812	81
929	1338	1751.968205	81
930	1923	1871.818157	84
930	2500	1735.53283	90
936	817	481.4072292	103
939	241	815.245749	103
940	2705	198.5608143	198
942	2172	1785.564831	123
944	2357	1327.751847	89
945	2109	2202.089492	52
950	895	1994.487132	38.58293741
952	2456	222.9739544	159
954	2060	2889.487072	63
957	1610	606.2777964	107
958	2441	710.5939047	123
962	1102	772.1168322	79
963	2169	973.1696976	83
973	1943	445.9815094	128
974	250	481.6922486	142
979	180	825.4056364	59
986	3231	1328.570936	108
987	1950	736.360362	82
989	1180	1080.1431	97
990	2836	479.5813779	129
996	1498	613.4655004	137
998	1787	217.1775632	199
1006	1968	396.2739129	83
1007	1454	2478.066678	93
1013	100	935.76787	98
1022	604	360.5542771	139
1025	1732	819.6175918	106
1025	3014	889.6648402	93
1026	2466	885.3103726	122
1030	3070	210.7437468	195
1034	85	604.4939061	73
1035	452	4093.981812	74
1036	1234	226.9903323	164
1037	232	2321.282257	105
1044	2758	746.6981668	84
1045	93	482.1049131	62
1047	3072	1346.081664	116
1049	402	1388.267126	72
1049	753	1136.803677	83
1049	3284	1118.396818	83
1052	603	407.056236	103
1054	384	191.6129494	222
1060	1420	1221.398281	103
1061	2599	584.4975441	74
1062	2075	671.8438881	97
1068	2165	1014.04339	96
1069	2846	415.5589805	146
1071	850	543.5846549	79
1074	2896	1210.631562	52
1078	1860	680.1934195	68
1079	606	2431.065134	71
1079	2856	2535.667164	67
1084	37	210.6256926	165
1086	1212	1824.277826	77
1093	2095	709.1009664	88
1095	2364	878.6067753	99
1097	457	497.5353773	113
1097	2795	483.8117038	128
1098	3029	627.1856081	65
1099	2039	892.9426904	88
1100	2436	684.3091724	112
1104	1249	202.0225191	105
1105	432	271.9488551	134
1105	674	290.051974	117
1105	1839	257.045577	141
1105	3058	238.5968584	152
1106	2988	528.303093	135
1116	1007	183.8463226	196
1118	3318	2595.393282	41.21271655
1120	2405	1966.995394	96
1121	511	1088.116857	96
1124	2775	979.1006385	86
1127	1921	861.0285793	145
1130	1603	476.2129273	121
1135	1101	318.2713063	83
1139	1532	347.8457347	178
1141	1579	1968.591994	63
1142	1507	536.3764582	102
1146	1491	298.2857918	154
1146	3088	329.1644323	149
1152	490	1073.128676	71
1153	1829	1091.995871	122
1155	1631	1303.709387	50
1156	2828	843.2035696	114
1161	1555	622.6904758	71
1162	2455	322.2137189	123
1165	1864	1985.4667	63
1166	2961	837.5304345	134
1168	2603	235.3102917	132
1170	3052	479.0613356	94
1172	2580	730.5602846	99
1173	2424	212.9451588	203
1173	2435	291.7434707	148
1174	178	278.9964789	92
1175	1999	1228.170877	83
1176	2423	403.6239903	150
1180	617	506.1921509	164
1183	635	185.8804006	171
1184	729	1056.522317	62
1189	3275	453.6039159	106
1191	2611	886.7790671	41.21271655
1192	3271	639.5917794	51
1196	1382	1260.50665	93
1197	2909	1711.801722	96
1202	2146	189.1662296	237
1203	2023	1460.899055	75
1204	594	1500.700367	67
1205	1300	221.2825306	96
1206	671	1279.078854	51
1207	1892	538.416606	130
1209	35	900.082426	122
1210	2396	1809.090061	95
1212	2193	344.3910339	133
1215	979	468.2085475	92
1219	859	1591.736654	62
1221	291	988.3620197	97
1227	3204	2287.991429	82
1232	2794	588.5908826	106
1238	2389	287.2077751	124
1240	1721	1352.159717	67
1241	892	760.8913653	137
1243	3317	958.7255865	92
1244	2911	1008.785402	76
1247	2792	1415.136734	112
1249	2260	442.9755861	104
1250	2602	1554.545553	87
1251	2692	243.4521449	181
1252	489	977.5600131	76
1262	80	894.6128379	95
1266	3288	2936.178214	52
1267	1287	301.9840074	174
1269	1958	361.3105924	56
1270	2353	425.3978182	166
1271	535	1472.809543	98
1273	1439	583.7153151	122
1274	1097	926.3983107	108
1275	824	844.4512878	70
1277	2557	1551.702911	62
1280	650	518.9072344	77
1280	1563	537.0826215	64
1285	2369	329.4145339	93
1285	2457	262.1961714	114
1286	3330	1233.256828	84
1287	485	277.3218674	131
1289	1038	1062.160947	78
1290	1219	1212.432028	94
1291	2515	747.1325524	103
1298	3153	497.1966414	46
1310	2008	820.9837507	68
1311	2651	1413.569938	107
1312	1152	258.8017979	123
1312	2527	216.4593817	140
1315	731	861.6407754	99
1317	2121	919.3657091	91
1319	2771	373.538997	109
1322	1538	1743.266629	54
1325	2935	898.3875803	93
1327	1282	1439.353148	91
1332	3183	1712.706834	76
1335	2645	539.1323807	166
1339	2472	1059.118456	95
1340	1421	1166.278462	87
1348	1619	2220.044231	49
1349	976	730.9555321	89
1350	728	2588.953914	78
1356	1324	213.5968753	125
1357	1442	1275.254074	54
1359	484	1785.438117	50
1361	1521	448.519114	151
1365	2941	651.6653467	125
1367	3265	940.0634649	90
1376	1260	537.9507167	151
1388	2386	581.2285598	116
1389	2085	2228.475558	73
1390	248	1036.823401	74
1393	1465	3597.866692	57
1402	1683	1399.401978	88
1406	1624	475.8287071	138
1408	253	186.4259719	190
1410	2491	1040.743944	111
1412	3144	488.759056	94
1413	1407	514.3845125	48
1414	415	1137.63669	93
1416	2051	823.8972246	83
1418	1415	320.3229052	125
1422	392	769.91373	46
1424	549	949.3904389	87
1425	2880	1250.954414	51
1427	774	492.3135875	101
1427	2161	286.5074268	153
1427	2906	486.3759746	90
1430	3319	269.5880169	163
1432	190	623.8085985	129
1438	1540	1171.331842	55
1440	1151	458.1624116	77
1441	3220	665.0595117	143
1444	2904	381.3111703	110
1445	322	3911.093377	56
1446	2045	1267.511204	74
1448	2497	347.3245941	166
1450	300	725.5392185	80
1450	1817	681.1000507	75
1452	244	371.8231921	170
1453	3071	527.7769338	135
1458	1272	1083.659054	70
1467	2160	1794.444805	58
1470	1162	426.4512913	104
1474	3178	435.9090034	116
1477	960	989.4207085	67
1478	402	1462.897147	66
1478	753	1630.541274	55
1478	3284	1077.121443	84
1480	1193	419.3876938	183
1482	774	541.7093918	86
1482	2161	300.9102541	137
1482	2906	432.086331	111
1483	1392	827.4375619	87
1483	2640	644.2368657	89
1484	2247	393.8560345	204
1486	1741	1244.140958	91
1488	2484	396.5346272	91
1490	408	184.0532986	128
1494	622	2682.247815	48
1498	263	3324.978716	72
1503	1664	202.8403583	121
1508	1559	207.2961688	145
1511	2497	447.4620859	154
1515	215	1840.928174	69
1518	200	259.441631	140
1519	104	1347.213139	58
1520	2379	482.0097374	108
1521	3289	405.3372527	43.0647448
1523	1591	388.8289076	115
1523	2604	293.7062144	110
1523	3252	268.3040976	118
1524	2496	824.1188323	131
1525	2614	1041.826471	51
1527	529	623.5171262	143
1527	1585	386.819301	161
1532	112	324.2976024	101
1533	1362	460.9529309	146
1537	1304	1443.595479	96
1542	1834	3105.820966	53
1548	2543	1458.516072	70
1551	1590	1540.937438	124
1552	2809	190.6783285	194
1553	2375	549.0503144	140
1555	1431	722.3077266	75
1561	2907	773.4236261	111
1563	1118	840.520991	90
1566	1495	399.0420065	122
1568	1883	209.5236094	156
1571	1350	921.4335133	94
1572	658	312.2668208	172
1572	2302	305.5997596	199
1574	2352	466.156318	120
1575	1533	261.8870264	78
1578	2589	1242.360435	104
1581	2948	531.5731362	71
1583	2104	646.0624628	96
1584	82	324.7574871	148
1589	1882	373.9892474	115
1590	1039	1832.426686	55
1595	456	973.8118522	96
1596	2028	1569.250822	69
1597	587	2003.201938	93
1605	3404	341.3645894	59
1606	592	656.0633827	105
1606	1313	689.6127217	94
1607	1467	1604.306477	52
1608	3023	1096.394516	105
1612	268	775.5929857	105
1612	2217	698.491912	105
1613	1092	858.9351977	101
1615	601	2112.357089	97
1616	1473	2010.798175	91
1617	374	4917.747046	54
1620	957	982.8948092	122
1623	2991	1179.750379	59
1624	370	2354.150214	54
1625	967	1755.217563	90
1635	570	948.2725402	72
1639	1695	233.7541566	72
1643	2258	279.8641609	165
1644	1784	530.4445712	110
1650	1182	355.2225383	141
1651	2048	664.78386	72
1654	310	581.9579391	150
1656	2976	300.6646452	120
1657	2631	438.889552	89
1659	2470	248.3882565	120
1660	1617	188.0049771	97
1661	2737	283.2050278	142
1667	3412	377.0010236	130
1668	795	715.7661079	67
1670	75	216.5518245	195
1671	2574	354.6732547	179
1673	3037	471.2083537	77
1674	2276	309.8146332	134
1674	2931	294.0494879	134
1675	2226	282.7043521	76
1676	1019	190.5317781	159
1678	1976	567.9257881	100
1679	707	402.416551	49
1681	2471	819.1324121	72
1683	2504	3572.200134	60
1687	2770	280.744114	106
1689	597	989.6570742	96
1690	3386	2372.402359	83
1691	205	526.859452	110
1692	2816	400.0120088	182
1693	1026	1078.881505	107
1694	2655	813.3268144	97
1695	348	450.936508	137
1697	1539	369.5656547	50
1700	3100	718.6320033	135
1702	2046	468.4143353	112
1703	2173	248.5292842	147
1705	119	1333.957101	59
1706	1662	223.4539516	97
1710	2406	622.7848488	77
1711	2572	635.0413361	40.31678793
1713	1205	244.7160117	215
1716	1635	523.9920769	79
1717	478	853.2478169	93
1719	971	1838.417597	56
1721	1485	242.2687044	205
1721	1877	347.5224083	132
1723	2106	698.2705072	38.58293741
1726	2908	233.3870334	70
1731	2764	1613.199401	78
1734	3056	984.237697	137
1742	1926	1310.273314	72
