1	1706	1153.76635	81
1	5868	648.9102328	131
3	4688	2863.074522	39.44033602
4	1149	757.7776501	80
6	824	1293.758886	62
7	5833	181.1248648	129
9	4527	390.1229736	106
10	4203	1162.773748	76
12	5732	1127.623062	94
14	3517	749.790741	115
15	4732	739.8039435	102
17	5193	192.789539	200
18	3093	533.4994625	179
20	615	407.3411887	87
22	2505	1055.822474	111
25	3392	1495.857555	90
27	1103	842.3815098	104
29	4591	3738.843382	71
32	4662	2616.711736	39.44033602
33	4115	1534.068042	78
36	2513	6729.064556	66
37	3240	218.2712105	121
39	3454	2849.54289	57
44	2537	227.3456374	175
46	865	584.7884138	86
54	2723	463.5706707	19.52047734
56	1482	1196.175366	95
56	5885	1122.234321	98
57	4532	1605.563352	82
58	3932	2870.360139	37.7441779
62	3972	3154.290619	30.97006447
64	2841	300.4104541	132
67	3585	293.420732	90
67	5517	290.6189502	99
72	3144	520.6551159	86
76	2797	977.9898693	90
81	1	305.8388341	139
81	5722	287.7841836	128
81	6246	332.0503653	130
82	3019	242.7864843	94
86	4273	1983.075144	50
89	5590	600.3652415	98
90	1366	229.5734792	94
92	2595	742.7291943	109
96	1926	3038.151016	47
100	753	679.8336132	107
101	3679	640.6630992	81
102	259	221.031833	173
105	3422	1859.120902	76
106	3572	2678.227236	46
107	1913	586.980375	80
108	5690	2204.674453	69
108	6025	2336.775319	65
111	1571	381.6349907	66
111	6141	380.2313673	69
112	2528	1195.197199	78
115	5691	494.6744721	144
118	235	2088.898613	79
119	2203	955.9905221	92
120	4479	2283.065071	58
126	375	689.2334272	17.48895434
128	2334	1167.516391	72
129	5395	923.6029554	40.31678793
130	1982	2731.493881	53
132	498	804.0830577	81
136	2993	5881.525917	37.7441779
137	4720	289.1869394	127
139	2941	1393.961361	80
143	3978	462.7468896	141
144	2303	1147.553581	56
145	2262	1833.685947	102
146	2257	5393.100457	42.1285547
147	2051	856.1250821	91
150	1429	240.9995945	124
154	3745	1495.884234	72
155	4401	359.116631	204
156	2867	4597.230906	37.7441779
156	5440	4644.469235	36.92365229
157	1015	299.6423779	165
157	1154	299.8281563	144
157	4072	207.7622094	167
157	5491	484.91381	136
158	2418	2606.693792	46
159	3829	2486.029748	54
163	1678	4885.011991	40.31678793
168	4612	1000.345118	45
169	5605	2748.552614	12.30378567
171	5986	2298.8557	45
172	3078	1058.607357	41.21271655
175	3303	394.4796118	141
178	1799	220.8907396	135
178	1835	311.0628055	130
178	4462	407.3781429	114
179	726	1246.61621	37.7441779
181	1546	237.374003	157
182	1922	4423.67217	52
184	5827	996.9664711	49
188	2186	3500.441422	36.1209642
189	5540	2195.193369	47
193	4450	582.4608341	35.33572585
194	3777	4116.745513	24.31888239
195	4561	792.658338	127
196	5719	781.5086168	80
197	5097	280.0744245	155
198	9	494.3897187	73
201	3606	538.3299151	110
201	4505	536.4778731	111
202	5346	1073.279006	63
208	2506	431.4308512	78
210	2392	1322.475386	98
212	2934	1175.822852	44.02173913
216	2377	657.3532665	125
216	2891	701.8149517	129
218	3979	1281.556996	70
223	452	294.5361741	164
223	1009	239.0350912	181
225	3294	3081.670848	57
227	4066	520.0973851	111
228	306	1045.913469	52
233	5834	1306.250897	100
238	591	1558.204696	89
243	1483	1144.639435	64
245	5785	1102.029205	73
246	3599	3420.738888	33.08095687
249	2273	1158.894219	93
253	1806	1016.896222	39.44033602
257	2106	318.4353187	166
257	4433	365.0663901	153
257	4601	400.0981418	142
257	5316	500.1732965	142
257	6181	471.104055	142
258	3811	827.4984654	132
262	5064	554.9044729	102
263	425	218.867745	153
263	3006	391.2042531	127
265	4593	318.3183138	82
267	3309	590.6599855	111
268	118	455.0882493	145
268	481	494.4932542	136
268	494	404.7455508	150
268	1265	522.7627523	137
268	1689	498.5565757	145
268	1725	407.8128384	162
268	2057	381.4958095	158
268	2339	430.5612579	153
268	2434	373.672349	169
268	2473	442.2314126	149
268	2657	337.2495404	178
268	3553	428.7071329	149
268	3614	408.1727089	160
268	3616	447.120253	139
268	3639	410.5518218	156
268	3711	480.9933972	150
268	4144	414.4924652	153
268	4637	395.4487855	165
268	4990	493.041187	142
268	5103	470.6133149	148
268	5147	594.5426644	131
268	5838	500.5355462	138
270	672	385.0979735	131
271	1056	758.7889941	132
272	131	597.0990604	76
273	728	243.692528	194
274	5733	447.3124844	79
279	5530	4319.020517	38.58293741
283	5925	1215.959454	89
286	2204	746.471375	94
286	5858	1014.248671	80
287	2650	746.2115661	54
288	1988	1164.99233	73
289	3736	4670.425393	38.58293741
290	1053	3998.651374	28.36356641
292	4031	334.6974286	181
296	4156	480.0327979	93
297	5343	478.7570993	111
298	1728	301.2096297	144
299	3499	429.0344524	138
300	1371	967.2402297	68
301	3237	867.8687799	85
303	182	197.584784	211
304	3171	4455.725089	58
305	3319	1308.192659	31.65828812
306	5167	769.0668184	111
307	6007	1767.046679	67
309	3779	1388.175425	71
310	5970	2412.234969	59
311	5082	427.006313	69
313	563	3143.023381	35.33572585
314	3786	574.4135772	96
315	5407	1398.488144	62
317	1946	352.3838929	121
319	5065	744.6191091	130
323	3540	1727.620667	62
324	1747	315.5225772	163
325	181	1644.26217	62
327	78	454.7247763	105
329	4777	3421.907286	47
330	1948	815.939518	114
330	4542	803.519056	117
333	5654	792.0387025	123
334	4461	2181.062642	34.5675579
335	2420	410.0651588	83
344	2654	2162.683057	105
346	776	2307.448129	58
349	2974	1096.683606	66
350	4263	2249.677375	79
352	5154	1387.716912	56
354	4460	828.7537584	16.37298599
355	2659	1574.352318	49
356	4239	1496.06707	93
359	1368	1819.041379	70
362	3222	362.2541409	149
363	2637	322.8203449	106
367	2494	2191.383993	53
372	1345	288.2047727	154
374	2427	985.4237545	64
375	5604	184.6154831	154
379	4152	533.4029229	113
379	4927	679.4056397	96
381	2366	590.1939598	121
382	6077	721.1519477	134
383	2613	1036.083713	36.1209642
385	4473	703.7426821	120
386	5864	724.5599718	143
389	2655	617.7557349	28.36356641
391	1273	420.5311074	104
392	2123	666.9441043	70
392	2905	558.9715699	86
392	5109	657.9087362	72
392	5934	649.2151574	74
393	5352	1061.080917	78
398	4353	1409.36147	43.0647448
399	1498	926.1405408	20.85097594
402	2161	1213.979023	97
402	2214	1169.086622	104
406	6104	184.3168721	190
409	5654	809.7799839	124
413	3433	802.0333416	33.08095687
414	2128	1901.806259	67
417	1120	1211.174421	126
419	220	259.3759046	146
420	4979	1411.246889	40.31678793
421	1010	824.7439658	75
425	1468	353.3354955	87
425	2455	310.8845266	106
425	2781	301.0491463	98
427	3640	290.2609177	84
432	1331	681.3012012	79
432	5189	706.8340587	87
436	549	933.067908	59
438	734	3672.351817	36.92365229
439	1332	553.1294968	158
439	1642	547.8852857	154
440	4085	1162.487571	63
441	921	1077.690801	107
442	1724	2045.510358	59
444	1587	1248.646742	61
445	4773	1729.61668	49
446	3463	807.2642002	83
447	1930	365.4587801	155
449	5859	1056.824498	64
450	3420	529.8498115	121
452	971	353.9767629	139
453	1885	1152.215478	40.31678793
454	2889	2149.094637	59
457	1653	1984.729959	37.7441779
458	5915	998.8834437	36.1209642
459	3875	553.1343101	92
462	2237	1431.130248	39.44033602
463	613	430.7999632	172
463	2954	279.2019298	153
464	6155	616.8775124	68
467	2182	900.6519552	83
467	2577	935.5474249	91
469	2171	858.7236156	75
471	413	1614.773813	112
472	5392	732.7883202	35.33572585
473	5305	2272.71337	23.27303253
478	5646	519.3824538	115
480	4921	1058.065462	98
482	909	436.5417407	61
483	2965	2424.184862	63
484	2324	561.8952895	102
485	3275	852.6068861	215
487	456	832.3878579	57
488	3683	199.051333	81
489	4880	453.591743	76
492	719	659.5240396	38.58293741
494	3385	1622.69083	51
498	5416	637.279917	74
499	4336	834.6367661	107
504	5813	1661.663167	28.99386789
507	3316	1363.843123	41.21271655
509	2187	230.2242609	139
513	969	1817.533341	112
513	5857	1537.315683	129
516	1898	1316.423605	57
517	2180	1124.41769	71
518	1295	1368.379826	65
518	4868	1375.530656	74
531	2770	1414.603672	60
534	2072	2415.093717	31.65828812
537	435	442.5659697	112
537	3627	486.7484299	98
538	4322	917.3452845	75
540	969	1269.949536	136
540	5857	1332.083102	134
541	195	1346.080818	39.44033602
544	4280	2111.732745	35.33572585
545	1093	686.5424482	180
545	2260	677.434226	199
545	4098	679.5477687	187
545	5648	409.8850671	187
546	2975	1136.063629	61
547	1401	815.3457082	75
553	5135	2598.180298	47
557	5724	3246.158099	27.1437722
561	2854	753.8641904	79
562	663	680.1402544	70
567	3158	791.4156522	76
568	3426	1593.76301	133
574	667	743.6545475	57
578	3229	1231.757439	87
580	3154	238.0108008	139
581	6014	649.3087859	137
584	2975	1062.440192	67
585	52	699.0393279	39.44033602
586	4389	408.2518357	115
590	4092	765.9015171	130
592	1308	438.2911835	51
594	6192	4315.520774	44.02173913
596	4226	2730.668229	43.0647448
597	4076	309.6979727	151
599	4175	2012.114886	46
601	3523	314.5622381	137
603	997	287.5753216	79
604	4732	794.7979957	90
605	6031	930.2207581	89
606	584	1044.617048	82
607	5473	2572.172279	52
610	3180	461.067641	92
614	4183	1472.647227	52
615	4483	2116.051909	48
617	5393	752.4603343	105
619	4046	257.7887304	100
622	4068	1365.895309	52
624	2052	1169.526026	40.31678793
628	4236	565.0825474	128
629	4661	1025.775809	109
632	3105	3443.586906	63
633	1919	4177.984918	9.661404388
635	3590	1651.31399	82
638	2356	305.3025746	108
639	5344	3377.000292	38.58293741
642	2550	582.5848678	87
643	372	1586.281033	50
645	3426	1661.873724	132
648	1985	394.7973364	94
649	400	2780.18086	44.02173913
650	1623	448.6937772	145
651	3665	4675.883688	36.92365229
652	3128	773.4385102	78
653	1055	2196.153097	34.5675579
653	5261	2160.170382	34.5675579
654	4696	1387.226217	45
655	6121	3577.565208	50
656	253	535.523347	99
656	3489	547.4766215	105
657	3728	660.8648515	112
663	1744	7962.772278	53
666	3345	450.9385421	69
667	1469	231.3373286	141
667	2401	237.8291602	144
667	3712	264.2890163	142
667	4589	276.6177513	121
668	4399	619.2963411	120
669	4062	5177.841706	44.02173913
671	2635	727.3594003	143
673	1590	191.1531296	130
676	3703	2165.60152	73
677	179	1031.9811	83
685	425	613.1306631	110
685	3006	596.4311578	107
694	1179	1694.60817	79
696	430	364.1223181	68
696	1422	343.9334689	74
696	2154	373.1767169	66
696	3477	364.9029568	68
696	3902	357.7620367	69
697	1323	223.246772	112
701	4305	306.2995949	152
706	4719	2237.761963	54
707	998	634.0338149	65
709	5669	1109.308181	71
711	1110	1266.79649	48
719	4547	400.7162108	110
720	6056	376.5112911	152
721	4056	186.8367094	97
722	5933	3093.813357	29.63817606
723	811	1792.623922	55
726	5667	454.0221772	47
729	6055	1237.740595	55
735	4922	306.4619945	129
737	531	1214.720872	72
739	3525	872.038476	38.58293741
741	2953	1415.891423	30.97006447
742	5954	791.101723	70
748	4489	387.7210717	121
750	3676	487.2704448	140
751	558	367.1495865	98
755	2660	235.9099537	106
758	3399	412.8487101	79
761	1872	2079.905052	87
762	1694	1628.975975	33.81608925
763	619	248.5089811	181
765	5362	745.5980843	11.26827626
766	4431	587.9481802	49
767	2055	1743.853166	71
770	1575	2279.529238	44.02173913
771	3483	562.5521445	64
772	3232	1871.02825	69
774	4325	2452.581111	22.27216015
776	2389	736.5050832	100
778	1853	883.1166435	51
781	4996	869.9070805	93
782	3336	1112.136332	71
784	4785	572.495934	110
785	857	2539.716618	48
786	5280	285.8187787	118
788	2481	666.9160645	88
789	2918	1083.966739	36.1209642
794	4121	1341.451004	63
795	4164	505.9027992	107
797	602	539.6207749	103
797	4176	507.3792211	104
797	5989	541.4935084	97
798	5258	1520.862668	85
803	4087	1830.83505	73
804	1951	455.1364309	92
804	5755	431.1588119	98
808	4843	1990.077253	89
810	321	904.414745	117
811	4970	1166.186466	74
815	5636	1230.484586	95
816	4712	2267.621916	45
818	3932	2067.894873	42.1285547
820	3221	7437.92996	26.5536902
821	1580	1194.348793	106
821	1685	1395.362859	99
821	3529	1229.270944	107
822	216	373.4338604	63
823	5791	4750.1455	23.79021103
824	5052	1319.3583	169
825	2018	1946.116297	71
825	2795	2025.922726	67
827	2921	1138.79203	65
828	3390	549.310879	124
829	1703	3339.26972	40.31678793
830	268	2306.032384	55
832	1864	1470.843822	33.81608925
836	4671	2721.825712	63
837	1605	1996.027088	46
838	3867	802.5328043	105
839	2007	616.6752131	137
840	1380	2672.900279	51
842	373	744.8298767	47
843	3044	387.3629941	133
848	2785	1688.173683	68
855	2118	218.6575618	145
858	2139	508.4823259	114
859	43	1064.071188	36.1209642
860	2980	1216.3444	35.33572585
861	5612	1290.591773	50
862	2392	1487.220291	83
863	336	337.7390574	114
864	800	2372.182119	44.02173913
868	468	912.4658618	89
868	2360	630.1614362	102
868	5749	944.345774	81
869	983	762.1022764	57
870	5073	1253.054202	55
871	3673	3055.970507	28.99386789
876	2271	349.1978503	186
877	3079	1046.776538	114
878	2069	329.5511628	119
878	4288	291.8830852	126
879	2197	184.9368795	132
882	1344	1377.465695	68
884	2850	1628.522785	59
886	1489	1384.078335	74
887	1845	3182.759077	46
888	1593	1137.849223	53
890	2064	3253.089609	59
891	6018	1091.363651	76
892	1043	605.9645522	140
893	5654	706.3194572	125
894	586	1845.55094	44.02173913
895	3889	1660.753632	50
896	3042	511.1230752	98
903	887	1119.901003	16.01705151
906	1202	1132.838344	78
908	1053	3977.76372	28.36356641
911	3299	511.2921812	80
914	3157	1640.979062	41.21271655
915	1957	260.9963522	173
915	2623	679.3939461	111
917	4654	1545.319819	54
919	2925	1888.630829	37.7441779
921	1182	1283.104367	71
922	2758	2807.675826	29.63817606
923	3166	1832.343256	41.21271655
924	6008	352.5860949	81
925	4919	390.3241381	83
931	3660	1568.561397	83
935	3339	632.3365241	36.1209642
936	2011	1244.716606	90
939	5133	2612.355467	36.1209642
942	4151	2440.295084	102
943	2589	240.0584822	160
945	2663	299.2977595	166
945	4359	206.6188396	158
945	5536	270.6830029	182
945	5904	292.4934237	166
949	2059	2783.123553	75
950	53	2591.964053	32.36180563
952	5465	427.8004991	45
958	2851	274.170561	127
959	1323	182.6483909	116
961	5606	1061.703049	43.0647448
967	543	1652.29876	36.1209642
973	4261	551.6737575	142
978	2831	1245.772682	65
980	5731	2629.829369	68
982	4537	1243.710622	81
982	6036	1096.804378	87
983	3760	1658.695777	110
983	4419	1664.238572	109
983	5547	1824.20961	104
984	67	1258.034103	97
986	4539	1109.105285	79
987	3087	732.0903623	20.39769385
994	3049	902.003612	83
997	775	4420.558592	42.1285547
998	1515	812.8518239	41.21271655
999	1772	266.9932378	166
999	5213	486.1052468	136
1002	955	565.1052325	167
1005	5152	1444.941107	68
1010	1911	431.7468565	86
1011	1112	2492.494242	50
1012	4835	2008.270422	39.44033602
1015	1661	1218.631573	69
1016	1270	1056.376834	65
1017	3419	540.3163345	56
1019	3374	705.9935661	33.08095687
1020	2073	1844.111694	44.02173913
1022	85	297.2403847	66
1022	3510	278.1470611	58
1022	5442	270.1715374	72
1027	6211	254.966994	146
1028	1706	868.3779115	96
1028	5868	824.483512	109
1029	2830	364.1534525	129
1031	5573	966.080855	112
1033	2130	3937.350737	32.36180563
1037	4862	273.8176781	160
1039	912	408.4826433	83
1043	2145	286.3254259	60
1045	2179	692.2278957	65
1046	2238	609.4277709	87
1048	1321	2300.722835	35.33572585
1049	5207	533.1390011	66
1051	5693	464.9041534	118
1054	4816	3467.710992	54
1066	5730	293.3187479	204
1067	5969	734.2750142	111
1069	1449	283.9871698	92
1071	3342	241.0548471	157
1074	2766	2260.433114	63
1076	3326	536.3441659	71
1077	329	1063.811297	62
1077	442	1059.214697	60
1077	1473	958.7710583	69
1077	2729	923.8915123	72
1078	188	785.4381407	156
1078	1819	689.1713315	159
1079	1818	1310.390141	68
1080	3658	259.3510166	136
1081	3472	200.7579959	183
1082	2108	1863.423692	89
1082	3838	2233.844843	90
1082	5031	2432.349892	82
1084	265	1550.87065	25.97643606
1085	5771	4399.58034	49
1086	4530	2894.76153	37.7441779
1088	4019	595.6187574	122
1089	4861	1600.394781	56
1094	5721	3655.051697	19.52047734
1097	5068	2224.298703	36.1209642
1099	732	547.5243902	117
1100	459	1673.975019	51
1103	550	227.0963303	188
1103	1181	285.8035192	164
1103	1769	312.4288942	171
1103	1976	222.6281896	184
1103	3169	330.0653521	157
1103	4362	297.1760762	176
1103	6035	364.5271677	155
1104	85	313.781309	62
1104	3510	314.5402415	48
1104	5442	286.724413	67
1105	3816	1012.131826	41.21271655
1107	3754	2448.583957	62
1113	225	3173.552656	25.97643606
1114	212	641.7878969	99
1115	2165	579.5564312	90
1116	468	864.3016652	88
1116	2360	637.8078229	105
1116	5749	856.4571352	94
1119	5953	8923.218273	35.33572585
1121	4639	2418.047649	29.63817606
1122	359	837.3971389	87
1124	6049	691.5698726	96
1126	4751	471.8790535	89
1127	2271	267.2351395	187
1129	4400	1630.427019	124
1130	6103	401.1376888	105
1131	3125	1206.291421	59
1132	2220	764.1812072	81
1137	4668	2659.042087	95
1138	691	434.851313	140
1138	886	265.890618	156
1139	325	3277.175172	23.79021103
1140	3526	1679.987506	87
1142	4495	769.0324915	134
1143	2935	714.8366549	70
1147	3606	566.5876817	113
1147	4505	675.0503618	103
1153	4127	1685.748397	87
1158	1715	851.8630804	136
1160	6226	204.9171945	132
1161	499	214.7089469	117
1166	5834	1236.942042	106
1167	2789	468.4301143	95
1168	5777	2282.52592	61
1170	2923	1881.79614	24.31888239
1171	2897	1731.485242	56
1171	5763	1417.237325	68
1173	1746	1768.742508	63
1174	3446	3320.932413	33.08095687
1176	2793	1181.716253	35.33572585
1177	4036	1640.486736	106
1180	1941	955.0099694	52
1182	5154	1381.187945	55
1185	4405	3342.712536	39.44033602
1189	4944	1421.487444	61
1191	6017	277.1987979	133
1194	4471	1875.574992	64
1197	4618	1065.927884	76
1198	4465	429.9872762	57
1200	6096	342.5661636	110
1205	4961	1193.174649	51
1206	601	588.0909918	86
1208	3704	2628.246901	49
1209	2465	420.6195952	171
1210	4658	182.2102556	117
1211	6000	643.7482968	83
1216	253	208.185165	139
1216	3489	228.3872179	128
1217	4455	484.1135307	119
1220	1281	567.1744207	67
1221	3948	636.8547643	102
1224	4316	3473.860088	44.02173913
1228	2400	532.8043404	99
1229	463	239.3780307	162
1231	2977	1558.839441	47
1236	1855	631.2647974	122
1238	4266	1131.57551	93
1241	4865	1119.002357	142
1243	473	276.5872338	89
1249	3026	706.7566576	62
1255	1023	469.8768385	81
1256	581	778.975069	106
1257	1035	850.4503965	82
1258	3403	7113.564774	35.33572585
1259	433	555.4421695	109
1259	1664	706.0858679	97
1259	5238	639.6376897	102
1260	1469	229.8458799	144
1260	2401	391.6642508	114
1260	3712	241.6225319	152
1260	4589	271.1551007	147
1262	1242	4856.177925	51
1263	156	544.1506004	107
1266	5538	288.1450046	57
1268	2019	4539.561586	30.97006447
1272	3836	722.375349	141
1273	2308	780.6813	54
1275	2330	2605.263272	35.33572585
1276	3262	617.7587752	110
1276	4966	576.2111557	103
1277	3509	1049.677495	63
1286	5364	4221.977382	44.02173913
1288	2517	633.0909085	86
1291	3426	1587.053532	134
1292	3102	448.1956649	106
1293	3592	2329.562661	23.79021103
1294	1826	1672.521929	102
1295	503	1904.610665	51
1297	2820	548.2700453	114
1298	3468	2285.451259	35.33572585
1299	1569	646.7284893	62
1299	4021	612.1920459	67
1301	1851	380.3575325	93
1303	1775	2363.728754	37.7441779
1305	2821	2357.51129	27.1437722
1306	3732	1051.350379	94
1310	1388	3494.829505	46
1312	2844	1253.848209	91
1312	5263	1372.346604	83
1313	4529	1813.457996	41.21271655
1316	5834	1170.733609	112
1317	3342	211.2788131	154
1319	3693	686.0354135	19.95426572
1320	4998	728.1367255	34.5675579
1321	3248	2681.306528	42.1285547
1322	3928	637.8555386	68
1323	1170	1359.032516	78
1325	2723	426.7175706	26.5536902
1327	6102	3810.837023	37.7441779
1330	1565	1567.582226	87
1330	5409	1623.978821	78
1334	5279	1239.314032	77
1337	264	2592.820233	50
1341	4145	492.5135341	127
1344	3188	939.2745022	95
1346	1276	1251.244002	87
1350	6071	1751.802779	54
1352	1809	1036.305881	27.1437722
1355	5662	4114.746583	24.31888239
1356	5570	681.6709268	77
1359	5737	359.7104914	92
1362	4421	630.4148798	133
1363	20	663.2142541	63
1364	4147	3192.007773	25.97643606
1365	5019	890.6015428	46
1368	6009	571.1837463	120
1371	3126	1266.489322	70
1375	2297	1042.673108	83
1379	2002	1211.673602	59
1379	5223	1390.428167	54
1383	1599	1127.693534	63
1384	1076	1736.295614	52
1385	2151	1760.653757	51
1386	3249	2235.231778	51
1387	990	1175.58724	96
1393	904	666.8955347	87
1393	2440	792.1100756	81
1395	1114	4988.666631	75
1396	4055	438.4580677	31.65828812
1399	5760	2053.440071	70
1400	223	5265.048783	38.58293741
1402	5953	8721.241949	36.92365229
1403	5649	1041.56852	77
1407	4963	1124.97817	72
1408	2541	1184.130721	63
1410	3168	1623.274361	27.1437722
1412	3975	657.0272471	125
1413	5920	811.3522791	91
1415	5907	1465.840948	70
1419	1522	395.5664822	159
1421	5779	1208.349419	49
1422	4397	3417.400991	36.92365229
1427	2199	2131.828333	60
1432	4871	488.8856795	93
1433	338	367.5259195	140
1434	2189	541.6403582	66
1435	3825	622.8915962	102
1438	2471	425.2879081	44.02173913
1439	3899	1853.406154	33.08095687
1441	1679	1025.76261	102
1442	1460	2407.130142	45
1445	2928	1279.580837	82
1447	4128	2225.738001	71
1450	27	1539.159663	52
1451	3996	3977.95213	68
1454	2725	1943.056354	66
1454	3373	1883.355222	68
1456	102	3040.957195	53
1458	2873	377.0464831	130
1459	1999	710.448959	110
1462	2416	1031.197922	56
1467	3877	3423.928717	71
1468	1311	224.734546	147
1468	2557	240.5232679	124
1470	1902	423.8869756	115
1472	5846	1104.325138	89
1475	5758	4025.682433	25.41173093
1476	6187	762.6364761	49
1478	205	369.8145572	179
1479	2706	1015.924245	64
1481	4887	938.4099208	34.5675579
1483	4396	1204.541557	52
1484	1489	1138.21976	86
1485	6142	1767.831626	72
1486	4142	1237.73219	47
1489	2275	1108.226782	79
1490	1469	304.4286281	125
1490	2401	334.0093562	123
1490	3712	301.3827791	136
1490	4589	293.0976011	146
1491	4247	386.7838288	108
1494	104	1026.018666	130
1496	730	1644.38791	109
1497	851	601.3758339	64
1499	3093	619.9946786	166
1501	830	829.1464217	83
1502	5761	871.3382363	79
1504	108	2519.676946	40.31678793
1505	2761	282.5178173	135
1508	4034	235.5333719	184
1509	1147	1315.8848	82
1511	2236	1369.472997	56
1515	5856	627.6407094	68
1517	3399	376.727886	92
1522	1006	3006.581218	41.21271655
1524	1727	422.609792	93
1528	4370	4229.397074	33.08095687
1529	2405	1591.197118	77
1530	3784	3096.655594	78
1534	4677	387.2562242	95
1537	3242	700.3798271	90
1538	4339	246.471749	196
1539	1362	1899.372025	24.31888239
1540	5200	1189.766582	102
1544	1205	2074.299149	47
1545	4476	898.1164613	76
1552	2688	2128.338206	37.7441779
1560	969	1783.209296	117
1560	5857	1448.712853	137
1568	1085	1824.627104	47
1574	1980	546.5830244	105
1580	133	1186.519471	92
1580	592	1227.295904	94
1580	2732	1165.066961	88
1580	4291	1134.121193	87
1581	589	5587.701971	57
1583	1074	707.1511	95
1583	1092	711.410935	102
1584	6113	1694.64445	76
1587	4791	1351.348147	66
1590	4757	671.2375382	129
1592	6042	1288.577977	90
1593	5641	1570.779702	63
1594	657	576.4157335	67
1595	969	1668.807367	115
1595	5857	1348.557722	129
1598	702	395.4087932	157
1600	2531	1086.800865	62
1602	5631	805.4232968	32.36180563
1604	1472	3366.823668	62
1607	3016	1968.09543	36.1209642
1608	5822	1625.293198	24.859302
1610	1143	396.6473786	91
1614	3241	444.3419725	97
1614	4408	528.1390164	81
1620	2274	504.9920166	67
1622	5772	980.7461642	79
1627	3811	916.7586987	131
1629	2939	951.4736844	72
1633	4241	566.7688589	118
1635	190	645.0636544	111
1637	4434	1409.9295	65
1640	2582	1078.165848	51
1641	3834	1980.562818	48
1642	297	4491.068954	28.99386789
1645	6149	1127.309445	44.02173913
1652	5676	390.9985542	112
1657	5739	325.7307219	106
1659	2725	1925.787694	68
1659	3373	1823.091936	66
1664	5942	2410.458869	41.21271655
1665	238	1905.967566	53
1666	4514	1356.851503	82
1670	4	900.9767344	66
1671	5202	628.0382661	73
1674	5918	1295.164574	88
1675	4767	355.085134	150
1680	5565	938.777493	45
1681	4710	1009.550686	114
1682	3977	2600.763566	46
1686	3652	785.0029816	83
1688	1447	464.1426499	105
1694	929	2386.853398	119
1695	5237	3157.453822	30.97006447
1696	3357	2585.238163	42.1285547
1701	3004	257.4531106	202
1702	2027	1027.769186	35.33572585
1703	2058	885.1243547	66
1705	1293	904.9240146	68
1706	511	2387.407014	71
1711	635	372.9503953	156
1712	5936	827.2704897	42.1285547
1715	644	1194.947477	49
1718	92	1136.797584	82
1719	1794	3844.9113	51
1722	2385	668.1441551	91
1723	2683	1514.937462	64
1724	5389	2828.281547	22.27216015
1728	3488	839.9421981	82
1729	1756	368.2096453	107
1730	2164	200.8296237	78
1731	3961	868.9068529	107
1735	2056	501.5205195	89
1737	5324	252.8080676	104
1738	3937	846.8911626	73
1740	85	308.7647254	56
1740	3510	288.1436972	54
1740	5442	239.4805136	81
1742	2597	2094.161309	66
1743	1556	3118.032389	30.97006447
1745	4775	553.4549913	43.0647448
1747	1313	663.3452289	65
1749	4070	2617.078467	63
1749	5529	2496.357906	67
1753	1625	1305.929057	36.92365229
1756	6117	1054.468972	32.36180563
1759	1876	1110.255266	109
1762	1932	1388.909392	109
1763	4613	205.8421385	169
1765	4136	1883.857414	33.08095687
1768	341	1639.477816	54
1770	4179	290.0886202	138
1773	305	5546.351448	49
1774	1391	1184.594849	47
1775	3993	399.9864139	85
1776	4901	1486.623757	75
1777	85	340.3419693	45
1777	3510	403.0844345	36.92365229
1777	5442	278.1493895	68
1780	950	1891.652811	35.33572585
1784	2899	501.6526015	85
1785	4643	1737.672845	60
1786	5504	1001.125432	103
1787	2409	723.6327665	113
1791	631	6396.737611	39.44033602
1795	5177	438.7787477	61
1798	3216	361.8857541	109
1805	2788	477.7577481	133
1808	4411	3506.664203	24.859302
1810	591	1592.465579	84
1811	614	1069.203593	83
1815	936	1213.059284	46
1817	3836	948.1700682	140
1821	823	1419.658656	61
1823	234	1079.949819	22.76709704
1827	5358	458.4019991	101
1829	1503	1057.590642	35.33572585
1836	588	3230.630238	34.5675579
1837	5640	183.8036337	99
1840	3155	2736.567295	43.0647448
1843	3893	1287.901977	63
1846	1253	366.045731	52
1847	3735	271.8735791	161
1848	283	408.1616689	126
1850	3140	735.4763662	47
1853	4269	285.6873358	74
1854	3031	2607.285886	31.65828812
1855	3093	625.6887037	158
1858	694	2279.634819	60
1859	2347	2766.221272	38.58293741
1862	3717	969.2394015	80
1863	1068	2437.179247	56
1866	2480	2228.034135	91
1867	1489	1337.64718	77
1870	5443	2582.757302	44.02173913
1871	4432	257.5092475	160
1873	1536	2003.678121	28.99386789
1878	4512	655.5365241	127
1880	5328	396.123756	75
1882	3281	738.2769695	88
1885	4061	298.9194159	149
1888	3108	1373.137365	53
1892	4429	1441.073566	63
1893	6231	1111.44014	19.09611913
1895	4848	265.1772427	158
1899	525	267.0823242	115
1902	3457	1398.793567	72
1903	4929	878.9113657	95
1905	4040	3423.461694	24.31888239
1906	6093	1446.375534	81
1909	4562	826.016352	85
1909	5365	812.9814715	81
1912	423	741.4587892	81
1912	1298	556.1095666	92
1912	5743	744.2118566	80
1918	395	1130.732397	59
1919	2433	673.0931636	30.2968022
1921	2746	616.3299965	53
1922	3286	645.0335209	66
1923	1622	1078.394653	53
1924	5020	626.7042715	126
1925	4244	1344.912734	92
1931	797	5002.501442	47
1933	2644	348.9159575	156
1934	3159	2964.328562	41.21271655
1937	1828	1931.788216	55
1941	4584	438.1271312	140
1942	4094	1285.825	53
1945	2643	1462.911556	47
1947	419	473.4439171	122
1948	1350	999.6089756	75
1951	3527	1025.212163	92
1953	6235	897.3777831	96
1955	885	1153.81559	107
1957	2855	791.1585597	51
1958	2875	293.9354011	80
1960	2279	3560.120399	23.27303253
1961	3667	1053.185477	28.36356641
1962	5593	1208.956002	83
1963	1220	1436.755331	69
1964	2994	545.5598714	123
1965	5579	906.1709792	91
1966	5170	486.7604377	77
1968	2547	6964.901753	37.7441779
1970	5927	370.2443776	36.92365229
1971	3648	2509.813577	75
1972	782	1232.88794	109
1973	5966	954.0505461	50
1975	5938	924.0947865	41.21271655
1977	4805	1005.953818	58
1978	2949	1614.597363	75
1979	3343	453.2692998	136
1980	348	817.9514638	55
1981	4146	4783.872888	38.58293741
1983	1389	1624.238461	64
1984	622	733.2122716	141
1991	452	349.3274579	147
1991	1009	253.0374383	185
1992	2612	1117.142545	124
1994	850	621.5549214	116
1994	991	626.4435488	113
1998	257	635.6927907	91
1999	866	487.7373597	115
1999	1128	608.0686267	100
1999	1237	443.0196064	117
1999	4934	565.1785316	106
2001	2529	3042.606692	60
2002	5539	374.7480381	33.81608925
2007	2005	903.6886673	65
2010	5997	765.4984579	85
2012	4658	221.2427089	98
2014	1469	458.2224961	115
2014	2401	621.0094165	94
2014	3712	481.2036755	126
2014	4589	426.6951464	129
2016	3453	1589.401314	65
2018	2302	553.6297461	71
2020	1710	260.4089554	129
2021	2678	2266.769116	40.31678793
2023	569	620.8775718	125
2024	3654	1440.470979	59
2025	3511	1042.39143	75
2026	1526	1490.627031	33.08095687
2029	4181	515.653209	158
2030	4201	905.7790237	83
2031	2839	1171.12587	131
2032	2874	424.4471685	82
2033	2090	1113.26927	98
2039	1188	2556.051071	33.08095687
2040	5006	2289.834274	30.97006447
2041	6216	901.7797805	89
2042	1583	1507.461078	58
2047	334	662.0407615	60
2048	2787	1725.138803	30.97006447
2051	1346	955.6464706	72
2052	5214	242.5268912	90
2054	5985	475.3423013	36.1209642
2055	5946	1076.41925	99
2056	2413	1242.639933	36.92365229
2057	91	2570.625502	35.33572585
2060	767	3600.100761	41.21271655
2061	5089	862.2229075	51
2062	1072	1836.504029	73
2063	468	391.9841024	130
2063	2360	472.2858021	111
2063	5749	451.3362735	123
2069	540	1324.22033	80
2071	1026	1805.29784	42.1285547
2072	3669	2734.19216	33.08095687
2076	2489	1718.039592	36.1209642
2081	5496	499.4418679	87
2082	3580	1306.89267	66
2083	5134	1270.724392	37.7441779
2085	2276	279.7401487	174
2087	5355	271.2546438	123
2088	1353	710.6693264	66
2088	2485	648.9637781	70
2091	5446	430.2042812	85
2097	5840	3380.724649	49
2100	3801	790.5711998	72
2101	4758	2455.991094	47
2104	4262	577.4917436	100
2105	5716	855.9937606	75
2109	5514	408.4989251	144
2111	4005	428.3743244	156
2113	1553	241.7716522	62
2116	3651	660.9157154	110
2117	5996	1579.10232	33.81608925
2118	1766	2302.12607	78
2120	3063	1463.962784	90
2122	5201	756.3713646	71
2124	1464	625.8316457	81
2130	5937	5840.452855	41.21271655
2131	4255	1124.552084	103
2132	1432	2430.278916	45
2133	2722	1229.531712	12.03631207
2134	2282	224.9404043	126
2135	1404	650.9066101	131
2139	487	2985.144166	26.5536902
2141	4424	1886.567322	55
2144	3370	216.7116846	108
2146	1543	641.3784991	37.7441779
2147	585	1902.381026	30.97006447
2148	5848	1657.753884	50
2150	5518	942.5289103	57
2151	5455	3336.257959	32.36180563
2152	5650	904.0514301	86
2153	2611	1479.885621	50
2154	4909	2684.598858	49
2155	2933	488.7537263	132
2158	3223	1215.687351	136
2159	2028	3491.905823	33.81608925
2160	1070	1042.625071	26.5536902
2162	327	1123.224818	87
2164	4946	1127.501936	42.1285547
2165	3086	3537.08432	16.01705151
2167	5054	617.3757168	123
2169	4641	1170.594915	116
2170	3327	655.3180049	121
2171	4363	1199.780817	49
2173	474	442.063253	54
2175	85	345.618378	54
2175	3510	319.5862111	48
2175	5442	280.544606	73
2176	3068	572.7573895	97
2177	3054	986.1941073	106
2178	1088	854.7664225	117
2178	2543	715.2810188	124
2178	4332	653.7261643	123
2178	5551	768.5992347	112
2184	5032	484.2848908	101
2185	4080	765.1088536	112
2186	2556	289.581793	141
2188	708	578.2190492	119
2189	4444	399.5500717	95
2195	4158	2000.454838	70
2196	480	1084.251463	84
2198	6075	4506.853474	19.95426572
2200	4988	2728.477673	49
2201	3207	1650.293609	33.81608925
2203	226	1839.963859	85
2204	2084	381.3919148	111
2205	1423	1820.770388	89
2206	2178	3685.922763	32.36180563
2208	1044	1423.695596	60
2209	3093	601.3993258	159
2210	3090	3095.243857	28.36356641
2212	2025	1740.837879	66
2215	6176	2261.20148	65
2220	893	772.7697644	86
2220	3050	879.3486783	92
2220	4790	915.3359846	86
2220	5171	836.9290135	89
2223	2047	1124.276782	79
2226	3981	942.7677325	72
2227	2685	3468.008571	48
2234	968	1979.560315	92
2235	1488	274.2516509	99
2236	1073	779.7493505	125
2238	358	507.7882413	106
2240	1748	1938.505575	28.99386789
2241	4064	2335.321066	35.33572585
2242	1757	1955.992921	35.33572585
2243	332	4144.858307	26.5536902
2244	4534	7064.232721	23.79021103
2246	2616	1198.98748	87
2246	5845	1289.585681	84
2249	5023	455.6521051	130
2250	175	674.5047853	90
2251	4287	817.2679691	122
2252	5428	1276.443173	55
2253	5691	571.5304073	129
2254	3321	285.128566	132
2257	1981	1312.639201	56
2258	616	650.023085	38.58293741
2260	5981	826.1292982	48
2264	2390	1822.207063	69
2265	87	1557.729017	78
2266	2769	409.486343	90
2269	405	4734.596285	58
2271	5018	792.9748802	43.0647448
2272	5541	2164.032188	90
2275	4633	1751.835062	42.1285547
2278	917	1573.275738	43.0647448
2281	2759	2192.227521	48
2286	1972	442.0239151	77
2288	3638	2676.935609	49
2289	137	426.4773165	109
2291	5537	2072.175254	27.74696714
2294	5639	3625.688005	12.57720313
2295	691	231.6940144	181
2295	886	294.427482	165
2296	4787	1946.815519	66
2298	5820	1057.26658	9.661404388
2300	1169	332.3926603	83
2307	2436	1703.492725	71
2307	4172	1649.776975	72
2311	4049	2178.48917	62
2314	1838	1499.80908	65
2316	1917	1529.760207	58
2317	4153	526.7158176	103
2318	3672	335.2269821	64
2319	5502	1778.297706	60
2320	3597	243.3105495	120
2323	4546	3315.952606	66
2324	1907	2402.222377	52
2328	3789	2885.15959	43.0647448
2329	582	869.293576	98
2336	911	1150.693878	105
2337	5098	225.4724147	102
2338	990	1165.239146	97
2339	5172	973.7568073	58
2344	1658	263.2781714	58
2345	3734	666.9495803	106
2346	3292	360.8125365	114
2346	6218	301.0334773	121
2348	3661	1069.328056	45
2351	4492	3367.227225	62
2352	2468	372.7324854	65
2355	2290	3015.781916	70
2359	1856	1499.298987	38.58293741
2361	532	632.3858679	62
2361	4114	765.0255718	47
2363	1450	710.4509233	110
2363	1773	712.5928245	113
2363	1960	732.2795525	98
2365	1930	351.5621062	158
2368	5526	461.6111308	92
2371	1469	334.3994968	114
2371	2401	340.5021402	123
2371	3712	266.9503099	156
2371	4589	380.626784	117
2377	1905	3203.927707	41.21271655
2377	5930	3219.456825	40.31678793
2379	1090	834.0039232	69
2381	5174	1003.196604	54
2382	727	448.3013429	106
2382	854	367.4722715	124
2382	972	647.8551362	115
2382	1186	627.6318178	121
2382	1612	703.473252	122
2382	3290	609.102624	118
2383	933	513.8058804	150
2386	4913	1609.673706	49
2387	782	1414.554272	100
2390	3245	317.7687962	80
2392	1139	900.3516802	28.36356641
2397	5212	2429.850269	55
2404	3411	5200.65241	25.41173093
2405	3748	1834.68522	58
2406	4578	508.2694845	126
2407	4228	819.7711543	100
2408	1334	952.5140134	110
2408	2474	691.4579867	130
2408	4468	882.24561	119
2409	5121	2097.933587	86
2410	637	3097.213911	39.44033602
2411	1705	1302.29962	66
2412	1192	2372.194417	37.7441779
2414	1431	1399.691525	64
2415	144	1607.899438	47
2417	2807	4265.11733	14.35013486
2422	1263	523.4161532	109
2424	6	536.9838133	88
2425	2264	4719.18073	37.7441779
2427	5869	1597.128239	124
2429	4228	847.5504792	98
2431	3505	3475.245389	27.74696714
2432	2343	949.7232387	60
2433	4778	317.8878971	135
2434	328	524.3997139	103
2436	5560	282.9447135	139
2440	3448	1556.517508	90
2441	355	182.2025562	178
2443	2760	514.8776092	169
2443	3098	521.752163	167
2446	2110	3524.904758	44.02173913
2449	1123	678.0798196	121
2449	1614	952.4473978	115
2452	2421	2888.757981	65
2453	2142	807.9903326	137
2459	5622	183.4708451	99
2460	3686	1570.821016	14.03817541
2464	404	625.874245	133
2465	2988	761.507377	118
2466	2106	404.9908186	158
2466	4433	390.8656284	156
2466	4601	409.6045597	137
2466	5316	459.3281613	144
2466	6181	466.2439761	151
2468	2897	1459.97951	65
2468	5763	1247.57384	74
2473	6125	610.4664207	20.39769385
2474	678	734.6261314	50
2474	1858	549.4477285	66
2476	3060	1733.592721	47
2479	5948	592.5201698	93
2480	97	229.9478874	216
2482	5448	1305.683522	60
2483	1567	240.8421451	158
2484	4486	813.4190201	48
2487	1810	212.0128218	138
2488	4418	1019.067872	64
2490	2346	1039.560766	62
2491	1914	1819.64867	86
2494	2985	2687.54402	28.99386789
2497	982	4156.325672	30.2968022
2500	3748	1782.083558	59
2501	63	538.6058959	156
2504	382	332.8450314	69
2505	5515	4576.719319	27.74696714
2508	550	275.7861823	162
2508	1181	308.7375515	138
2508	1769	311.4831972	159
2508	1976	304.9287242	179
2508	3169	259.634325	177
2508	4362	244.9286385	185
2508	6035	297.1760243	173
2509	10	543.7489463	122
2511	4367	1292.967722	83
2512	4770	868.4690851	63
2513	680	763.1538378	100
2517	5216	1632.050724	14.99500512
2519	3256	534.7135994	49
2520	5307	3683.539324	36.1209642
2524	1295	1284.161072	56
2524	4868	1228.861257	59
2526	1222	1366.793896	60
2528	5359	807.4370493	78
2528	5505	793.2475245	83
2532	85	339.80871	45
2532	3510	402.8755683	37.7441779
2532	5442	290.5054684	67
2533	4279	640.6742807	85
2536	5802	1071.392881	30.2968022
2539	1511	470.0213683	69
2541	3713	792.0354044	87
2543	2102	1278.435291	94
2546	204	190.8008838	154
2554	3657	667.2359125	138
2561	6123	1554.980246	72
2562	892	3326.30813	53
2563	1312	1620.952327	107
2564	1305	2234.534236	46
2577	3135	293.5615718	146
2578	2902	411.9296443	145
2578	2906	406.7147667	146
2578	2926	415.6718677	144
2578	4023	409.9556437	146
2578	4454	415.0920201	144
2578	5283	418.5344083	133
2578	6070	415.9855829	134
2579	4574	1272.685681	93
2580	5711	2430.342126	39.44033602
2581	3865	1252.62909	60
2584	1015	510.0860697	128
2584	1154	194.4436781	168
2584	4072	571.4439001	119
2584	5491	409.1183346	140
2587	484	3493.083825	33.81608925
2591	66	921.6351958	68
2592	2885	1905.250288	87
2598	659	1580.964941	108
2598	2373	1726.260804	101
2599	4702	1761.711211	66
2600	2227	1954.546934	41.21271655
2601	3163	1010.497749	111
2602	3328	1216.790376	81
2604	1066	618.7264947	130
2605	893	706.676843	93
2605	3050	720.1043011	100
2605	4790	890.7909901	84
2605	5171	685.5380562	101
2607	5495	831.2293673	80
2611	3332	785.494633	136
2617	969	1688.710154	118
2617	5857	1550.665507	123
2618	2372	1149.097712	95
2619	5170	500.332122	81
2622	6210	1520.731174	42.1285547
2629	4849	891.3622648	92
2630	4071	291.8684508	130
2632	4972	1544.657632	40.31678793
2633	2552	3824.734753	26.5536902
2635	2523	958.2985954	36.1209642
2644	1739	592.7020315	82
2646	2018	1821.382851	73
2646	2795	1919.766923	70
2647	3880	427.1835628	151
2649	230	353.3494461	122
2650	2607	551.1958696	142
2650	5734	573.9387562	143
2652	2043	1092.458661	84
2654	3883	986.2559422	104
2657	691	291.4368138	153
2657	886	242.3863649	189
2658	5078	1054.219877	86
2660	377	809.91618	59
2660	3790	862.0755309	56
2661	5000	1227.445435	51
2661	5506	1161.273699	55
2662	2153	1583.964938	42.1285547
2664	1842	1091.641145	64
2665	2900	470.3884813	120
2668	937	380.628518	114
2668	5998	340.856948	139
2674	3030	1366.547752	85
2676	21	393.5727801	149
2678	5617	2119.835311	61
2679	814	1196.265159	91
2681	320	594.5910112	94
2683	2567	1998.806483	53
2683	2763	1792.260408	58
2683	5029	1898.781457	54
2686	4129	4246.378126	34.5675579
2687	4490	1253.003033	67
2688	489	880.7701867	85
2692	4165	3194.639769	59
2693	4043	192.5206109	99
2695	3523	385.729858	124
2697	5612	1241.137737	51
2702	3243	451.3954561	172
2703	1754	1218.118672	58
2705	1134	2301.664666	91
2709	712	260.7910128	113
2711	1144	1108.511704	61
2713	1668	906.4588949	21.31433096
2714	855	698.1318565	87
2715	1572	1008.228251	38.58293741
2718	2712	245.6157485	120
2719	3603	951.0822151	41.21271655
2723	4786	1036.148905	60
2724	4206	7881.438995	45
2725	3723	1960.425612	47
2727	610	1827.061952	88
2728	1716	1221.97821	65
2729	3675	5037.521563	22.76709704
2731	5341	3022.252472	36.1209642
2733	4435	1398.456604	61
2736	402	2767.342714	42.1285547
2737	5126	1978.121548	43.0647448
2738	197	4018.069173	29.63817606
2739	5841	1574.858204	112
2742	2479	670.8778422	43.0647448
2745	2679	579.0198782	69
2746	750	742.9002535	117
2748	1150	1438.262701	110
2750	497	581.0894418	137
2750	984	537.9048508	157
2750	1585	568.0626774	144
2750	1767	411.9240871	177
2750	3179	588.8609971	150
2750	4290	576.6599726	136
2750	5851	603.323217	147
2751	2617	2071.426365	74
2756	4243	1559.973589	62
2757	1228	460.0107034	64
2760	1991	1148.123184	33.81608925
2769	1236	796.3245905	88
2769	2502	872.1485031	84
2770	4734	2063.790909	45
2771	5398	2832.904147	103
2772	3471	711.971488	114
2776	2451	4025.325572	44.02173913
2779	3549	873.8897047	50
2782	2454	1084.089107	34.5675579
2783	1376	3148.624551	33.08095687
2787	5480	1567.929193	54
2790	1137	1226.524512	64
2792	988	357.84618	135
2798	2407	1262.438927	36.92365229
2801	1195	410.9991764	146
2805	3565	1813.264496	64
2807	976	736.9160544	82
2810	5806	1174.666435	80
2814	287	1856.818697	39.44033602
2818	3092	703.8985843	98
2820	2524	2099.826693	62
2822	4538	2691.908948	51
2823	3488	777.9216324	90
2824	5697	1122.583527	56
2826	5382	281.3461285	36.92365229
2828	5861	1240.869185	80
2829	2406	2284.3326	30.2968022
2830	2894	4796.652085	25.41173093
2832	2943	183.479121	188
2833	1129	329.5816162	51
2834	5119	342.4536152	152
2835	5977	1877.216863	40.31678793
2839	4729	4038.895916	44.02173913
2844	1638	1980.785247	85
2845	1774	1369.163587	82
2846	628	1591.005349	94
2847	3772	310.0108419	138
2848	1741	923.3713205	30.2968022
2850	125	2501.664109	60
2853	2839	1192.200235	121
2861	4952	299.889936	40.31678793
2862	4423	1347.778298	88
2863	5717	1775.942394	58
2864	3743	402.3651676	148
2864	6029	434.1369797	145
2867	6081	1094.388718	64
2870	1709	378.7164387	91
2884	3293	2189.06902	95
2885	4537	1180.863904	86
2885	6036	1162.82484	89
2888	3089	889.2668671	77
2890	252	1393.667092	55
2891	5887	744.3174497	91
2892	136	300.2286932	122
2892	1523	277.9085081	112
2894	2560	1277.389629	80
2896	4456	1931.070806	80
2898	438	229.6877307	180
2899	553	994.1397996	43.0647448
2900	3891	494.6183243	12.03631207
2901	3257	5277.518207	34.5675579
2903	1552	2250.325776	63
2905	591	1439.630961	91
2907	3266	623.2841401	87
2908	2751	1191.449899	48
2909	2939	924.6692758	73
2910	5116	1653.624	51
2911	2267	1508.473706	28.36356641
2912	3173	5322.40664	37.7441779
2914	1383	829.9304083	71
2914	3871	827.5856104	79
2915	5968	458.5364215	112
2916	3252	2173.868294	77
2918	650	681.3305393	79
2922	3980	704.3519653	111
2923	731	328.4560757	153
2924	3850	489.8262548	126
2925	3021	1498.009334	51
2927	1653	1891.627161	38.58293741
2928	2838	554.547068	78
2930	1005	306.7915642	115
2931	2252	1659.682467	56
2935	5262	615.9401942	96
2937	5630	843.6348268	103
2938	641	781.2106547	98
2939	5568	1084.256572	118
2940	4557	2494.509545	61
2944	2299	275.7759614	163
2947	5533	2971.825887	59
2949	3148	764.2624942	110
2954	2736	1152.297983	61
2955	646	188.957848	151
2957	2586	657.3882277	74
2958	2963	1014.397493	59
2959	4958	1420.694685	35.33572585
2961	2645	1726.144946	69
2962	4742	1136.917922	73
2963	5948	752.8098918	80
2967	4111	1286.788169	84
2970	468	565.4344505	106
2970	2360	651.8949931	95
2970	5749	626.4516639	101
2971	5262	548.3292022	104
2972	6222	182.1988908	117
2976	1957	321.08765	161
2976	2623	421.1431418	131
2978	5846	1194.411811	85
2981	2399	1709.257428	64
2983	2699	1133.409053	63
2984	610	1695.406024	90
2985	1148	1729.580108	84
2989	5550	826.1480034	82
2990	979	1260.644976	20.85097594
2996	2143	2292.954333	25.41173093
2997	3388	1444.382174	58
2998	5891	785.436031	46
2999	147	799.2518327	100
3000	3002	419.621146	136
3005	5418	339.5061587	148
3007	1601	1923.362526	49
3009	6101	663.9779467	89
3010	3909	305.4084852	160
3011	3486	1451.952415	42.1285547
3018	4452	901.827769	53
3022	2663	379.1462678	130
3022	4359	288.8346083	139
3022	5536	362.4317659	159
3022	5904	347.1875804	156
3023	3985	1706.928166	43.0647448
3024	1015	245.1076185	180
3024	1154	219.6144151	167
3024	4072	225.1950166	172
3024	5491	331.1166307	176
3025	611	607.3655393	63
3029	1758	460.624851	55
3030	5294	5371.771314	36.1209642
3031	2452	3909.333049	27.74696714
3032	3829	2302.341954	57
3033	1062	345.3643814	141
3035	986	568.6639267	52
3036	540	1197.521676	91
3038	5681	3423.868493	48
3039	5689	271.4201347	86
3044	5512	2032.300191	89
3046	1123	705.8286138	133
3046	1614	864.275183	122
3048	1357	1051.144636	17.10875968
3051	4329	2609.027015	52
3052	2764	302.2219613	87
3053	2647	1794.319345	36.92365229
3056	1189	932.1622335	104
3063	3887	1777.435716	35.33572585
3067	3295	1956.285223	64
3068	3427	5939.019043	36.1209642
3069	5085	1671.2216	64
3070	4012	5854.233072	36.1209642
3072	1493	710.8747282	121
3073	291	278.1535855	120
3073	2857	314.1943108	112
3073	4100	301.2954178	112
3073	4209	389.4961063	91
3074	2862	5591.222505	40.31678793
3075	3707	839.789754	60
3078	2450	3963.508438	24.859302
3080	3284	196.2378591	151
3081	2690	4071.059045	34.5675579
3082	2442	610.6388395	111
3084	4746	1183.801161	76
3086	1207	356.2830055	119
3087	1421	309.9680885	103
3088	973	1169.170384	48
3089	1119	703.1002661	140
3089	4140	1005.647055	127
3089	5196	876.1220734	134
3089	5675	816.921887	132
3090	4922	287.3580227	113
3093	4515	527.0598105	173
3094	3804	3534.581433	55
3100	2394	428.831569	110
3102	2053	314.6309084	67
3103	4999	1028.973168	60
3107	2973	2320.312144	23.27303253
3109	4682	255.1416681	68
3110	5790	1069.517374	108
3112	5400	791.6033298	52
3113	4762	1272.789115	56
3115	3845	697.4113471	96
3117	1381	483.9317892	101
3120	1787	2013.410313	47
3123	10	497.3367806	127
3124	5066	1034.204419	103
3125	4275	3750.436535	51
3128	1224	369.8099279	163
3128	2912	432.2573697	142
3129	3402	480.6174207	93
3130	1157	940.6577102	57
3131	5896	9867.622482	28.36356641
3133	3270	733.1167975	40.31678793
3134	1000	199.1627994	186
3138	1166	3647.712235	41.21271655
3139	6188	1677.095078	33.81608925
3140	1285	987.4402737	89
3142	4446	629.4403143	79
3143	2207	2407.950155	67
3143	5458	2390.589155	66
3144	5143	1095.573811	88
3147	838	370.0103861	60
3150	3036	1422.109409	95
3152	3222	327.7216927	160
3154	51	2504.245652	80
3155	2271	284.3179283	203
3156	3073	3361.696737	24.31888239
3160	1269	1098.908658	80
3161	1984	816.9980821	28.99386789
3166	4491	1292.901572	112
3166	5520	1307.404734	113
3172	2670	782.1408941	87
3177	3199	1852.441976	68
3178	4062	5461.444331	40.31678793
3183	5423	1326.982067	51
3184	2696	908.7011393	55
3185	5178	255.2042532	194
3186	4364	636.0536195	117
3186	4488	646.910785	116
3186	6245	561.5281806	134
3187	2458	588.2221809	78
3188	1579	428.3378536	141
3189	3255	1288.206448	91
3190	1517	1062.470347	84
3190	2575	1060.806329	87
3195	5037	2075.027121	42.1285547
3197	522	319.2054144	109
3197	852	226.4512138	120
3197	5478	189.6538784	127
3198	842	1398.544975	68
3200	1487	871.1265839	65
3200	5026	707.6827089	79
3201	1873	709.3435948	86
3205	5668	1641.728493	90
3207	5982	410.4857834	82
3208	5302	1021.58853	45
3211	5576	594.1512221	8.655928707
3212	1855	815.5815681	105
3213	4502	697.4464948	14.35013486
3215	2146	1877.112476	46
3216	3347	724.7772977	78
3217	5327	432.3112746	145
3220	5086	542.4608756	88
3221	1640	1967.048182	84
3224	1852	5782.001514	33.81608925
3227	3037	701.4137601	42.1285547
3229	4160	1126.006975	69
3233	1959	1294.813852	70
3234	3808	685.188901	79
3235	5599	1093.569939	56
3239	5703	1014.850031	96
3243	2349	1782.894377	84
3244	3178	3043.228127	47
3251	6168	1745.719856	69
3252	4659	589.8390693	99
3253	959	2689.556533	47
3254	1772	282.4958064	168
3254	5213	417.5867075	161
3256	2299	302.5340243	149
3257	4482	899.2762319	84
3258	2386	862.2274764	123
3258	6138	504.104822	141
3259	5824	642.9330169	110
3260	3498	240.129054	161
3263	4916	3225.671127	79
3265	3260	3275.241838	48
3265	5808	3311.413588	48
3266	5726	1104.924302	78
3270	2298	375.2591215	164
3271	871	622.1338804	137
3274	4500	663.2034747	76
3275	2869	1637.418286	36.1209642
3279	761	308.3189759	139
3279	3966	216.0944279	162
3282	3934	895.533913	112
3284	3064	1928.018195	52
3288	3532	1855.803201	57
3291	3563	1109.079695	71
3292	2826	1645.132158	58
3294	4771	188.43911	178
3297	2201	753.6307981	106
3301	1458	669.7872653	92
3302	2512	735.8861672	81
3304	4306	1408.590691	53
3305	1930	348.5089241	154
3306	5033	721.1217777	119
3310	2003	1489.41802	72
3316	1380	2684.494443	50
3318	3298	670.4707414	84
3319	3085	341.5412892	168
3320	2181	1036.252936	61
3322	2725	1946.92139	66
3322	3373	1915.304347	67
3323	5872	535.6401342	138
3325	1039	537.5880619	137
3327	6173	3512.779699	50
3328	4044	505.8518482	69
3330	1690	344.6578171	186
3330	5169	346.5362107	181
3331	3058	2838.445602	73
3333	6130	590.0196651	76
3334	5367	184.4290777	97
3336	3478	2531.222493	86
3339	409	1921.069932	30.2968022
3340	1286	1660.190854	78
3342	4810	578.2559215	33.08095687
3345	1240	597.1913949	94
3346	623	215.5166553	174
3350	3593	857.7649152	47
3351	1288	242.0756716	127
3352	1324	480.6995877	25.41173093
3354	3013	406.4970264	66
3357	2520	1177.480623	72
3361	4167	719.5888709	100
3364	2531	1128.242338	55
3366	5114	421.4079567	131
3369	3442	831.9512805	113
3371	2010	489.4869514	108
3372	4425	2095.375642	37.7441779
3373	5814	654.466442	148
3376	74	2079.086387	90
3377	472	1684.90294	64
3378	3038	2994.485206	32.36180563
3379	1355	803.7457402	30.2968022
3380	2137	366.8525046	140
3382	3731	3058.678171	33.81608925
3384	914	2863.820162	46
3388	1496	1983.494633	55
3389	151	942.2097148	51
3390	4258	453.80733	124
3391	506	314.047246	149
3392	1562	2075.873242	61
3393	2540	553.5346806	129
3400	504	1443.287501	109
3400	3860	1261.079191	116
3401	62	1508.133194	90
3401	4629	1534.299863	89
3403	6156	2068.681977	38.58293741
3408	4484	1107.503455	55
3412	6085	589.3601538	63
3417	2218	1002.476828	55
3419	3965	456.6841833	99
3421	266	5726.309779	44.02173913
3425	951	216.4432392	179
3427	1336	1056.795108	110
3428	1615	267.2774131	125
3429	3692	2998.346774	53
3430	1868	1548.989181	56
3432	6160	226.9927332	171
3434	2287	2135.210713	90
3436	6057	1741.614479	52
3437	1759	1640.617957	152
3437	5244	996.7029536	154
3438	1906	3954.15104	62
3439	5880	948.9232322	24.31888239
3440	5928	1939.383438	45
3446	1165	710.4122532	53
3450	3202	368.2690918	90
3452	1384	445.3309745	113
3454	362	1228.774039	95
3455	4030	1932.782521	36.1209642
3458	5036	504.86593	65
3462	3606	512.5455365	114
3462	4505	663.8060208	89
3463	1995	1245.345599	58
3464	2914	2217.368104	40.31678793
3465	1170	1235.492429	70
3466	1989	726.0161574	107
3469	5922	1085.278696	120
3471	3218	411.8751672	108
3472	139	655.566383	102
3474	4677	363.1355156	84
3476	2649	10566.67675	27.74696714
3477	1500	2583.066253	40.31678793
3478	410	318.6855966	91
3479	1937	195.5915071	150
3482	5601	484.6294343	80
3484	2521	1096.909867	90
3486	4535	4334.960234	45
3490	1617	3071.520019	24.31888239
3495	2997	2742.84327	72
3497	1224	427.7744076	157
3497	2912	404.8429737	157
3499	5198	4581.168178	25.97643606
3500	1378	4567.515641	41.21271655
3505	4670	1064.598505	84
3508	5114	235.7511286	117
3511	2822	1203.84248	82
3512	5797	387.8790022	132
3513	3535	1443.555336	58
3515	56	805.5412468	120
3516	450	863.8136932	134
3518	3690	1465.20833	88
3521	4022	768.9366114	36.1209642
3523	4604	1388.021555	62
3525	3803	1672.838574	71
3527	2990	676.9468442	87
3527	4106	574.5031852	91
3527	5070	401.0627946	105
3528	6048	1153.262966	47
3530	2000	1911.565	34.5675579
3531	4083	2690.368825	33.81608925
3535	4701	299.3906334	155
3538	1168	1691.846375	33.08095687
3546	5490	206.0357161	166
3547	5427	635.0945624	107
3548	3984	2418.041221	49
3549	1108	403.0708232	116
3555	840	1039.132161	111
3557	2942	1337.898397	52
3558	3474	639.2904412	163
3564	2017	320.8712681	112
3565	2281	1232.846148	96
3570	2947	933.0997159	72
3571	5436	1259.199848	27.74696714
3574	2893	793.4129879	129
3574	3431	793.9520196	128
3576	4174	466.2113812	112
3582	5610	1528.98247	29.63817606
3583	3883	1167.518748	105
3584	19	883.5215858	69
3585	1392	427.2050881	128
3586	429	545.3334625	132
3588	1931	231.9961103	137
3590	1123	704.2311782	119
3590	1614	648.3173584	140
3591	58	316.9777627	138
3593	5072	240.4811178	125
3595	4318	887.0906184	84
3598	4069	2987.157069	76
3599	3353	411.3296212	67
3603	5944	299.350122	141
3604	200	482.2074626	71
3607	4126	328.6885071	100
3610	5117	846.9900829	113
3611	3688	265.3311754	144
3612	118	547.1608406	134
3612	481	539.1277129	137
3612	494	401.4870569	147
3612	1265	551.5240728	137
3612	1689	413.0414376	170
3612	1725	473.1756698	157
3612	2057	328.7212518	180
3612	2339	385.7736109	174
3612	2434	434.9422132	151
3612	2473	502.8412804	139
3612	2657	496.0384152	137
3612	3553	551.9305825	134
3612	3614	497.9121091	155
3612	3616	400.3372734	167
3612	3639	458.4754496	151
3612	3711	540.5408685	142
3612	4144	568.9536433	137
3612	4637	439.8785375	141
3612	4990	530.3619693	139
3612	5103	456.9523221	146
3612	5147	544.9767591	138
3612	5838	504.5209378	143
3613	468	583.6053436	114
3613	2360	689.4729501	93
3613	5749	617.7982548	103
3614	2551	1232.5628	86
3616	2987	1174.307911	47
3617	3372	1950.405527	64
3619	354	1832.900323	58
3619	1161	2224.745319	57
3619	3950	2190.669696	54
3623	7	376.1679172	108
3624	3518	1913.412519	74
3625	2472	605.6402368	58
3626	4248	1582.531683	54
3628	6223	1118.578773	52
3631	5335	188.0392809	125
3634	5230	919.2543709	80
3638	2800	392.695733	90
3639	2166	1788.440428	52
3640	5462	1231.123603	69
3641	5591	455.2106137	88
3642	4974	826.0003538	50
3644	5091	2475.233348	51
3646	856	579.76943	119
3653	4014	4040.668762	59
3654	1971	3473.324509	74
3661	1494	4141.965503	49
3662	4631	1686.360954	79
3664	5546	4881.54537	32.36180563
3665	5320	2238.620702	38.58293741
3667	2749	957.5707277	72
3669	2071	1314.55292	79
3669	4448	1198.398296	81
3670	2038	1576.923364	85
3671	48	710.2438453	136
3671	556	815.2728999	129
3674	5676	410.3861555	106
3675	3779	1458.125217	72
3679	4918	575.5943548	157
3680	3034	460.8277902	41.21271655
3682	1075	213.561876	116
3686	4595	2255.704072	55
3687	5002	1433.927588	41.21271655
3688	2629	1392.960628	65
3689	3036	1276.584584	102
3693	257	864.3824802	78
3696	3994	954.7788527	86
3697	2258	313.8859347	110
3698	452	193.7802966	189
3698	1009	222.5351601	190
3699	5834	1019.15784	107
3702	1869	553.0324594	118
3703	861	2173.578546	52
3705	6233	888.4041136	41.21271655
3706	5559	1647.324297	77
3708	512	1777.659552	75
3711	4872	1776.149524	30.97006447
3712	4020	4700.583383	28.99386789
3713	1289	410.5270565	129
3714	1865	217.3427055	113
3720	2571	857.490421	57
3721	192	1440.936833	122
3722	2359	427.2052971	166
3723	2075	804.0185	73
3725	1252	720.8933686	50
3726	3708	1131.954094	49
3733	2271	300.3683503	195
3734	6137	238.2788971	160
3735	360	303.9185218	157
3740	4416	2538.809047	57
3743	344	751.6313036	81
3745	5427	819.6625783	98
3746	5604	285.6513318	148
3753	4011	415.9474803	186
3753	4850	428.763941	188
3753	5665	414.6628288	179
3756	4111	1379.709286	73
3759	1306	227.89977	130
3760	3568	972.760885	81
3763	4041	1419.911795	88
3765	6040	1096.068215	108
3767	3409	1031.97861	46
3769	318	775.6225567	99
3771	5150	4779.01075	33.81608925
3772	1064	1697.121939	36.1209642
3773	3029	1806.79084	83
3774	752	1045.616021	65
3779	2600	650.0967034	63
3780	4623	210.760619	201
3783	24	716.238928	68
3788	1950	449.1246244	148
3788	3546	456.3314454	132
3792	5775	2091.854071	57
3794	4881	1925.924167	46
3795	2372	995.2281323	100
3798	782	1346.167222	101
3800	1891	1629.790507	47
3802	295	534.9722189	126
3804	180	1208.455711	75
3805	3142	287.775703	64
3807	15	1003.659818	106
3808	193	834.220578	112
3811	2119	221.2785624	168
3812	5348	2955.056439	32.36180563
3813	3121	979.6080781	76
3814	5549	291.94433	152
3817	4274	780.4675637	76
3818	6154	405.5139873	144
3820	879	1344.457567	50
3821	816	398.8139636	111
3823	5661	894.17069	93
3826	3974	469.826217	109
3827	2562	795.0035878	97
3829	380	1102.623545	96
3830	3918	1470.173158	64
3839	2100	503.2646015	136
3839	2584	596.901036	119
3839	3375	440.6767734	143
3839	5994	474.1415515	144
3840	4008	1065.508553	98
3841	4568	572.3304596	149
3842	5528	1604.427387	43.0647448
3843	3729	824.3161935	69
3848	1385	728.4446133	98
3848	1457	681.3706962	96
3848	5498	693.526204	92
3849	4592	430.8117222	138
3855	559	424.6314927	173
3858	4846	3007.144575	70
3859	4769	387.8064817	175
3860	2730	3347.825119	56
3860	5331	3921.174874	51
3861	536	1134.155435	96
3867	5437	4327.944047	39.44033602
3868	497	539.3030082	141
3868	984	539.5660919	148
3868	1585	532.7147897	146
3868	1767	552.8046703	145
3868	3179	539.1804799	152
3868	4290	574.5681576	132
3868	5851	566.8515648	134
3871	3512	960.216536	48
3872	4698	898.242469	57
3874	1036	790.2292087	106
3876	844	2865.169449	33.08095687
3876	1789	3114.113648	29.63817606
3876	5195	2851.956417	33.08095687
3877	3702	1902.886475	73
3882	778	718.0117821	135
3886	5955	720.6215874	56
3887	251	1398.847299	88
3889	5217	384.8712287	72
3889	5256	373.4476153	72
3891	2500	218.8245555	165
3892	1354	925.1825779	101
3893	2796	945.0289099	92
3896	59	1808.494259	42.1285547
3897	5613	2305.544653	51
3899	5570	698.8610191	80
3900	2607	535.2582981	152
3900	5734	582.6810399	146
3901	5654	809.6798159	115
3903	2036	615.4968742	76
3908	5947	237.3893588	157
3910	3910	528.4785134	180
3910	4524	336.0137547	187
3911	1387	566.2593524	108
3911	5701	584.819935	112
3911	5923	632.2839944	100
3912	609	1312.767079	57
3913	2493	1564.374364	33.81608925
3914	372	1776.339497	48
3916	2097	702.3526141	108
3917	2008	941.028731	126
3917	6122	942.229615	128
3918	302	797.7269157	84
3919	932	1199.454608	67
3921	2246	601.2954805	96
3925	3137	342.0748841	202
3931	5723	1046.360072	105
3932	985	451.0984766	104
3934	1586	388.0867439	88
3935	4443	779.6667166	73
3936	1089	1585.012621	60
3938	5427	806.1672591	93
3939	571	835.6705513	41.21271655
3941	5	2189.098189	59
3942	815	1443.003109	50
3943	1084	7667.425804	41.21271655
3948	118	531.5854783	132
3948	481	554.3875576	137
3948	494	391.1756457	161
3948	1265	556.2469756	134
3948	1689	450.5919537	153
3948	1725	467.9946942	144
3948	2057	473.2283594	143
3948	2339	488.0339261	146
3948	2434	502.4804504	138
3948	2473	555.3906269	133
3948	2657	426.9302269	154
3948	3553	508.2305927	138
3948	3614	495.5385081	146
3948	3616	483.7599913	136
3948	3639	520.7412089	136
3948	3711	493.57459	149
3948	4144	528.559809	132
3948	4637	414.5755393	155
3948	4990	499.3943437	142
3948	5103	505.8925778	146
3948	5147	594.0619367	136
3948	5838	553.2992054	137
3951	5692	1283.056642	64
3953	1861	2584.808693	44.02173913
3954	329	1133.82376	56
3954	442	1306.227328	48
3954	1473	1077.213979	63
3954	2729	978.7754402	72
3956	3561	384.8107254	118
3959	5179	643.4483178	63
3960	1872	2183.572933	81
3962	5997	558.3811177	102
3963	4065	983.1803604	95
3965	1016	2091.422872	59
3966	4374	3176.848546	43.0647448
3970	423	673.4779652	90
3970	1298	466.4736471	110
3970	5743	690.4568807	88
3972	4273	1834.897131	54
3973	1735	422.7381876	127
3978	1937	218.9778066	145
3982	975	1054.986085	57
3984	2160	1463.193198	65
3984	4870	1473.516175	65
3986	2008	1017.899696	116
3986	6122	1063.066944	112
3988	703	810.4223511	117
3989	2328	1126.234693	103
3990	685	952.8023667	68
3992	4475	982.1674381	93
3992	6132	1089.227175	81
3994	162	4434.834057	24.31888239
3998	3699	1995.305591	105
3999	804	375.6467672	60
4000	1994	442.4595548	96
4001	1155	791.184882	86
4003	2381	1194.348781	69
4004	1217	2150.474462	55
4006	5080	306.4430985	135
4008	1290	730.403963	117
4014	3793	549.2590252	121
4017	1319	2834.774637	34.5675579
4020	3858	1275.80712	68
4023	227	204.1649597	148
4023	3263	193.2781041	168
4024	452	408.1061623	137
4024	1009	285.5715515	166
4026	3215	740.1874975	7.102411153
4027	6064	1011.553445	36.92365229
4029	1854	633.2153246	111
4033	4657	1139.512249	59
4034	5326	1473.706989	45
4035	832	640.4469815	77
4036	4304	1109.600984	63
4037	4301	941.4195399	96
4038	2656	1075.941708	74
4041	34	4569.121658	45
4046	351	293.278601	182
4046	2768	429.5900834	191
4050	5059	3969.193554	27.1437722
4051	3664	787.2379473	48
4054	1484	1925.539002	40.31678793
4058	1486	798.3357098	94
4060	1415	2506.853633	33.81608925
4062	1101	1870.534088	113
4062	4378	1797.379624	114
4063	749	699.3199124	63
4064	4783	710.008289	98
4068	4438	1081.8018	132
4069	5139	5441.723944	42.1285547
