2	1475	792.3777192	102
3	1101	2262.49548	103
3	4378	2088.322482	108
4	1731	833.0962294	64
10	5169	384.6189548	167
11	4712	668.7114208	117
11	5418	573.380994	129
12	2508	368.009299	147
17	3502	360.4113124	138
18	738	866.0357635	69
18	848	967.6322228	74
20	3985	1668.172587	47
21	736	440.6957559	156
27	4325	1008.87997	77
29	4987	220.5684554	169
31	2019	3652.64009	48
32	3673	981.5609127	92
34	4476	716.9811906	99
36	1363	654.748935	86
45	1001	499.1719424	130
46	2181	218.3489505	148
48	2517	545.2902663	96
49	3705	470.444574	139
49	5092	543.9090694	117
49	6081	685.3069962	107
53	1248	504.4049799	151
55	1112	1055.060904	114
56	1844	519.7829517	145
57	5135	1769.471441	66
61	1482	998.5720492	114
61	1578	1018.23782	112
61	5885	954.9497949	116
63	5681	1823.968503	94
65	2048	190.0259803	172
65	2119	182.2616924	203
65	2699	228.7532862	157
67	1940	372.0412445	75
69	4813	1853.265881	49
71	814	1598.423181	88
80	4529	895.992129	87
82	4618	524.1907994	122
83	3506	433.1493751	98
85	2027	660.7089421	70
87	462	430.5469137	142
87	2201	648.2280289	130
88	5380	446.1471313	84
89	5018	359.0751712	109
91	719	646.4434233	41.21271655
92	2736	282.6667755	127
93	1357	658.0153478	46
94	1756	392.6071512	125
95	5085	1019.676018	94
98	3854	1771.602873	36.92365229
99	5265	2008.148459	45
100	5641	208.5430001	174
101	1555	550.5898765	172
102	4810	373.4289575	58
103	3012	2340.120844	40.31678793
104	1484	1070.739321	80
104	4472	936.6779884	85
106	2399	395.365611	146
107	1849	798.1233792	87
108	571	593.1681685	43.0647448
110	1117	244.8775522	135
112	5202	886.0185206	34.5675579
114	2766	1497.847871	83
115	189	388.9802576	81
119	4425	1567.155491	58
120	752	632.3660725	98
131	70	298.5795204	139
131	1015	417.6935533	129
131	2545	326.0114106	148
131	2786	429.2844453	141
131	2804	395.0018818	138
131	3825	468.693917	140
131	4072	309.9129125	170
131	5692	444.6102326	127
133	60	1038.787781	170
143	2581	191.7984846	170
143	6088	305.6909789	142
144	4181	482.3771346	159
144	4702	575.7982316	132
144	5897	692.5773498	149
145	4887	556.637723	55
152	3377	774.6632795	126
156	5492	266.2639441	67
168	3979	750.84683	93
170	2377	800.4623176	91
170	2891	921.2976733	93
172	974	899.6802608	98
174	5617	1173.06787	105
175	532	315.1575514	115
175	4114	376.3992879	88
177	3705	312.7232064	167
177	5092	389.6148442	123
177	6081	468.8967307	128
178	611	267.8782802	118
179	2828	654.3894252	106
179	3021	787.1338749	98
179	3207	422.0989638	128
186	5693	1346.070948	59
190	911	570.6553219	137
191	462	493.3042835	136
191	2201	707.2221564	113
193	5779	899.8683198	68
196	4865	320.0565601	198
199	5416	493.9936061	96
200	2197	689.6219817	72
204	4460	414.7039597	68
205	5966	534.639887	99
207	3703	1354.193584	107
213	2236	996.3716873	76
214	5737	435.2744052	76
215	637	1033.834805	118
215	1404	774.9732043	132
217	2008	1076.604191	118
217	6122	1128.469015	113
219	844	2336.282563	46
219	5195	2320.731678	40.31678793
220	2591	579.3270426	102
220	6145	542.792117	105
221	4598	228.4724591	193
221	5846	246.9464744	189
225	2048	382.4697484	139
225	2119	323.0360563	157
225	2699	274.5815838	165
226	2941	513.7753704	159
229	2311	813.8552971	126
230	6075	1713.698992	71
234	3705	374.2017714	165
234	5092	530.6780023	133
234	6081	426.2607135	133
236	53	1620.191772	67
238	3401	600.4939514	84
244	4490	1068.693062	83
247	2238	740.6928138	71
248	917	902.5939976	79
250	4301	226.8166533	145
252	5811	208.3562268	141
254	4537	567.6059169	128
254	6036	586.7184014	130
258	1313	335.5012402	141
262	1259	806.4172886	102
262	2353	692.1653441	107
262	5825	910.0050483	98
263	2350	3902.127295	58
266	3798	677.8643056	124
268	1026	1308.196433	61
280	1661	1075.556693	81
291	3064	1198.525112	85
295	1392	193.9112538	183
297	162	1953.329805	71
298	3678	231.5295764	92
298	3780	233.1170108	90
299	3705	377.8743783	155
299	5092	531.6083861	130
299	6081	469.3259532	133
300	803	443.5613342	124
300	853	373.3133953	129
300	855	429.2256223	131
300	1035	372.9995821	141
300	1218	358.8261884	129
300	2109	481.5340183	115
300	2220	459.1635149	124
300	5056	298.5491047	149
301	330	1905.269951	71
302	4836	289.172469	116
304	4916	1499.219661	123
305	4187	432.9158742	77
310	885	663.5611018	147
311	5307	3217.048852	39.44033602
312	2648	460.8615216	157
314	1376	1009.697699	105
324	979	696.2009847	61
325	2432	512.0066077	116
330	1583	897.7670646	93
331	332	2020.874915	83
333	1567	330.770515	144
335	593	251.2076756	171
337	5313	1867.335347	100
339	5540	1036.905607	102
341	1235	487.9082794	93
348	4861	612.8348748	115
356	5443	1948.220954	64
357	3428	3407.356074	88
367	5200	1571.719697	82
369	226	1481.118393	115
370	588	2193.750486	60
370	2713	1977.339816	64
374	3221	5097.062808	51
378	2749	991.5421151	68
379	6044	1223.166793	91
381	871	611.0652169	143
385	3010	358.2255437	125
386	3374	374.025604	78
392	1139	676.1713607	46
393	3191	394.6072926	211
396	3105	2094.137539	99
400	1898	1171.286031	66
401	269	934.5510595	80
401	1271	910.5133581	81
402	4398	1229.487893	83
405	1511	279.1282813	98
406	4479	1391.105003	91
407	3505	1063.640583	93
413	3486	1076.272035	61
415	5054	1219.581118	88
419	1897	302.1574596	84
419	2468	250.0850218	108
426	2343	555.2389611	96
427	5407	564.8830238	137
429	1254	589.0348007	72
432	6233	523.7522718	78
435	3257	4054.34342	52
441	4226	1925.681176	63
447	3943	309.7048815	181
448	1845	2522.438688	58
449	3994	439.6656846	114
450	1175	191.8107607	185
451	5430	925.864275	118
452	810	3860.494804	84
455	898	191.8296054	159
456	1205	776.4417583	113
459	5613	1710.438148	73
461	4831	219.2884827	232
462	4064	590.1219565	130
464	4684	1149.455533	72
466	1917	1200.86605	78
467	133	1196.079489	95
467	592	1012.529609	90
467	1213	1115.574334	84
467	2732	1100.22645	110
467	3731	1129.955732	87
467	4291	1127.218268	83
467	4717	1194.203798	96
469	180	724.6982664	100
471	4205	431.1757162	184
471	5453	370.3542875	196
473	312	2894.61222	54
478	1854	785.0515494	102
480	4835	1484.860108	59
481	4539	322.6571247	167
484	5389	1831.280437	51
486	3007	183.67566	178
487	1568	338.5416346	151
492	3678	202.328765	107
492	3780	232.7400935	93
497	133	1130.291624	104
497	592	1259.722829	92
497	1213	1162.965462	96
497	2732	1178.988173	100
497	3731	1277.942116	74
497	4291	1259.056081	76
497	4717	1283.682945	91
499	1981	666.1679861	72
500	85	384.1114807	43.0647448
500	3510	417.5629938	38.58293741
500	4055	323.0228032	57
500	5442	393.0184168	47
506	2759	1596.666273	76
511	4787	236.5059473	187
513	4167	811.6002299	82
516	3256	486.4439331	59
518	5112	839.9250131	101
522	95	750.9510708	96
523	1537	410.3134551	119
525	3087	538.30642	40.31678793
527	5256	582.7421952	42.1285547
528	2311	980.0896384	111
529	4092	427.5780078	156
530	63	243.7400771	194
530	801	230.9082478	207
530	4332	229.5996792	207
535	5658	1906.727407	105
539	5642	222.9602975	79
540	5042	195.8458794	161
542	1735	1490.700413	48
543	5174	606.0471656	71
544	890	243.0889477	119
549	2151	1228.570236	72
555	691	341.0613267	155
555	886	262.2655427	176
555	1956	258.2270668	158
556	2850	1894.57568	49
559	1959	883.0911074	112
559	4964	756.55556	114
561	2640	1083.341256	82
561	2791	970.784208	82
563	824	579.5960241	113
565	2409	561.1530261	116
566	5736	706.2785352	98
568	1386	574.9976392	122
569	1988	891.9997223	89
570	329	859.7044439	77
570	442	941.6758023	73
570	1473	857.3768967	76
570	2729	788.9387656	83
572	4617	363.6891367	77
573	6236	398.2714652	166
578	410	254.0639945	100
580	6031	1223.529245	86
581	6174	893.9047434	108
583	4961	720.7920047	91
586	5151	393.1618093	110
587	4816	2163.251121	83
595	4311	3458.923266	37.7441779
596	4853	417.884286	131
597	3468	1455.763451	69
601	797	3033.885213	82
603	2308	631.6106498	58
604	97	334.8265442	175
606	1388	2347.32366	76
608	3446	2179.445857	60
609	2633	812.6606089	87
616	1699	361.7953067	123
617	3199	802.762149	129
622	1006	2695.955522	46
625	4352	277.5360974	172
625	4848	278.8206159	149
632	2869	1752.73732	46
633	3060	924.4451729	93
634	1636	592.6265889	91
635	1206	324.1871095	133
635	1743	294.7838859	154
638	2115	1614.093443	113
639	3466	917.9561676	87
642	6074	258.8840753	153
647	6	498.8384796	83
650	678	363.2333116	100
652	3178	1594.376969	95
657	582	1244.087879	75
659	5454	1268.26733	123
659	5508	797.7385982	136
661	3707	243.632552	141
663	988	382.9478131	136
667	3590	1599.752286	82
669	150	786.4001265	58
669	1408	737.1494282	59
671	1856	1117.211281	61
675	1307	2040.28663	47
676	5954	795.2338802	75
678	341	1421.398236	63
690	5915	453.445637	90
693	223	289.3273536	225
696	305	3843.640241	65
700	2166	1361.971341	70
702	4552	213.9639195	145
702	5086	229.7725552	131
702	5412	312.6119412	132
702	5597	217.550675	141
705	1694	603.7084225	111
705	4562	496.8887086	122
707	2655	500.6569106	30.2968022
716	4453	393.5335597	137
719	2665	666.1376862	122
728	1472	2156.773051	97
729	282	981.1463313	60
733	114	891.8700994	128
735	4530	1934.780306	71
741	2640	1094.188916	84
741	2791	860.5601752	95
748	675	6479.252484	42.1285547
749	3883	2175.864609	56
751	273	739.8800205	106
751	1172	969.0675415	92
753	480	1381.438713	65
754	3523	313.634496	131
757	1984	608.8307387	49
762	3456	193.4741461	206
766	2458	621.7580662	69
780	1561	253.5882421	130
786	4009	634.2075289	142
789	2673	1988.289435	116
793	5267	245.8779664	160
796	5320	1047.787621	93
801	1236	693.6357087	86
801	2502	687.072895	92
805	5817	3463.16893	68
806	1262	184.4864879	146
807	5565	532.4146565	67
811	2572	2232.246309	36.92365229
817	6017	812.3541379	65
821	1238	426.4963066	128
823	3376	297.08721	105
824	5134	1228.610076	39.44033602
827	3498	1062.103748	75
830	3241	601.3074316	72
830	4408	507.9837393	83
833	369	181.7661615	124
837	4765	831.5395642	64
837	5697	903.677837	69
839	707	605.558226	108
841	2830	558.1940722	100
845	1897	357.0577701	78
845	2468	263.0689812	92
850	1108	387.3151499	109
851	5647	634.6475877	159
852	74	1676.512376	108
855	3171	3494.713749	70
857	5576	264.5129805	69
859	3390	603.2821627	121
860	832	275.1759866	142
861	3305	1020.562609	78
862	1946	493.8428667	104
866	5958	858.0471309	82
873	3815	249.8437459	172
874	5358	551.3407192	82
876	4273	1737.613335	55
882	4161	337.8366884	120
882	5938	373.325533	105
884	2071	429.5395983	131
884	3828	650.3641268	122
885	1100	468.3087899	85
889	4181	617.2881007	139
889	4702	632.4339537	135
889	5897	706.5744257	129
892	2390	565.8643236	152
893	5646	532.5261006	118
895	2821	1979.3735	36.92365229
900	5168	302.4364332	200
901	1971	3647.988618	72
902	4128	1138.287405	108
903	5992	278.5442187	204
904	2895	204.3837812	174
908	335	694.4869226	121
911	1037	636.3782506	121
913	268	1318.015053	94
914	5887	248.1176523	177
919	1599	797.3101968	88
922	405	3442.882135	79
926	2799	3068.999136	67
929	2640	1213.435485	72
929	2791	905.3832929	95
934	3703	1472.612092	99
936	4322	767.7254815	80
944	1464	544.0674996	94
946	5711	2240.520431	44.02173913
949	1289	189.7814509	191
950	480	1591.57833	54
951	776	889.2482037	106
951	3080	990.2138618	98
951	5522	851.4469075	105
959	5882	199.6147222	179
960	5537	1053.230572	76
965	3038	1994.342761	61
967	2965	512.5692081	158
970	1124	955.9255654	60
970	6126	1016.541836	56
971	5721	2847.297992	36.1209642
974	2017	498.7656868	72
982	2819	1174.174178	66
984	1914	1254.165206	112
988	444	275.8577262	161
989	2171	768.1270877	83
990	2256	191.4375859	161
993	450	365.3718934	173
994	1850	301.9742163	175
998	3292	338.2039382	126
998	4409	317.5644193	127
998	6218	270.2962963	126
999	2903	705.4142933	119
1004	1368	1518.366245	85
1005	3886	1175.54902	33.08095687
1006	1073	844.8850659	94
1006	4929	723.1378079	107
1012	377	238.16516	127
1012	3790	272.6982546	128
1015	2743	822.6976663	78
1015	3887	954.1708016	79
1016	5777	438.3189168	106
1020	3753	1832.89927	92
1023	4484	767.646025	78
1027	2521	772.2439392	106
1028	2851	384.2211667	122
1029	856	453.3221285	133
1032	536	815.8556436	114
1040	220	227.0115183	163
1042	5605	1708.22576	42.1285547
1055	2581	209.9723283	166
1055	6088	286.8125096	139
1058	3623	800.467535	109
1060	3396	388.2429347	106
1061	246	210.2459814	128
1062	4880	346.1290447	89
1065	5097	636.2987873	104
1066	5903	246.1812684	115
1068	4528	4270.820128	47
1073	5666	614.9312907	142
1076	4258	242.5188111	159
1077	3454	1262.6363	105
1078	1818	735.3817981	124
1079	2072	1007.10385	91
1080	6067	1255.324595	73
1081	2389	683.6119869	94
1081	4418	584.7129046	106
1083	92	875.7155987	100
1087	2934	512.2591106	104
1090	2695	651.3565319	129
1092	2595	1258.764233	82
1096	6203	776.343794	50
1097	2102	514.443825	153
1097	3788	517.3173734	160
1101	5392	329.3744392	82
1109	4952	279.7743376	33.08095687
1110	2518	189.4706406	152
1112	2089	195.2380197	182
1114	4446	203.8737056	137
1114	5526	236.7267539	128
1115	1592	518.3277446	152
1115	2930	212.9775881	186
1116	1070	715.4067802	49
1119	3470	600.8202954	100
1126	1451	815.3299456	112
1127	10	917.5309566	86
1127	4928	896.6421909	91
1129	5152	1315.648933	71
1130	1110	707.9021392	89
1131	1415	740.6580189	106
1135	3696	255.0783037	124
1136	1148	1709.262647	87
1136	3230	1593.233285	90
1136	6176	1441.787699	98
1144	3789	1249.448522	80
1146	2586	230.9415323	146
1147	459	1819.022575	46
1151	5880	481.4443353	69
1156	5515	3554.756386	45
1158	1950	211.1073945	221
1158	3061	216.8159315	215
1158	4105	232.7283598	205
1162	43	344.6629705	107
1163	4263	2586.844897	71
1165	5263	2028.770321	64
1172	484	254.9863053	177
1174	3884	459.5674265	105
1175	3260	2921.528578	59
1175	5808	3060.481231	58
1176	4151	1996.422339	116
1180	4266	1308.094534	82
1182	5326	1286.868206	61
1183	2934	436.5360204	115
1186	4647	232.5072427	190
1187	4918	829.8616266	136
1194	3641	1417.078291	110
1200	234	728.6529968	48
1201	3025	1185.019946	71
1204	1381	1346.142218	48
1205	6032	3632.192645	39.44033602
1207	2828	524.3751393	122
1207	3021	579.7883047	118
1207	3207	382.5015551	123
1208	667	807.9801604	45
1211	3801	429.0005725	111
1212	1714	2518.465768	52
1213	2547	3986.118848	79
1219	5593	1159.841008	92
1221	54	281.515881	166
1226	5785	291.8747885	129
1228	1066	572.0805491	127
1233	4201	996.0065667	57
1236	4791	1159.721698	77
1249	2865	204.1019811	117
1256	4041	1371.662458	92
1260	1423	1137.575298	123
1260	5831	1101.728379	123
1264	3215	224.5766159	77
1271	851	240.2817113	123
1272	5920	1661.397812	36.1209642
1274	4777	2460.104346	72
1276	2640	1035.455869	75
1276	2791	897.5365137	101
1278	3225	346.769447	112
1282	3159	1204.09237	103
1284	70	383.0094401	158
1284	1015	493.6052853	142
1284	2545	235.5282925	149
1284	2786	251.7096477	180
1284	2804	353.4709615	161
1284	3825	506.131102	123
1284	4072	438.1952145	138
1284	5692	443.3856793	132
1287	5884	310.281513	152
1296	5059	1219.008934	103
1300	5667	297.9796637	71
1302	2213	1228.041081	111
1302	2700	1393.549586	119
1302	3643	1212.764555	124
1302	4485	706.3061445	122
1302	4687	1321.697692	122
1305	2134	2235.085311	44.02173913
1308	2797	632.9259809	133
1309	2130	2457.699567	65
1311	218	410.3867141	40.31678793
1312	6040	734.6968191	149
1314	5869	839.0001842	166
1315	2418	1784.511613	69
1316	2758	2205.45229	47
1317	1932	355.8300691	167
1317	2730	266.6261791	163
1318	775	2795.668567	66
1320	138	243.5909019	122
1324	4126	186.3866833	138
1325	133	1157.731053	82
1325	592	1168.269475	91
1325	1213	1137.867386	100
1325	2732	1160.369435	91
1325	3731	1195.900643	88
1325	4291	1278.107293	73
1325	4717	1239.031458	91
1326	3664	438.8573304	96
1328	4304	901.3331158	66
1329	2837	490.2968231	133
1330	2580	1587.642302	85
1337	1768	267.9228578	137
1338	2505	1077.441675	93
1350	2406	1177.888859	72
1356	3007	196.2838423	202
1367	6132	719.9587426	109
1369	2073	2016.717723	39.44033602
1370	3036	591.0665772	141
1371	3674	2557.178668	64
1374	3353	280.7185639	102
1381	3249	1395.327834	82
1382	4878	1442.919422	88
1383	4588	262.5511986	145
1384	4142	1153.263386	60
1387	610	1399.924051	104
1390	3042	1272.569927	46
1394	5216	879.5099293	57
1395	669	841.7298874	29.63817606
1396	3108	875.1357232	83
1397	4760	1014.547235	97
1400	816	418.2334624	103
1403	5032	352.8796014	122
1407	4450	443.922352	57
1408	5853	1045.135754	113
1412	2025	1245.580196	86
1413	4683	243.3176634	93
1415	1985	359.7488463	109
1420	3046	1547.608843	80
1421	1321	1342.501928	72
1422	5896	7239.170494	52
1427	3270	836.2508072	34.5675579
1428	400	2170.990101	59
1430	5968	346.0381896	126
1431	5827	768.5173777	65
1434	4486	591.8431072	68
1435	395	927.0945882	81
1436	3071	1026.448323	65
1436	3716	1013.102446	62
1442	2787	1177.953522	56
1445	3168	1164.10309	51
1453	3672	271.7144706	76
1455	3416	258.5991203	72
1458	3357	1963.684419	64
1462	4980	541.5047645	112
1465	293	957.9755964	119
1466	6064	986.0056742	39.44033602
1467	2670	1110.295935	73
1468	1861	497.3276177	157
1469	3427	4622.686244	55
1473	2264	2248.040853	76
1475	1757	978.1444619	88
1475	4461	916.6276441	80
1479	532	377.7363093	103
1479	4114	439.7267182	84
1480	4557	2296.142387	71
1482	5176	594.5237495	58
1483	4145	223.4915051	197
1484	1309	538.3569258	151
1490	4988	1067.501054	111
1491	2281	393.3063224	145
1495	4443	608.7821661	82
1496	3173	3509.236197	56
1501	1447	204.6764549	176
1502	1605	887.6712906	106
1514	175	706.232618	83
1517	2313	774.3020044	103
1520	3737	356.8612574	155
1523	468	330.338659	146
1523	1041	343.2842286	143
1523	1687	270.9236909	159
1523	2360	372.6943689	131
1523	4344	314.3872842	131
1523	5749	344.1576623	137
1524	2897	1555.567038	63
1524	5763	1396.332915	70
1530	427	411.8897335	98
1533	5177	327.5852883	79
1534	373	259.688183	113
1535	2072	1115.510408	82
1538	1938	2063.462114	46
1540	5996	975.4895119	59
1541	4156	374.8572088	128
1542	2617	1261.641171	114
1544	2678	1869.261123	53
1545	3376	207.6800387	138
1552	1009	224.3931364	178
1552	5007	283.4568099	156
1553	5237	1956.138866	61
1559	1165	289.7382556	111
1561	2958	439.4480091	134
1563	1858	333.2361024	98
1566	5541	2214.306539	91
1567	3777	2645.180231	51
1570	1653	517.4521334	105
1572	4699	208.5500544	189
1575	6117	520.3447396	87
1577	3002	1172.035775	58
1579	3832	2327.033996	60
1583	1807	1476.726958	77
1583	2896	1235.629551	86
1584	4161	391.4957738	115
1584	5938	395.706732	113
1585	4092	288.0698126	168
1586	193	385.7531415	183
1590	2997	1681.834969	106
1603	3893	644.5998651	98
1605	1259	764.3571026	110
1605	2353	608.3244648	125
1605	5825	831.9207379	98
1607	2541	690.8850998	100
1608	2581	278.7407512	159
1608	6088	334.0230828	158
1611	230	254.2895982	130
1613	1752	913.4120483	74
1619	4147	2651.585178	36.92365229
1621	2665	738.5764513	114
1624	1188	2116.397131	46
1625	199	351.0479573	85
1626	1648	395.496756	67
1627	388	286.319083	141
1627	414	375.0574907	132
1627	1986	311.842073	143
1629	200	546.4026665	57
1630	3839	612.0330243	161
1631	1362	1170.41087	56
1631	2531	1357.708813	47
1632	388	337.3133691	160
1632	414	480.1250363	141
1632	1986	418.544271	142
1634	3541	256.7525161	136
1635	3286	616.9768234	65
1638	197	1957.039731	82
1639	5746	382.7755907	176
1640	1137	692.186856	88
1641	6048	725.3777274	75
1642	2792	335.4487761	119
1644	1380	2271.782996	61
1646	387	536.8897176	159
1651	2000	1110.862982	78
1652	3279	468.0938336	68
1655	3671	1101.396933	82
1658	3676	278.6049192	170
1665	4552	367.6596112	127
1665	5086	356.6550809	117
1665	5412	231.6708917	147
1665	5597	262.4071057	155
1672	5406	1551.33915	60
1674	2510	877.0761934	100
1675	4446	245.0801305	151
1675	5526	240.0652304	144
1678	3834	1551.017102	67
1680	1210	724.6839002	125
1683	4376	1164.552605	107
1684	4161	406.6657195	105
1684	5938	409.7069916	109
1687	2081	355.0352179	136
1688	3673	1014.960451	94
1689	137	345.8861058	131
1691	753	336.178984	154
1692	85	384.5967745	46
1692	3510	416.3826865	41.21271655
1692	4055	295.1464427	71
1692	5442	360.7100984	57
1693	1483	356.0812109	118
1696	3155	2372.147301	52
1697	3374	298.9083926	101
1698	703	1639.16439	82
1702	2279	1620.791265	75
1704	4755	694.7273765	93
1718	4823	559.159946	109
1719	409	883.5096868	87
1720	4316	2355.469989	69
1721	4280	643.5493695	113
1727	737	1457.979965	85
1727	2889	1712.673321	75
1732	785	1665.639685	60
1734	2985	1389.870981	74
1736	4115	1786.309412	67
1746	2706	776.0571749	86
1748	5942	1808.34796	56
1754	3048	967.4206327	95
1761	4688	1412.055642	84
1769	2090	610.4485878	123
1771	950	1355.383263	57
1772	4939	472.8101827	106
1777	2838	359.8320906	114
1778	5565	539.8870793	73
1781	2143	1656.182013	45
1782	2303	708.987113	76
1784	4999	672.6696017	87
1790	3376	188.5088414	134
1793	4370	3007.971255	56
1794	5080	209.4068067	138
1795	4694	996.1971171	82
1796	5731	1461.134456	114
1797	3748	300.2662851	147
1801	2581	213.1071852	163
1801	6088	303.1802295	146
1804	4712	604.8191423	129
1804	5418	895.054764	112
1805	2055	1039.071633	107
1808	257	443.8668563	124
1808	2187	290.6861309	140
1808	5002	319.8112498	152
1817	803	438.3668828	123
1817	853	350.8972668	144
1817	855	402.633636	119
1817	1035	314.6211135	128
1817	1218	310.9940909	128
1817	2109	430.1947624	130
1817	2220	579.9296327	101
1817	5056	259.1645183	152
1832	1694	504.1814996	115
1832	4562	573.3925544	117
1833	3089	340.8149636	125
1834	1852	4296.244584	54
1834	2823	2984.122991	55
1835	1129	272.6935347	56
1836	6149	355.5610381	114
1839	2910	192.1658333	135
1840	959	1034.585163	105
1845	1907	1529.191075	83
1852	3692	3311.936149	49
1860	1572	685.217023	67
1861	1273	422.3819055	107
1863	3048	1139.571522	83
1865	5604	310.3633415	134
1872	4482	623.7803468	116
1875	5068	670.0655767	126
1877	1676	299.3829474	157
1878	3798	601.7484263	126
1881	1084	1112.932182	133
1882	4452	435.655473	101
1884	2257	3702.743662	67
1887	2258	353.8445476	110
1892	3309	755.0263821	89
1893	5143	863.2310341	109
1894	3921	2403.776601	98
1897	650	232.3139982	145
1898	4062	2853.953766	82
1899	1861	430.564032	172
1901	1036	463.5057312	130
1904	4527	577.4755866	78
1906	3875	1272.300945	31.65828812
1910	3979	764.2623625	94
1920	5287	204.2728825	176
1921	4244	897.8481484	118
1922	2751	668.5319351	92
1923	354	1570.725007	69
1923	1161	1478.135967	75
1923	3950	1421.035982	76
1924	914	1036.501826	106
1926	5006	2089.06267	36.92365229
1931	4672	473.3441691	119
1932	3527	1469.348108	68
1933	2743	727.546229	92
1933	3887	921.1233172	81
1939	2328	806.8108492	132
1940	3965	534.929066	99
1941	4001	325.3888406	127
1943	28	286.027958	149
1943	3966	352.5238473	131
1944	78	738.056116	83
1945	3033	1782.909898	99
1948	3597	215.1744254	128
1949	181	1731.215387	57
1950	195	1294.20552	41.21271655
1958	5465	320.4600293	69
1964	3704	1988.390082	67
1966	3370	333.1038835	69
1968	9	322.4068947	98
1969	3708	625.3484087	90
1970	601	498.7029912	91
1971	5977	1253.795321	71
1974	2149	849.7392603	96
1976	2407	535.3323347	105
1978	3410	322.383676	101
1986	3713	510.9732068	110
1989	4760	937.6360705	106
1990	3376	316.822788	108
1991	2828	525.2252355	117
1991	3021	553.4718099	115
1991	3207	438.2622419	113
1993	2820	524.5988728	121
1994	5619	216.067668	215
1997	5198	1295.828441	88
1999	5814	1229.833188	93
2000	1668	782.0231422	37.7441779
2003	4732	880.5987556	101
2004	2385	477.0099255	110
2006	5654	320.647277	155
2008	5606	634.9809539	87
2010	3403	5890.913049	48
2012	4331	378.7359199	118
2020	4500	553.1146884	84
2022	4164	477.1952479	99
2024	3751	188.4419007	170
2024	4403	207.3890945	191
2024	5863	236.1221284	195
2025	4377	1909.160601	120
2026	5167	497.0893067	126
2028	354	1857.192461	59
2028	1161	1924.505103	60
2028	3950	1753.69423	62
2029	4289	445.7294093	179
2033	1121	491.8292046	137
2033	4042	257.5195298	146
2033	5855	264.5168729	128
2039	5068	641.3553779	111
2040	1103	346.7568076	160
2042	1796	451.5794752	114
2042	1864	419.8950363	117
2042	5859	412.7005972	107
2045	4295	1206.2354	71
2046	1873	406.6353835	114
2048	5019	604.3427025	77
2049	5699	597.5376211	107
2051	3125	726.1689487	84
2055	890	202.8910133	119
2060	4729	2834.45452	70
2069	690	342.8399231	149
2069	3166	311.4665269	151
2071	2914	1470.574368	69
2075	5813	1005.031519	62
2087	5400	717.3082103	64
2091	5736	540.6258823	110
2093	2993	5927.066525	37.7441779
2094	976	302.797908	114
2095	5599	727.2981135	89
2096	3606	547.7756228	105
2098	498	263.3251971	151
2098	2481	370.9294928	126
2098	5904	218.1354465	150
2104	1337	443.2715849	115
2106	52	615.5571946	46
2107	2880	820.5548702	128
2109	3565	2569.391688	38.58293741
2113	2178	1622.604746	85
2115	1593	574.2570966	82
2115	5839	472.0453394	99
2118	5981	740.6126464	47
2121	6168	284.9394182	124
2122	3798	554.0430161	124
2132	4998	429.6270241	69
2133	98	1371.441209	89
2134	4670	1016.007686	81
2135	3071	1014.807748	67
2135	3716	911.0876778	72
2136	356	866.3459707	47
2145	1621	208.053499	151
2147	5658	1163.22758	112
2151	1842	1247.017098	60
2161	1991	490.1922526	103
2163	1926	2315.064585	66
2165	4424	1488.729023	71
2168	4983	515.9167798	78
2171	5150	2260.310037	73
2172	3877	1983.542932	108
2173	2933	258.6130763	143
2175	4872	677.3631737	105
2178	830	222.7618443	180
2179	358	539.2759923	109
2183	4161	421.1230553	104
2183	5938	403.998272	108
2184	2867	4240.556945	42.1285547
2185	1922	2527.72249	95
2189	5559	1149.22473	105
2190	10	842.9601528	100
2190	4928	878.5148895	94
2192	1475	720.5197438	108
2193	4174	307.9671484	139
2197	4329	2049.938896	69
2198	374	1177.958366	89
2198	4710	995.7092951	104
2199	2146	1011.075454	84
2201	3478	2835.572325	81
2207	5395	648.3494195	63
2212	5639	3227.606685	23.27303253
2218	811	1299.399233	78
2224	6071	1761.381015	51
2225	5295	1123.830807	80
2228	6231	353.2768121	86
2231	3245	220.3896266	122
2232	1266	694.5296074	70
2236	3216	489.6318672	106
2236	4786	612.6202615	90
2237	165	381.9556547	203
2239	3409	401.5411481	108
2243	6164	271.5315467	151
2247	5937	1346.052001	102
2250	320	313.8686381	156
2250	1934	357.1150278	144
2253	2640	1044.722815	82
2253	2791	898.568539	96
2254	2963	377.0799458	146
2255	1888	3283.829073	32.36180563
2258	4336	454.2757241	137
2258	6237	417.520218	137
2259	2750	866.6189803	105
2259	5717	601.7065599	120
2260	6187	345.5287975	115
2262	6045	231.4799347	118
2263	2807	3113.169685	32.36180563
2264	5533	2441.411353	74
2265	3603	576.086609	74
2269	5065	1083.74066	103
2271	4694	1228.819544	75
2276	3535	310.4902839	133
2284	5601	195.2650058	122
2285	3049	322.0252686	123
2289	3617	202.5463426	146
2289	5728	377.2294484	139
2291	2683	1342.40262	74
2294	1166	1197.959768	106
2296	2274	446.2428374	85
2297	5305	1389.038089	59
2301	3810	2674.656626	67
2302	2402	415.0269074	147
2304	5959	1499.481693	58
2312	649	1411.058826	48
2321	3561	720.2346054	87
2324	4161	406.8323185	106
2324	5938	409.7069916	109
2326	1202	544.8697615	111
2327	2902	418.4175935	121
2327	2906	415.1247792	121
2327	2926	419.3553112	120
2327	4023	414.8831899	121
2327	4454	418.4175935	121
2327	5283	417.3971611	120
2327	6070	426.4111578	119
2336	6205	1373.103641	50
2337	730	445.247508	190
2340	5947	319.7455981	131
2344	5151	272.7146052	132
2347	3227	316.6139012	160
2347	4120	357.386658	164
2352	3793	928.437369	77
2356	1305	1680.241456	64
2357	4385	2319.076359	47
2358	2837	394.2242473	160
2363	4412	449.8340589	153
2364	5579	271.2643755	182
2369	1780	302.1916726	118
2372	622	925.0406616	130
2373	2894	2266.282877	77
2374	4236	1678.583837	75
2375	4643	813.5098247	119
2377	1087	786.9430082	115
2378	5366	2331.157535	56
2379	5337	935.8053107	76
2381	4494	783.3886065	77
2382	1064	1052.000847	71
2384	3580	1452.890006	60
2388	2814	1202.109663	90
2389	2935	413.605518	103
2391	373	202.724394	126
2397	1216	220.4036803	117
2398	3858	290.923821	180
2399	3715	281.9425233	181
2399	4281	321.8838765	193
2400	1067	2068.172174	51
2401	3509	632.9482083	91
2403	67	674.1517798	148
2404	1339	854.6617167	110
2405	3665	1769.999182	102
2406	1853	465.1826239	100
2407	600	216.4722946	118
2409	1685	1001.662895	120
2409	2646	1020.346679	118
2409	3529	992.7924421	117
2410	980	429.9819739	148
2410	3452	374.7220051	141
2411	3321	206.7109657	166
2412	5066	616.787598	136
2418	4535	2772.319181	59
2419	3962	605.889563	116
2420	1868	655.9052774	131
2423	2831	576.8753218	113
2424	932	1782.08198	32.36180563
2431	2580	1561.970799	81
2432	2139	467.1534949	112
2436	2747	1938.400807	52
2441	4239	644.9385484	118
2443	3816	833.1090363	49
2444	698	206.6255747	220
2444	5740	220.4297502	207
2446	1757	850.2625662	95
2446	4461	1074.621168	74
2449	1497	939.2003985	103
2449	4047	686.6502814	114
2452	474	286.853969	82
2456	196	767.7913455	90
2458	3629	799.4200301	78
2460	5848	1199.438986	85
2463	5815	1125.914871	110
2466	87	899.2307278	100
2470	3433	203.43963	126
2471	4765	806.2279849	78
2471	5697	775.3913072	83
2480	1728	239.4862091	152
2482	1600	1236.320547	93
2484	4883	227.2080995	153
2485	986	438.3322265	68
2486	2921	814.044795	89
2489	4988	840.2594278	125
2491	5473	1306.250354	92
2497	4921	507.5406003	146
2499	852	496.4752786	66
2501	1203	308.6520976	164
2504	5139	3962.754838	58
2506	5871	565.8725586	97
2508	1115	2614.4926	57
2510	2376	530.3244059	80
2511	3489	418.5530237	118
2512	1592	381.4241771	168
2512	2930	256.8835003	188
2515	2227	546.1374698	119
2515	4774	553.7925719	123
2517	636	199.3420167	154
2519	933	338.6276645	133
2521	3816	898.7728374	52
2524	1851	204.4442418	132
2531	4030	736.6843821	95
2535	5662	1056.962803	123
2536	1276	1383.069327	79
2537	139	342.9898215	124
2541	4406	811.878233	83
2543	5037	1809.914672	59
2544	1217	1902.314415	61
2545	5802	813.0002809	47
2554	6192	2080.736986	94
2555	4206	528.646469	173
2557	4804	1703.12603	52
2558	5610	819.6387912	69
2563	1399	335.5936351	151
2563	2511	224.7128111	185
2567	4111	1129.751324	97
2572	5820	671.4734711	38.58293741
2574	311	184.2670114	188
2576	216	303.2564131	79
2577	2138	2132.481588	57
2580	2770	1066.933759	75
2581	4460	360.2707116	77
2584	1575	1776.38706	59
2588	2520	818.1697302	96
2589	2018	1326.144446	98
2589	2795	1394.547985	93
2590	884	248.5338122	138
2591	1850	244.8080898	181
2593	5000	1200.495442	50
2596	3981	415.6124536	137
2598	2386	341.9455663	174
2598	3892	322.6223062	164
2598	4048	312.3530879	191
2599	4564	572.7666746	67
2599	5780	620.6766089	59
2600	4591	1365.727957	138
2601	1089	1208.738278	83
2602	4397	3437.626032	33.08095687
2605	3728	463.1361772	145
2611	3667	852.1291344	38.58293741
2613	1744	1614.718501	138
2626	4473	451.553883	122
2630	1657	658.7687966	146
2631	4666	435.2427027	95
2632	3845	412.280883	138
2633	4165	2485.869136	76
2639	2011	884.5369106	115
2641	2506	276.2546566	124
2643	2464	968.7570945	120
2645	2654	1101.842639	152
2647	5798	1951.331164	52
2654	257	345.8707183	141
2654	2187	265.9389723	154
2654	5002	316.8812068	128
2655	3568	1081.721025	74
2657	2618	443.46603	119
2663	4255	1126.850982	103
2663	5723	1157.87247	103
2665	5599	773.1719501	79
2666	210	671.3301435	117
2666	250	654.8457322	110
2666	1170	738.6248175	117
2666	4162	772.3114646	107
2668	5822	1540.889156	29.63817606
2675	5699	515.1384841	125
2678	1391	753.687772	78
2680	4399	462.0972819	124
2683	5546	2268.138563	83
2684	2330	1873.946455	60
2685	5650	343.1418738	142
2688	6155	628.3654872	66
2692	2086	264.9088382	141
2692	4085	325.0853727	138
2693	1562	2488.872671	50
2694	2112	1003.548581	128
2697	4901	851.7469502	120
2698	987	360.7482661	122
2699	4971	914.783616	88
2701	6008	595.6178172	56
2702	5126	1398.525769	63
2709	3660	1470.828758	87
2712	2393	227.0700207	154
2718	2524	1465.687467	80
2719	4534	4496.833198	51
2722	6102	2117.566084	56
2726	3648	2657.924246	70
2729	1549	452.9613014	117
2730	2267	1330.239631	34.5675579
2731	3457	901.14404	98
2733	839	688.65334	156
2734	971	392.2772958	125
2734	5234	389.4849959	129
2738	273	811.4500208	99
2738	1172	936.0292605	98
2742	3339	288.682703	78
2744	8	248.3207581	124
2751	2664	186.1787999	154
2755	5120	232.2486955	182
2762	982	3130.745277	49
2764	2199	1227.395694	96
2764	4119	1288.646787	96
2765	3865	969.7312055	74
2766	850	460.9001497	146
2766	991	501.3996534	137
2766	1891	524.2695246	143
2766	5488	491.6949688	138
2769	5343	492.7437542	114
2775	2656	728.6112155	107
2776	628	2166.572929	76
2777	5302	773.8804231	65
2779	5294	3713.261118	59
2782	5654	378.9024691	153
2788	3784	2966.446533	80
2789	11	417.8141583	154
2791	1857	452.7853376	55
2792	5512	1481.092666	110
2794	5550	677.36156	87
2796	5767	524.3928728	171
2799	1263	519.5774717	113
2803	5179	621.9904894	68
2805	2874	219.6016291	129
2807	589	3161.369795	92
2808	1206	286.283266	151
2808	1743	283.1383924	164
2810	5504	313.5997317	206
2811	2075	567.4114605	97
2811	2944	354.2621292	113
2812	1438	851.1503223	95
2813	6183	551.7867239	77
2816	778	346.5973703	172
2819	5991	686.4372887	69
2821	4771	1084.559519	48
2823	5856	609.0205365	74
2826	329	1210.40939	53
2826	442	1238.443797	51
2826	1473	1048.286157	61
2826	2729	979.3370399	68
2828	380	1988.200687	55
2833	5362	582.8702332	24.859302
2836	2974	659.0346159	106
2837	875	263.4663305	112
2838	6125	361.3413878	44.02173913
2839	4746	239.4545589	173
2846	2297	690.9593758	99
2849	468	401.8783752	139
2849	1041	377.2849244	154
2849	1687	352.0750972	143
2849	2360	446.0495283	118
2849	4344	410.6825723	140
2849	5749	400.4378976	125
2850	6229	323.5439225	136
2852	1704	624.6624608	143
2854	1076	1133.41252	78
2856	1388	2444.667579	75
2863	1592	511.9558553	152
2863	2930	246.3797089	198
2866	6173	2290.724722	78
2867	5734	614.7143174	145
2871	5726	1530.248589	49
2876	317	2182.772248	51
2880	3644	1221.66581	53
2881	452	309.4098238	158
2883	2107	182.220528	191
2884	3123	888.0830736	88
2886	631	4060.235132	72
2888	5948	381.9418198	131
2893	3205	754.6309246	71
2900	663	428.3862586	103
2900	6139	207.2132777	116
2906	1991	316.0242023	133
2907	1055	2212.074699	32.36180563
2907	5261	2056.65535	38.58293741
2908	1324	229.4149208	73
2909	2685	2260.85433	77
2910	4738	1522.375268	102
2911	5243	832.4484372	87
2915	5631	506.6431225	67
2920	2980	747.3949657	70
2922	3929	220.5727953	162
2931	3535	354.2700302	123
2935	1746	2161.689023	47
2937	3803	1696.366515	67
2941	5918	598.6505597	129
2944	2282	259.3972556	115
2945	901	517.968079	179
2946	4639	2138.340403	34.5675579
2947	4881	757.1107704	110
2950	2663	319.7271142	131
2950	4359	436.5458359	122
2950	5536	322.0674513	108
2951	818	195.9666474	197
2952	4306	272.8541005	169
2956	3523	422.1971267	121
2957	103	265.1392961	160
2959	680	823.9135792	98
2962	3202	462.4336713	78
2964	1796	470.0038558	128
2964	1864	438.331848	114
2964	5859	228.861691	162
2967	734	2738.651849	54
2969	3347	384.4089021	82
2971	4219	3568.814863	75
2972	4421	1689.147004	88
2985	2921	815.1182915	91
2986	4455	452.4759298	125
2987	1226	3148.749807	40.31678793
2988	3988	570.674306	94
2989	4979	843.7731847	87
2998	6154	2312.865549	45
2999	3590	1629.502899	84
3001	615	329.9382143	105
3002	6075	1691.372619	74
3004	2384	724.1408328	69
3005	5144	293.2317907	97
3013	4434	187.9129142	174
3014	785	1548.844009	69
3015	5936	588.1360373	63
3019	1203	191.8539836	193
3020	2058	638.9269134	97
3022	4092	197.8048919	188
3030	487	1543.160279	75
3033	3673	1086.636385	84
3037	456	562.2877936	75
3042	4129	2947.901784	60
3047	1624	1931.974075	69
3047	6184	1932.412386	69
3048	4573	311.4149972	106
3049	4015	236.0225067	131
3051	506	723.5887839	78
3052	4274	405.2841175	116
3054	4248	346.5201045	156
3055	2129	479.9081546	165
3056	3440	447.1183108	196
3056	5344	561.0862677	181
3062	2491	2397.681917	60
3062	5758	2570.8457	52
3063	2756	1004.74318	113
3065	3121	879.2429029	105
3068	1168	205.3823392	157
3071	3934	644.1935939	117
3077	5538	203.7933219	73
3079	2179	747.7719476	61
3082	5378	912.5132233	119
3083	1703	2625.677415	54
3086	27	1076.219383	72
3087	2203	612.9314594	109
3088	2281	336.7898056	156
3089	2645	798.7881487	123
3090	4161	402.6890968	105
3090	5938	416.3736426	106
3091	502	426.7329668	140
3091	1754	530.3850432	127
3099	3123	668.8811625	103
3107	468	318.6546214	151
3107	1041	550.6319332	106
3107	1687	226.7231936	169
3107	2360	368.261741	144
3107	4344	215.1285248	189
3107	5749	390.8601966	128
3108	85	363.1540485	51
3108	3510	375.2350749	51
3108	4055	311.5911524	66
3108	5442	344.1550815	61
3113	1143	473.0194003	98
3113	2218	624.8495463	87
3114	5328	277.4374117	88
3115	5925	468.5417823	147
3118	6181	234.0225892	133
3123	2515	996.019684	108
3126	1155	1477.835896	42.1285547
3127	4757	322.0199755	178
3128	553	928.4761524	48
3129	6130	403.1028501	94
3130	642	804.3389368	100
3138	2785	290.4455072	172
3139	4161	434.9707947	98
3139	5938	446.3879966	106
3141	3882	3303.057547	76
3142	4880	422.3876655	78
3146	1301	738.4147819	111
3146	2224	533.5432914	117
3148	879	440.5096935	136
3153	993	525.7240498	44.02173913
3155	4182	367.1071448	142
3165	2581	253.1322514	176
3165	6088	265.7072849	170
3167	5978	214.7815594	122
3169	4970	752.2953471	97
3170	803	358.8518711	137
3170	853	313.3126346	150
3170	855	364.0280613	140
3170	1035	332.2769482	144
3170	1218	390.2607654	130
3170	2109	373.2858607	138
3170	2220	393.2728062	129
3170	5056	221.8517838	149
3171	5787	191.5795274	172
3172	1044	1184.605567	64
3174	3371	980.4163631	90
3174	4049	936.0553038	90
3174	4312	984.8752126	88
3175	2690	3187.120243	52
3177	3319	922.8723509	56
3178	3563	617.5988679	108
3181	5599	494.677852	95
3183	5348	1395.531954	83
3186	4604	727.0229197	106
3198	4179	272.8656148	119
3203	3248	1030.50692	108
3204	2862	1886.673995	87
3205	2411	674.343728	118
3208	4871	790.9141143	76
3209	5662	1083.59756	120
3210	2488	599.0060869	213
3211	144	694.5063872	102
3218	2942	611.4863971	87
3219	386	285.9883278	148
3220	6123	942.5506442	110
3221	850	479.1172048	141
3221	991	418.7501969	154
3221	1891	509.5831829	145
3221	5488	385.4107326	160
3222	6166	1714.855169	82
3223	1790	1037.006923	79
3224	372	1785.079718	48
3228	1806	452.1262035	94
3229	133	1148.208056	88
3229	592	1253.846447	83
3229	1213	1058.198411	84
3229	2732	1214.041366	90
3229	3731	1005.458228	104
3229	4291	886.5093162	93
3229	4717	1116.915441	81
3230	749	238.2651548	144
3232	4767	771.6856825	111
3239	4446	307.5100343	126
3239	5526	260.9550554	139
3240	4631	2536.179355	49
3243	1838	524.3845278	148
3244	5009	560.7752333	106
3245	3385	917.8078316	85
3247	2168	1075.270132	80
3248	5806	887.4610471	109
3251	2163	413.4758863	164
3254	5770	888.6265132	81
3258	3732	608.6998303	106
3259	4552	236.1089789	153
3259	5086	196.6673637	162
3259	5412	319.6012903	134
3259	5597	203.7919855	167
3260	269	938.2027608	89
3260	1271	850.3886761	103
3265	3912	912.5356963	77
3269	4141	193.3388469	120
3270	3358	221.5628365	150
3270	4752	272.0209784	116
3271	887	780.0033861	42.1285547
3272	3867	799.0855246	105
3275	739	899.6998127	63
3276	4972	1112.493787	63
3280	19	320.4356239	132
3286	2988	1058.955391	93
3288	3675	3836.340382	40.31678793
3289	4502	571.2638913	27.74696714
3292	3747	789.740142	100
3292	6018	728.6627871	98
3300	2613	821.1771167	56
3307	2326	3310.492731	82
3307	5843	3784.394403	76
3309	3842	1191.698544	90
3312	505	295.8464501	111
3312	580	237.4639911	126
3312	3317	314.0113057	110
3317	5339	1128.953279	91
3319	3148	258.5625242	161
3320	3889	871.1343164	102
3323	4478	493.5068196	131
3328	1517	520.0141673	125
3328	2575	561.6794131	130
3330	1500	1278.942473	89
3330	1945	1039.219528	101
3332	1483	374.4801641	109
3333	160	361.1969935	137
3335	2528	632.6646026	117
3336	4585	824.7073769	94
3339	4432	215.0893404	166
3342	4597	483.7451	150
3344	540	951.8631719	95
3352	2893	1103.386155	108
3352	3431	1084.683739	108
3355	2059	1750.10861	112
3364	607	339.9502487	160
3365	1417	564.287905	71
3365	1569	642.1158622	63
3365	4021	628.8825629	67
3366	4161	464.003031	93
3366	5938	374.0630022	114
3369	726	785.951679	73
3371	4634	1151.928716	67
3375	1732	312.3549447	80
3377	2413	1074.436638	47
3379	1944	283.1683225	126
3383	5525	1905.26355	101
3384	1809	465.0667943	73
3386	2451	3235.535732	60
3387	4668	1389.55202	139
3389	4111	1017.407218	103
3394	2452	999.7674887	127
3394	4309	437.0316479	145
3395	3729	769.8247467	69
3396	5156	201.30835	176
3397	4740	309.6608522	205
3404	375	307.9149245	73
3405	2590	258.00979	157
3406	85	393.2270274	42.1285547
3406	3510	376.4568976	48
3406	4055	328.9368629	63
3406	5442	374.8096832	51
3408	107	233.6326741	90
3410	892	1593.484705	107
3413	6136	1130.635971	50
3415	3428	3326.623316	89
