6	11082	389.6783029	125
6	16258	436.5723765	139
6	23885	425.0222874	144
21	12215	520.9551565	105
21	15524	524.485035	104
21	19870	527.0194057	104
53	1864	252.7710707	119
53	22240	249.9146396	130
53	23653	253.3771864	116
77	11991	500.4769575	121
97	22842	689.324166	119
108	22351	2740.094597	59
147	21802	1572.136335	49
155	19964	1108.557403	96
159	3134	1087.215785	105
159	23184	1143.421091	104
163	11791	359.825529	106
163	21955	411.6376518	97
168	2418	2057.041362	57
168	7013	2108.141901	54
168	8407	2076.126072	54
168	10548	2085.251014	54
168	13881	2117.036608	52
168	15994	2097.577364	54
168	17281	2105.030282	53
168	20419	2108.141901	54
183	4169	223.3284918	178
196	7792	1840.637906	72
207	4250	283.0169519	81
207	5116	279.5267029	80
207	6733	275.4070909	84
207	11367	271.7447095	86
209	21562	216.9557497	137
223	791	260.563953	157
231	12373	256.5028757	186
235	5266	744.9551609	64
235	27524	709.113005	67
252	25237	738.7050877	75
271	25899	756.4302602	83
275	20659	208.3655064	119
319	11364	446.4993284	126
319	14413	401.2735939	128
319	17945	442.6072368	132
319	25312	396.1246172	128
331	8893	2017.319675	70
346	7562	1338.927656	65
346	12285	1323.111159	66
354	13393	4078.672877	59
366	18429	862.5581293	47
385	20036	1039.647611	71
385	22105	1039.033533	72
400	2445	1168.043027	85
400	10080	1176.53352	85
400	17731	1146.285712	86
403	18757	1282.074207	39.44033602
429	14188	419.502332	119
429	17951	692.5612125	103
430	11752	187.442131	186
439	9044	1702.721038	86
440	21075	217.4325089	182
440	23166	203.3390483	175
450	17384	819.5717503	78
450	19850	801.8128946	80
450	27017	821.047117	81
455	3823	920.1511166	104
473	22074	181.9824847	137
489	12834	565.4220245	72
489	26363	662.7149191	73
495	21269	654.784549	73
495	25751	654.784549	73
495	26572	654.784549	73
503	14290	1358.176617	91
503	15377	1367.024006	86
517	15240	567.4043668	128
523	4463	477.2861334	108
523	16945	525.7237488	105
523	18503	459.6333934	107
525	14496	690.978868	55
525	15236	691.8661389	49
525	21579	691.8661389	49
538	10233	262.2727153	158
538	13793	269.4750005	151
539	16346	881.9667035	106
539	17964	779.0383765	112
539	23916	882.0076692	110
544	10536	234.4591081	209
544	12714	266.7272946	181
552	5551	357.2408457	177
552	18975	279.0111442	179
556	15134	383.7845924	170
556	17533	532.4049981	168
561	9523	1086.213057	83
561	11309	1082.235664	83
561	16675	1054.612004	84
561	27180	1078.920724	86
573	6418	352.0528579	108
581	23724	2540.377518	45
633	9438	694.2140879	81
633	19747	696.2322363	81
666	3716	791.014057	70
666	20425	845.9469699	64
667	470	223.6834029	160
673	13012	2197.022862	82
708	13523	281.518692	201
708	14555	244.4721457	202
708	17787	243.0760457	202
708	18352	239.0901067	213
712	12663	1166.750781	66
712	22794	1166.211097	68
719	7804	443.6769219	139
719	12665	459.1525996	137
724	5135	664.6467281	89
724	5837	684.5365551	89
738	11614	306.3953643	117
752	13496	497.9324593	132
764	10891	1183.408893	79
764	18970	1233.530643	79
764	19887	1222.422378	81
764	21353	1213.437068	82
790	287	251.3381986	125
790	2877	242.402737	131
790	10979	275.0272825	122
790	12281	239.4810172	126
790	19632	257.8038673	125
790	21621	243.5929614	124
790	21641	215.0226579	143
792	9504	553.78941	86
792	12096	529.1540526	87
792	14386	616.2422398	82
800	24692	1447.614912	97
800	28003	1432.388864	98
824	1244	352.1144823	123
824	5544	463.5062762	113
824	6032	302.8872203	133
824	10902	507.7744308	113
824	19235	492.0752404	115
824	20689	511.1572926	109
824	24790	436.9761584	116
824	26830	310.7079409	130
824	27943	466.2761095	116
834	6961	258.4753749	229
850	20396	1036.722541	77
865	2174	747.7420087	63
865	2361	743.4982331	63
865	2858	741.012055	63
865	3581	672.926954	67
865	4209	754.8661517	61
865	4773	710.6697751	64
865	5061	716.2648274	66
865	5079	668.7269683	68
865	7485	795.3493341	56
865	9351	804.215026	58
865	9448	775.5167501	59
865	11294	679.0685301	68
865	14076	766.7494153	61
865	14326	750.6169687	63
865	14673	755.5311379	63
865	16056	665.4564531	65
865	18293	677.3832139	69
865	19971	725.6103632	65
865	26762	715.0586674	66
865	26846	729.4907192	62
865	26989	686.2825116	66
865	27061	655.8639988	65
865	27615	810.8124892	56
879	9710	1062.717883	118
879	11276	1066.278878	116
899	10002	713.7242013	57
899	20478	708.2995874	55
911	6465	282.4972693	152
917	3601	751.2941281	78
917	4644	790.795777	76
917	4778	778.9099267	77
917	17043	797.2628644	74
937	1841	382.2072914	128
939	7247	1215.922069	97
946	3812	1087.270286	76
946	5653	1079.132279	77
946	21890	1120.552119	80
946	22220	1128.382511	80
951	8968	684.2215327	134
951	12757	685.5433837	134
951	13786	684.2930442	129
955	12478	1989.954703	71
960	25588	265.9836701	126
969	26092	685.1851894	77
970	12603	1584.879344	128
991	3324	381.508641	77
991	3497	314.6338137	78
991	4547	381.3192782	77
991	12385	357.2609979	84
1004	5412	660.8898493	88
1007	23358	505.2751875	103
1046	9438	646.0271417	89
1046	19747	648.0439566	89
1075	4300	474.6663804	125
1076	8598	571.7357435	91
1076	14409	575.479405	91
1087	16799	448.2322027	85
1087	18302	470.6898225	81
1097	4581	939.610411	40.31678793
1097	9566	935.7533874	37.7441779
1097	15653	936.901598	37.7441779
1097	22340	926.2769779	38.58293741
1103	20333	182.3095799	250
1127	4233	740.6700596	124
1127	5008	805.9557079	127
1127	20411	869.3559678	122
1127	21814	853.9784945	122
1130	7727	1054.039711	87
1130	7800	1042.250642	88
1130	17383	951.3541955	86
1169	23029	182.6549933	181
1172	5806	374.1786567	152
1172	14501	386.4572944	142
1174	11407	199.858187	173
1174	23066	189.957895	174
1181	11354	218.824881	140
1187	13035	1077.869846	67
1191	2672	350.4104527	144
1191	25947	333.538318	145
1196	19002	356.6477182	99
1196	25053	349.5453123	98
1230	940	2262.421753	94
1242	9216	205.0677487	176
1248	7347	311.8699552	45
1248	8831	320.9335537	42.1285547
1261	13757	1532.780635	109
1261	25722	1631.396417	112
1276	9039	894.856985	48
1276	12120	902.94911	44.02173913
1296	16179	654.8993224	115
1342	17073	379.3688112	164
1352	17188	915.4802531	109
1370	19198	1214.11605	59
1380	15123	927.311105	119
1386	17278	384.3798675	115
1386	18358	358.5809014	108
1386	20424	373.8887737	108
1386	22663	371.3365795	117
1386	27391	379.9726022	109
1390	18632	271.8558829	178
1422	18289	908.2171813	111
1433	3223	729.4438456	79
1449	3616	491.0389874	92
1449	6806	531.1747264	85
1449	27811	529.729892	84
1458	23136	381.1765261	152
1462	5798	779.7346777	102
1464	23670	235.4689479	197
1469	2487	439.3857837	132
1473	19507	534.1775205	43.0647448
1483	25068	296.1662436	133
1504	19588	1436.029437	131
1510	21830	1144.606953	96
1529	1285	1379.953557	108
1529	2712	1403.067079	108
1529	22275	1384.176556	108
1536	3331	296.156861	172
1536	18621	307.7399839	169
1552	22405	342.5339215	131
1552	25983	435.920539	132
1552	27066	403.4174109	142
1553	11069	962.6058806	110
1563	4411	599.4213809	82
1563	16620	605.4095456	81
1563	21291	559.4979603	86
1567	13702	640.2709585	140
1575	18427	2796.152611	53
1593	749	1700.890655	76
1593	3565	1836.365279	76
1612	6861	628.4581595	97
1612	14236	666.813826	90
1612	27318	666.9621502	91
1616	17947	247.4407435	54
1616	26653	247.4407435	54
1623	3973	345.9621724	137
1623	15555	334.5344491	130
1625	6530	231.3887504	115
1625	13920	228.4984033	119
1634	4919	617.663421	169
1634	10740	582.2232112	167
1634	15356	586.3823576	172
1641	8749	485.7543968	104
1642	9754	245.9483293	134
1642	9844	228.3492413	132
1642	15112	242.5945221	133
1659	8439	181.2643111	151
1664	557	1376.621571	71
1664	1836	1335.776804	73
1664	12435	1271.429088	78
1664	12750	1352.961108	75
1664	13538	1340.570677	74
1664	15435	1346.121818	75
1664	19926	1380.979618	73
1664	21852	1352.52428	76
1664	25843	1268.213757	80
1664	26987	1340.676317	75
1673	439	1308.984398	32.36180563
1673	2190	1308.984398	32.36180563
1673	2393	1316.045272	30.2968022
1673	7524	1306.205905	30.2968022
1673	12095	1310.04689	32.36180563
1679	17676	2275.924734	73
1679	17860	2653.308904	79
1679	24735	2984.586863	77
1693	7944	202.2237943	172
1732	4139	297.5090997	131
1732	20218	305.3800625	130
1750	6178	893.8934973	54
1750	20497	936.0900572	56
1750	22585	962.3873071	52
1753	20423	926.5040833	115
1771	5279	1550.048925	91
1780	2810	229.0726397	158
1780	11718	211.8680905	154
1780	26574	211.5330333	151
1801	23974	2240.995386	54
1826	3530	1318.100723	121
1826	9040	1474.627957	119
1826	12708	1364.961629	124
1826	16417	1380.909201	122
1826	17984	1402.936501	121
1826	23006	1390.892006	123
1833	2864	1458.880156	76
1833	8903	1622.094504	68
1833	17210	1557.063083	70
1833	18446	1512.198678	74
1836	1228	1328.674402	107
1836	12964	1225.188903	105
1836	14748	1267.064895	107
1836	25531	1298.275134	109
1842	7657	466.9441903	90
1842	13963	476.9550428	89
1846	17089	2610.057894	113
1893	858	904.9742902	45
1893	12494	894.1731179	46
1893	14370	888.4518018	49
1896	8274	291.8067908	181
1898	17516	370.7438636	141
1898	27092	350.8710157	159
1922	4552	184.102684	172
1926	1399	3297.144402	63
1926	15539	3278.86475	63
1926	27471	3289.363635	63
1972	2453	371.1573453	93
1972	2865	361.063919	95
1972	12081	337.713282	101
1982	2152	509.7795519	112
1982	12084	513.0280429	111
1983	3326	470.5970582	175
1983	8986	444.8893423	181
1983	14218	512.6916353	181
1983	15895	457.5562278	186
1983	21745	462.5104181	178
1990	15903	286.4551905	69
1990	20432	283.9599179	70
1998	1745	386.6315189	93
2018	5539	207.5960241	92
2023	16377	228.8991291	139
2034	15778	317.9139156	137
2034	16106	307.8746102	126
2035	3812	1263.860002	74
2035	5653	1252.129975	74
2035	21890	1553.604113	64
2035	22220	1546.384378	64
2058	22382	536.7890427	138
2059	8550	1596.489958	82
2059	22239	1628.471116	81
2062	425	1336.573108	99
2062	3162	1337.421656	98
2062	13153	1165.221572	113
2062	14096	1175.412252	113
2062	16913	1203.864844	101
2066	3233	736.226531	134
2082	2933	758.2877475	120
2082	3981	798.4747403	126
2082	9970	794.9624992	125
2094	3426	2387.91135	62
2118	1559	814.4801846	73
2118	3369	815.7999391	72
2124	23152	198.2821079	192
2126	19301	1466.79291	72
2126	20752	1530.502478	67
2134	452	480.7748901	153
2134	5942	744.2717629	151
2134	16723	710.1223586	148
2134	26955	485.9148305	164
2145	394	408.9639657	156
2145	403	444.8014638	163
2154	440	436.8236575	105
2154	27606	436.8637305	109
2162	19160	455.2096802	144
2187	7225	486.5975834	74
2187	20032	466.6702075	77
2187	21781	468.1527814	78
2188	25768	184.0026922	114
2197	843	606.5653889	120
2197	5060	756.7444014	113
2197	8867	754.5273483	114
2198	4953	1345.508319	100
2198	10556	1351.868634	100
2206	1106	1398.380205	51
2206	3276	1419.262761	50
2207	24154	519.2922735	91
2207	26030	513.0649559	92
2215	1659	365.5430016	195
2215	21369	362.1980463	186
2224	21817	2010.608525	87
2224	25077	1206.712511	90
2235	5689	699.748721	63
2235	24616	687.3359372	68
2252	4777	233.4413555	158
2258	6418	314.5023156	113
2270	4281	717.9159282	102
2296	14252	298.5683454	147
2297	9384	280.2929078	180
2297	13212	270.4324526	166
2297	22459	333.6109002	174
2305	26348	478.6214621	152
2315	8271	1518.848867	68
2316	7621	1615.620503	43.0647448
2321	21883	733.1658639	108
2335	10620	480.851456	86
2338	6178	957.3506115	57
2338	20497	1038.434204	51
2338	22585	1030.011614	53
2351	3764	203.6117078	173
2362	4865	745.639092	121
2362	12057	670.3709742	126
2362	15518	718.8786268	121
2369	4596	303.3752389	174
2418	18105	3776.201293	62
2471	14125	1343.764253	84
2471	14966	1341.620982	83
2471	23781	969.8658047	86
2486	10927	862.2919529	32.36180563
2486	20169	906.5272299	28.36356641
2486	25012	873.3215765	31.65828812
2488	4142	202.0739324	233
2488	14051	187.9824878	275
2530	11358	196.4162498	102
2530	13466	202.3960559	98
2530	15244	219.1672158	96
2530	21070	244.1472378	92
2540	6482	1445.324609	65
2570	12848	418.3702831	132
2574	13893	199.723109	127
2587	3812	1096.274634	68
2587	5653	1082.808299	69
2587	21890	1167.475531	79
2587	22220	1163.046427	79
2590	25705	241.0021657	187
2618	6620	719.5826445	44.02173913
2618	22194	681.6128593	47
2618	23409	638.9413442	49
2618	26008	711.3823698	44.02173913
2619	10157	1589.11555	70
2619	19140	1618.908214	69
2624	16751	501.1847573	81
2645	2183	233.2676277	208
2645	6696	283.6373029	181
2645	23377	247.8718058	205
2660	12167	648.1745567	99
2668	25792	386.4783475	95
2677	4605	892.4087084	129
2677	27494	996.8963627	125
2685	3455	1367.44627	98
2689	3819	783.3333967	57
2689	4787	867.4353201	51
2689	10757	856.4058959	53
2689	12300	840.6707976	56
2689	14278	876.2769571	50
2689	15475	861.6788344	52
2689	17547	859.8035079	52
2689	25883	867.4812396	52
2701	6920	696.7051941	78
2701	26042	703.6061696	78
2702	1426	861.721014	86
2702	18597	877.6801913	83
2702	21506	867.5191788	85
2735	17838	192.7550332	157
2737	6081	1168.486667	102
2753	26794	728.9946636	81
2755	15284	248.2527468	152
2764	997	455.2003892	131
2769	2947	927.0592916	84
2769	17121	982.976465	80
2812	16636	556.4143863	112
2840	1523	532.6949234	144
2850	7098	965.6162885	119
2856	2747	378.6907203	223
2885	24381	241.7358707	173
2909	875	1426.292514	90
2909	9533	1435.872665	89
2910	1537	1631.233585	75
2910	5209	1574.132249	74
2910	27193	1617.799481	76
2917	2764	842.5741028	79
2917	27878	810.545994	83
2922	486	765.5081565	77
2922	18859	758.3784708	78
2923	6911	202.7998438	151
2923	27279	205.9109141	177
2927	8916	487.903895	122
2943	14619	1232.974142	98
2943	26621	1243.269844	96
2948	24050	199.7214096	137
2950	14505	362.0408423	215
2950	15705	341.4370168	214
2952	27165	451.5558278	157
2959	4127	817.6532441	56
2959	10962	725.8185765	67
2959	17684	718.8112071	68
2959	18136	815.7214832	56
2972	4090	436.541006	168
2972	8059	391.622959	169
2972	12948	420.8381112	166
2972	18961	415.1866084	168
2981	19343	181.1027699	184
2985	2160	470.930787	114
2985	18913	467.5737526	114
3003	13280	1207.140917	100
3003	16398	1227.388513	97
3003	17690	1279.661224	95
3009	15002	243.8680607	126
3011	13997	1332.512244	81
3011	25079	1321.566733	81
3036	19859	312.8768952	140
3043	10116	210.6354492	194
3043	27777	188.0583587	185
3048	19302	185.8926736	197
3052	26243	220.01003	127
3060	1286	411.4314885	150
3067	425	1316.494325	99
3067	3162	1291.735565	102
3067	13153	1346.767899	96
3067	14096	1359.907392	95
3067	16913	1242.360432	96
3092	3711	613.6702735	127
3097	24008	278.3987897	101
3097	27041	265.3794609	106
3097	27208	286.1673533	98
3099	16340	2182.092579	56
3116	6301	482.5154371	61
3116	14880	484.0740026	61
3116	25101	485.7833358	61
3116	27894	482.5154371	61
3130	5684	455.8065627	100
3158	1547	1231.312611	108
3158	4430	1025.455346	110
3158	7743	994.1015127	114
3158	16580	1038.832065	110
3161	5118	664.1476089	122
3161	8373	640.515831	122
3165	3213	577.4175521	95
3165	23469	566.0314513	93
3174	26608	276.4918179	188
3203	4030	892.4335417	68
3203	8057	856.7195496	72
3203	10068	893.3795181	68
3204	10067	239.8231014	128
3204	16046	187.5679305	119
3204	17311	209.6235805	136
3208	868	1223.911876	108
3208	17347	1213.966954	105
3233	14073	618.9757147	97
3233	27441	677.5146935	88
3238	4534	792.8891979	89
3238	6227	806.9353632	92
3238	24149	882.735634	101
3246	4560	505.519774	139
3246	20082	401.5623764	143
3246	25382	519.3087875	137
3249	11604	1224.787415	88
3249	24620	1164.76963	97
3249	28021	1234.264734	89
3251	16615	529.4278239	142
3270	8087	203.747796	143
3321	19525	210.4032056	138
3330	6494	215.1590699	193
3332	1244	299.6894518	144
3332	5544	496.1137438	117
3332	6032	268.3302568	148
3332	10902	520.3818638	117
3332	19235	497.7377629	120
3332	20689	541.9341768	115
3332	24790	472.9187635	123
3332	26830	259.3603682	150
3332	27943	497.1491487	114
3340	22166	3086.441399	85
3366	11257	1834.982354	109
3375	25243	691.3476746	106
3402	27809	1200.53347	126
3416	3770	1526.995207	89
3416	4681	1485.508444	92
3416	9925	1609.48047	85
3416	10911	1526.729449	87
3416	17088	1532.128657	91
3427	8820	969.7410017	65
3427	11917	979.3625895	65
3427	22149	969.7410017	65
3427	27000	978.7586432	64
3455	7670	917.7237491	115
3455	19181	888.7956336	114
3455	21063	958.9252545	112
3458	2953	257.2214687	150
3458	9481	260.3071103	145
3458	11983	245.7434166	147
3459	22080	777.7417098	47
3459	24490	733.8090524	51
3462	3428	338.9776924	145
3474	6293	392.8423859	143
3474	12860	366.2793348	141
3481	27328	1697.743659	85
3496	26082	1466.532822	60
3508	1064	185.4797301	171
3512	9068	201.6235435	145
3512	9870	194.9789123	148
3512	26620	219.3969603	142
3529	21729	1409.921983	87
3532	12621	600.903991	95
3532	23900	598.7979779	95
3532	25828	605.6387834	94
3532	26644	603.1530575	94
3539	15651	437.5740117	131
3539	16677	413.0036727	137
3539	26918	399.9414844	126
3541	21804	360.9883873	114
3543	4194	356.599155	143
3546	12103	476.2847235	113
3549	15146	2739.771869	103
3552	20924	1040.065276	34.5675579
3552	24452	1056.684837	33.81608925
3562	25993	555.146955	117
3568	24042	400.512033	113
3568	25410	392.1454362	115
3568	27538	414.9311197	105
3582	15711	308.5257256	233
3592	22690	457.0391974	133
3597	5382	396.7225598	113
3602	13390	1866.266147	48
3607	24329	695.9805662	122
3619	171	608.2864959	122
3619	1718	588.6488967	125
3619	3474	606.5644619	118
3619	8742	591.1964549	139
3625	171	584.0280776	114
3625	1718	563.4602468	117
3625	3474	583.9895499	126
3625	8742	550.7135398	134
3635	15025	2516.323701	87
3635	20450	2327.662033	88
3651	8208	923.2183416	162
3651	27283	926.1719877	165
3700	4049	588.6998914	108
3700	27778	571.121069	110
3758	26721	443.4421543	102
3764	19955	773.2587974	113
3771	2946	363.2803007	92
3771	19362	339.2865039	98
3773	92	406.3616209	69
3773	8387	363.1675767	79
3773	10669	408.5026032	68
3773	12975	398.3647226	71
3773	15625	410.1301951	68
3773	16122	287.7077185	84
3773	17229	396.4592218	71
3773	17338	398.1389138	71
3773	23223	387.354378	75
3824	3812	1046.62905	77
3824	5653	1036.098362	78
3824	21890	1134.832712	72
3824	22220	1145.076193	72
3839	27376	282.9122268	160
3857	26938	204.6690574	176
3868	5137	710.629449	97
3868	8345	711.6169118	96
3872	1931	852.0025732	62
3872	3551	847.3390503	62
3872	4619	824.386814	57
3872	5807	841.4629512	63
3872	6148	884.8131344	56
3872	13968	848.7674148	62
3872	15124	847.2544176	62
3877	13041	1692.883151	74
3904	5735	552.5510809	83
3914	23432	1817.464209	78
3919	5716	822.7781817	42.1285547
3919	21943	805.301186	44.02173913
3919	22924	784.9755268	47
3921	27772	491.753776	128
3925	452	411.6652394	178
3925	5942	679.8088076	153
3925	16723	687.7578164	150
3925	26955	475.056519	167
3927	6434	682.4212087	101
3927	10510	639.604869	102
3937	2787	216.6145144	116
3937	10432	224.5983876	116
3956	24203	1468.057043	89
3977	18223	376.2868287	114
4003	20410	589.1117944	103
4015	5952	1057.413749	107
4015	11113	1635.498687	107
4027	1138	627.3168463	136
4053	16806	1691.113174	81
4099	15516	2140.195816	69
4099	23817	2151.67196	69
4106	2060	589.9706699	90
4113	14476	560.3624862	106
4113	14540	519.6089342	105
4127	2004	521.5721673	177
4128	16820	1006.077677	143
4128	25257	732.6561236	147
4137	15621	622.1671085	106
4156	14444	691.9843375	94
4156	27495	619.2452053	104
4181	11162	307.7971183	116
4191	1692	338.0373331	183
4191	2048	304.4213018	194
4191	3198	325.7907041	171
4191	4052	285.4674226	196
4191	10064	313.7744492	193
4191	15223	302.2880411	195
4191	18267	300.4619109	193
4191	18971	307.5489452	185
4191	20469	259.3551755	194
4191	24378	316.0331996	198
4191	25876	285.7457701	190
4191	26817	329.42309	187
4192	820	610.5123911	53
4192	22595	598.5327974	55
4192	24176	609.9938433	53
4215	13328	272.6060193	161
4215	25612	303.1123757	171
4223	441	1641.869661	53
4253	3633	266.6229328	134
4253	15072	370.2655623	121
4253	17432	373.2761995	117
4253	22511	266.1165872	134
4256	7598	2567.581106	55
4273	15341	812.9675989	100
4273	24168	862.4873397	95
4277	13650	1779.655516	67
4277	25868	1643.667009	68
4280	5533	296.0718131	105
4280	19811	307.2222426	104
4300	3886	877.4572497	122
4304	24366	922.3953029	66
4305	960	1561.074873	126
4321	13736	378.9074938	178
4334	404	856.4558044	94
4334	27473	834.5584579	97
4349	12863	1856.942587	51
4349	14404	1866.268598	51
4349	17939	1805.594901	53
4349	18031	1805.510941	52
4349	19273	1782.515657	53
4360	15311	520.6580829	80
4394	3548	975.0841338	87
4398	9024	1180.715587	115
4398	14641	1236.614391	114
4398	20719	1237.446574	109
4398	21046	1226.738791	116
4398	24598	1215.640846	111
4412	6210	1577.290438	111
4412	14270	1548.391335	115
4436	17960	451.9994741	116
4446	14306	647.8252981	165
4452	5632	1958.340458	61
4452	12515	1939.024506	63
4452	20687	2017.31976	59
4457	14914	911.32352	61
4470	4138	278.4400044	170
4470	21688	321.1894815	176
4472	15079	484.5994071	109
4472	20738	499.0849167	95
4481	7975	664.7149704	93
4481	18468	660.6726849	93
4489	8202	543.9697846	167
4496	10054	1599.947087	66
4496	11134	1600.824765	66
4497	7618	417.2681209	84
4506	12762	542.2139982	89
4506	15095	541.7607177	89
4506	21768	553.1928086	86
4510	7160	528.9592894	111
4511	18574	549.3189632	89
4530	13052	445.283147	129
4546	11775	446.0506611	118
4547	8628	520.8518887	79
4547	14331	510.0163374	74
4547	18315	394.9666487	91
4547	18662	509.1645052	74
4548	8815	1214.554757	127
4548	19891	1268.542272	125
4552	1795	366.0595539	122
4552	20407	377.8143768	131
4552	26436	382.6717592	128
4582	4504	2663.948377	101
4609	2518	1672.934716	133
4642	3190	910.1831794	52
4642	11676	910.5807264	52
4657	22636	216.1773235	162
4662	25567	831.9445127	78
4663	4641	1579.399986	91
4663	20739	1590.898857	89
4663	21116	1579.531577	91
4670	27718	1032.216044	78
4673	557	1157.203708	83
4673	1836	1145.340666	83
4673	12435	1149.608665	84
4673	12750	1143.489436	85
4673	13538	1138.852414	84
4673	15435	1144.284647	85
4673	19926	1187.665455	79
4673	21852	1151.385878	83
4673	25843	1141.965961	84
4673	26987	1149.43405	79
4704	10784	285.1704667	145
4715	2465	360.5973377	164
4716	6283	304.5368797	142
4716	26736	283.4198521	148
4742	20594	1043.571463	51
4742	27012	1047.582489	50
4756	10961	644.1543265	117
4756	18588	653.3911591	114
4760	17066	455.7921054	114
4765	9071	579.0047624	139
4765	15827	585.6471025	138
4769	1007	195.5248135	180
4771	18297	1508.506437	130
4771	25116	1488.106133	135
4773	4010	342.0270185	116
4774	11750	952.3181529	100
4774	13124	935.5817834	103
4777	441	1570.11899	55
4803	24512	895.2640929	39.44033602
4813	4563	458.4884513	150
4821	14186	683.6122815	72
4821	18024	725.3652578	67
4821	27761	734.2894973	66
4829	4676	402.3139014	66
4829	8128	406.7008721	66
4829	16177	392.3357425	67
4830	10685	606.9483255	180
4831	12615	272.3959743	173
4831	19455	271.2055813	165
4831	20395	253.9033646	172
4841	14320	515.0183271	114
4841	18566	488.8284436	116
4847	10109	250.2488375	133
4847	18017	269.7120538	130
4854	4538	260.1579128	129
4854	12736	291.8263271	121
4854	17985	263.7881876	128
4907	2499	279.3856609	200
4915	5098	257.599832	189
4915	5856	226.1600928	186
4916	8652	464.3448609	85
4926	13042	303.9623541	193
4949	17633	1091.982584	113
4952	24726	198.5699742	165
4955	7750	652.6166496	90
4971	5830	4073.467302	17.87759777
4971	7346	4163.620524	17.10875968
4971	7595	4114.027231	17.87759777
4971	10616	4095.279879	18.27487772
4971	11620	4107.48203	18.27487772
4971	19167	4067.108057	17.87759777
4971	19240	4100.363869	17.87759777
4971	22170	4070.937258	17.87759777
4974	1460	1288.85041	47
4974	4338	1228.254781	53
4974	7135	1311.148365	46
4974	10504	1262.1569	49
4974	10932	1257.870167	49
4974	13030	1314.753229	46
4974	17472	1206.218855	50
4974	20388	1342.139036	49
4974	20979	1323.569038	47
4974	27322	1295.912025	45
4983	6876	338.284701	143
4983	19941	336.6244342	144
4984	15806	200.3800766	147
5001	25441	661.5838726	30.97006447
5005	23421	1745.555863	60
5049	1770	342.8355234	99
5049	14268	335.1349091	93
5049	16360	354.2534267	92
5056	4411	644.4534435	79
5056	16620	634.5973864	81
5056	21291	623.066276	78
5075	7547	443.417666	60
5075	15912	490.9520489	52
5084	68	633.823947	104
5084	18543	358.2640783	128
5091	8818	2040.954032	138
5104	1152	1336.198458	81
5104	3129	1305.081797	86
5104	4308	1164.195655	86
5104	7634	1283.371017	86
5104	11679	1307.058956	87
5104	12454	1278.868903	83
5104	13242	1229.26927	82
5104	15000	1287.762402	86
5104	15247	1246.284614	80
5104	17323	1227.564076	88
5104	19330	1301.516714	82
5104	20249	1272.76239	84
5104	22781	1329.298764	80
5104	25618	1093.313933	87
5121	6620	719.5826445	44.02173913
5121	22194	681.6128593	47
5121	23409	638.9413442	49
5121	26008	711.3823698	44.02173913
5127	24550	225.6718841	197
5135	17556	556.5197103	111
5140	19205	235.2766951	164
5146	21500	1718.965845	72
5146	26007	1736.440377	71
5155	12432	1449.926856	80
5159	11192	878.1135366	77
5159	19434	869.0862137	78
5175	15856	181.5891486	142
5175	24534	191.2220853	139
5196	3439	848.5271612	48
5196	24416	766.207729	55
5201	15900	499.1308096	108
5247	19270	198.8618071	120
5247	23709	199.4340767	127
5262	7811	569.2445128	74
5262	9268	615.3001493	66
5262	20903	609.9572332	67
5264	23669	1075.687359	87
5281	14800	419.7165934	131
5286	21158	1001.732972	93
5311	19869	986.3579408	106
5340	18498	375.2844312	92
5340	21842	424.0884263	80
5344	18918	1631.422937	69
5344	20562	1603.840277	71
5354	23478	823.4494996	94
5362	1979	266.6197843	152
5369	9438	695.624513	82
5369	19747	695.5355182	82
5371	27472	240.1236704	161
5376	12484	350.7316226	105
5381	4134	200.1598575	229
5395	27280	405.2670246	132
5400	23592	247.0487625	128
5407	20092	245.1517565	151
5407	24803	311.6667275	141
5416	24451	695.0276593	109
5423	11937	320.3108846	109
5435	4548	404.2614168	108
5435	10113	380.879591	109
5445	1225	1109.856063	105
5445	17574	1081.514281	98
5446	19327	1782.371991	65
5452	10385	509.9325975	85
5461	452	581.4132053	156
5461	5942	729.5575688	155
5461	16723	771.1707645	146
5461	26955	560.5003543	158
5476	8304	1170.364335	89
5484	4614	494.5487665	181
5484	5327	494.5487665	181
5484	8709	342.5102031	190
5484	24918	489.510848	181
5496	11529	1103.143902	121
5496	12951	919.6498332	129
5496	18042	862.4475588	138
5496	21564	1080.235417	122
5530	171	541.4344201	146
5530	1718	524.5183796	150
5530	3474	563.6749902	111
5530	8742	548.5604772	139
5546	11704	316.6572449	175
5546	24292	306.4213348	168
5550	19086	329.7733757	90
5550	25306	341.1799164	87
5568	25317	299.5666483	119
5573	10851	878.9613967	79
5578	5535	640.1220509	73
5590	171	604.9585604	123
5590	1718	585.5043248	126
5590	3474	622.3859612	112
5590	8742	569.820191	132
5601	1453	418.5388615	137
5624	9575	181.2094045	246
5626	8165	2145.26185	63
5626	23027	2162.492423	64
5626	27277	2161.454894	63
5629	2137	327.6795056	200
5643	2810	336.2335931	129
5643	11718	362.8937776	116
5643	26574	331.0207236	133
5671	298	309.626149	166
5671	7352	365.9170061	149
5671	15971	388.7123953	149
5711	468	324.6485303	121
5742	11479	229.5843854	187
5742	20645	232.5085812	186
5744	344	447.5107953	149
5744	14974	454.9535472	161
5744	15693	463.7150893	147
5761	14444	767.9686003	90
5761	27495	718.4342707	102
5763	10536	238.8416683	174
5763	12714	251.6734127	187
5766	8777	272.3228655	91
5787	8054	728.3297948	107
5787	8959	717.7811178	112
5798	19479	1679.075343	49
5808	11648	821.822962	125
5809	4175	3301.756261	50
5809	14609	3223.239902	48
5809	24614	3321.59637	49
5816	19943	582.2388176	159
5837	9882	209.784947	161
5837	14533	218.0195394	155
5837	14833	191.9333829	166
5837	21782	199.9402453	164
5837	22617	255.5105337	145
5846	24728	401.2924099	140
5852	6149	923.6987304	146
5878	24041	259.0218197	175
5908	221	220.0699075	132
5908	11660	210.9650468	127
5916	18953	1990.782582	83
5918	1505	555.2181922	108
5925	21339	233.0253842	167
5926	9208	192.3682533	109
5946	21269	728.1790859	61
5946	25751	728.1790859	61
5946	26572	728.1790859	61
5977	25976	446.6063027	147
5982	10518	252.4793783	133
5982	22018	241.399401	140
5996	21177	232.3389711	160
6011	12094	183.5164991	148
6023	1622	402.8640501	68
6023	4608	393.5337181	69
6023	5629	379.7753625	70
6023	9540	415.9398842	67
6023	17554	419.449541	66
6023	19785	419.449541	66
6023	21661	394.1024668	67
6034	16115	767.6669835	181
6057	22207	1310.659083	109
6064	28047	210.4145019	333
6088	17909	2616.993694	109
6125	23491	194.7336692	222
6147	4172	3237.811319	94
6188	18387	528.0498503	54
6199	23003	293.7830187	184
6199	27512	355.7280332	174
6211	16374	388.2107609	157
6212	777	1339.386384	42.1285547
6212	17045	1362.192556	41.21271655
6212	19651	1346.442231	41.21271655
6218	316	1202.146695	85
6218	4380	1176.664618	92
6218	5764	1143.159212	91
6218	11438	1125.907771	95
6218	19269	1143.159212	91
6218	23072	1174.285369	93
6234	22755	1697.71346	94
6252	9884	608.4837621	83
6252	11693	627.9759389	81
6257	15378	241.1326425	137
6270	5322	317.3686869	99
6270	20194	324.1795166	98
6270	21716	311.1006508	101
6270	25334	315.3326247	99
6275	19328	960.6358081	104
6275	26649	926.6613135	103
6285	5256	3768.765427	64
6296	3324	491.9345502	65
6296	3497	424.506473	66
6296	4547	486.5272524	66
6296	12385	482.3030809	68
6310	7875	819.0784333	101
6310	14661	786.0938904	102
6310	16041	787.4806228	104
6324	10804	354.8939592	178
6352	7377	1257.331705	73
6352	8590	1249.108589	70
6352	16876	1248.003473	71
6354	11963	562.514715	147
6359	11082	329.9926415	141
6359	16258	662.6408989	119
6359	23885	665.3960523	121
6373	13406	2442.176206	105
6375	2003	1121.071442	108
6375	6515	1090.332627	113
6375	11133	1020.654863	115
6375	13774	1262.488264	103
6375	15881	1220.124796	107
6375	24465	1071.381187	114
6388	16447	517.7746606	99
6388	17903	376.0218664	119
6399	26086	225.3870584	167
6406	17120	246.9018554	185
6409	26037	331.3005898	159
6444	24007	495.752743	77
6444	26818	481.0050003	80
6449	21346	1358.017531	67
6468	90	1385.167321	88
6468	2330	1404.581429	87
6468	5053	1363.265783	89
6468	25719	1452.08704	84
6469	7161	855.9114706	59
6469	8734	833.8078013	59
6469	21775	833.6760201	71
6475	17704	1827.384965	55
6475	22391	1834.519276	54
6481	11779	453.888578	146
6486	5972	584.2043729	87
6486	13713	554.9342483	84
6486	24446	599.7008286	86
6487	5721	1814.043794	65
6490	12358	1868.232155	96
6493	2463	1224.785935	143
6493	16944	1143.122955	145
6503	12351	208.8404225	141
6503	22682	209.1549284	141
6520	21341	191.6715866	290
6522	2263	2263.46974	93
6522	7415	2351.66981	90
6522	12917	2274.397976	90
6522	13617	2313.300843	90
6522	15683	2228.308507	89
6522	18481	2224.087067	91
6522	23668	2258.162169	92
6522	28116	2273.923984	88
6534	7569	370.6224961	153
6534	15313	371.4832666	160
6540	2640	3516.58216	47
6540	7090	3570.423772	46
6555	47	254.5626958	147
6555	13159	267.0477568	141
6559	7917	1458.967067	47
6559	14604	1446.311274	44.02173913
6559	16415	1479.356664	41.21271655
6564	20292	184.1323279	187
6577	1968	400.8013119	147
6578	673	396.0093875	131
6578	23250	412.1747174	132
6595	4583	261.9208641	115
6596	18033	373.504983	144
6602	9168	274.2329511	153
6602	26314	306.0497703	149
6610	16331	703.0547556	116
6615	17886	182.3032794	171
6624	9860	1527.337287	155
6654	2849	1391.097496	99
6663	12562	431.6304059	137
6663	20026	432.5869094	137
6665	3636	2052.13881	35.33572585
6665	3955	2037.296215	38.58293741
6665	14857	1997.721177	35.33572585
6690	3782	381.1134436	60
6690	18251	391.3758977	57
6695	688	1329.674911	89
6695	4240	1334.650533	87
6695	24934	1351.938222	87
6716	6299	1963.63688	62
6716	25245	1967.345956	62
6717	8881	1955.435948	39.44033602
6717	10800	1873.103197	43.0647448
6717	14531	1955.822644	41.21271655
6717	20592	1937.784735	41.21271655
6717	25300	1896.117333	43.0647448
6718	24524	556.6279051	101
6728	10797	1546.321087	98
6728	18571	1412.097208	101
6729	17611	754.7068323	112
6729	22101	663.5256119	105
6735	1830	414.9846133	151
6777	15700	806.3939056	92
6792	649	185.7694618	127
6792	10469	262.3102339	105
6792	15232	215.9924413	118
6792	26463	226.9634034	105
6799	20012	352.6465159	157
6801	4996	505.2182599	84
6801	23609	559.1383033	84
6801	26294	559.1383033	84
6807	645	336.6627449	200
6838	15464	234.8113748	208
6845	5108	2190.505275	72
6849	12351	220.5681071	140
6849	22682	214.4750142	142
6859	7522	721.1450687	78
6859	15834	745.835856	76
6859	26623	563.1650848	91
6884	21049	2241.403619	62
6910	18061	1218.334873	49
6910	22579	1220.048733	49
6914	12397	805.1567203	127
6914	13044	856.1035997	119
6914	20291	840.1737867	130
6914	20637	933.3240176	127
6919	1609	245.7175993	127
6919	14658	232.3150585	128
6919	27121	245.7175993	127
6935	22	1770.326752	51
6935	4877	1724.67951	50
6935	7797	1812.39251	49
6935	9196	1734.836324	50
6938	661	1297.96862	61
6938	8909	1304.560977	61
6938	12156	1302.149185	61
6953	15923	531.8801022	108
6965	7942	911.755388	115
6965	13835	888.973813	117
6965	19067	936.3859444	115
6970	149	335.8244175	159
6970	837	342.0389261	165
6970	22803	342.8490066	157
6977	16487	227.2183974	159
6993	10016	194.0257985	293
6995	15074	2387.073762	69
6999	1184	360.1278937	190
6999	2228	365.4926638	182
6999	2690	249.414051	196
6999	3593	278.3228034	194
6999	3664	301.8456046	184
6999	12092	326.7379678	191
6999	15067	240.908014	200
6999	18950	371.513743	187
6999	23231	293.6060788	185
6999	25921	404.5924557	189
7004	9550	182.7715812	177
7012	19789	452.9630173	156
7061	1867	212.7398041	137
7061	3432	273.7726914	129
7061	7000	293.382328	135
7061	10625	237.2601464	144
7061	25682	225.8078349	152
7065	1777	494.1050325	110
7089	13848	810.6390329	81
7089	14127	805.7440495	81
7100	16329	213.1035854	167
7111	5066	582.6085605	90
7119	14775	189.9190843	195
7119	27148	183.5934485	185
7133	15391	195.373772	131
