3	1126	981.7225751	112
3	4451	963.1515797	111
4	3622	667.2771151	144
8	476	1405.464131	62
12	215	369.5368171	154
19	1722	1261.386723	56
22	1462	413.7269477	143
25	4331	1030.719409	104
35	4354	1366.233706	84
36	980	1531.231478	146
38	2729	259.25869	147
52	3414	248.7074356	158
53	1402	434.5741308	76
59	3392	182.4474266	155
62	4113	1033.478885	116
70	700	1476.768832	73
93	2874	189.9930522	207
94	893	3442.511451	79
94	3999	3012.146258	86
112	3622	583.4589579	161
114	767	406.8598601	114
120	4065	1575.253917	74
121	765	286.6437431	99
133	508	254.7821515	99
147	2128	458.0247372	104
157	4310	670.4925366	125
163	3737	455.3595877	103
179	2656	1147.396059	90
188	3548	1030.524513	131
194	2122	461.8263755	149
196	1212	230.2302353	115
204	1043	737.4186821	102
204	2888	699.7656787	100
222	2130	526.3100191	150
222	4443	546.3792935	151
247	454	315.8334008	137
255	411	308.8387845	156
260	1199	435.3508108	179
260	2818	409.0656867	178
260	3107	490.0361102	166
260	4471	515.2919105	160
260	4503	314.4130629	219
264	816	877.156758	125
268	4426	1068.446334	116
283	2919	1483.361866	82
286	2493	1010.58572	107
295	250	432.7066337	159
310	1929	721.9418542	117
323	886	375.5622502	173
323	3248	367.8913242	158
324	797	687.3064381	109
325	1447	615.8672578	84
345	3178	731.043518	145
346	2992	757.7457163	92
352	3998	1366.551706	97
368	2109	507.0520197	121
385	329	398.8481678	156
386	1132	958.9870204	92
393	926	497.127235	116
393	2518	609.046927	101
393	2987	259.7697016	165
398	1855	324.8858972	99
405	1043	807.0289565	88
405	2888	872.6604492	80
426	3431	1821.260851	114
433	103	318.8707295	120
436	1804	186.9433705	201
442	644	537.7802309	155
442	1521	506.3153483	157
443	3718	268.652769	130
446	4	377.4289786	168
446	815	467.521486	155
464	1024	272.460834	100
464	2052	220.111648	126
468	719	222.4009044	166
502	2508	2799.238158	65
504	439	550.9045465	107
518	4237	226.4515451	128
519	1849	350.1461748	115
525	2172	211.3501284	146
525	2736	249.5889084	174
532	533	572.5886755	116
540	3316	224.964661	168
553	1513	216.2220605	123
560	4425	1429.531977	88
569	1220	250.8004529	191
576	233	659.6597962	135
589	729	229.6288786	169
594	3954	779.4574514	106
602	520	199.1503432	159
602	741	220.3335246	157
614	3476	239.433815	203
615	2920	1070.136575	100
625	2398	579.0725069	103
671	1738	556.3292445	156
677	1205	1041.821095	71
692	3553	442.764606	98
706	3418	476.6821385	117
717	2812	197.3472239	222
719	3639	2741.868571	63
720	1764	372.1798769	136
724	1858	202.1743203	170
734	1430	241.8797304	135
743	926	426.2787939	132
743	2518	568.2265781	117
743	2987	384.983486	138
748	4403	425.0327927	92
757	3507	358.8570648	87
769	3585	541.415545	130
772	2393	192.026866	237
793	2362	492.1104563	109
801	3572	671.1688436	155
809	174	2318.510786	100
809	892	2532.065745	95
812	158	195.4684722	155
815	3849	511.7151191	141
831	4415	2836.283247	84
840	2180	927.4879592	130
860	1639	1589.721847	82
861	1645	364.6628499	165
863	1678	240.2324648	149
863	4477	225.4656657	155
866	3442	1084.554425	90
880	4115	298.3677162	146
881	107	350.0437868	119
894	2620	993.6099214	101
901	2167	833.3106851	73
904	2684	233.4582235	209
910	3332	236.90106	165
915	3369	890.9063189	107
924	3852	543.307717	133
938	532	196.6854918	89
940	4282	921.1029757	72
943	3195	213.1430308	137
955	1988	518.6641494	99
957	2018	513.6775936	146
981	4655	331.1110998	89
983	2748	739.9034268	91
984	1063	1751.303753	91
987	2276	274.7630513	147
991	2677	658.5111584	116
991	4558	558.4368439	129
999	1576	232.9568445	200
1006	1807	478.657141	158
1006	2688	483.0920812	144
1034	1704	190.5098654	170
1048	532	243.882957	72
1050	92	657.3544117	134
1055	2913	299.8635102	156
1062	92	808.7742021	137
1065	213	413.2194384	114
1067	1353	522.8443604	113
1069	395	1430.911452	84
1069	3787	1361.024297	87
1091	411	254.1150712	165
1100	1793	270.21633	138
1103	2298	1005.478781	89
1105	1930	278.0840727	148
1114	3356	1364.242593	116
1138	1016	307.788763	111
1141	3386	2885.67998	62
1152	1722	1211.699332	60
1166	3588	827.7179756	109
1168	3261	1476.907771	97
1180	4528	951.0550449	76
1184	2016	208.9086068	236
1195	3240	431.3790267	147
1216	580	496.6882897	126
1220	1345	687.2822355	109
1245	3525	187.162275	181
1245	4694	195.1857079	176
1246	515	204.0806665	123
1246	2678	219.8653355	119
1256	1971	276.9689164	129
1263	2665	432.7107928	105
1269	2266	222.4201761	195
1272	926	489.7666651	123
1272	2518	566.2049806	117
1272	2987	335.2085721	152
1283	1668	381.8788852	118
1288	3281	570.5358421	148
1302	2288	244.8980953	139
1325	486	356.5806759	144
1335	4317	476.0345311	146
1347	4227	554.2816407	123
1352	773	271.0182797	146
1364	2902	307.7684246	123
1375	1571	204.3377017	147
1391	667	2038.393081	59
1392	903	232.4617352	200
1399	175	1164.952979	106
1399	1037	1164.15692	113
1418	1764	342.0410415	146
1431	3659	1023.592694	115
1443	653	311.5287192	178
1445	1433	206.3254496	212
1445	3462	222.5171369	224
1449	1396	377.7177664	147
1473	1199	270.466689	207
1473	2818	268.5365257	222
1473	3107	384.017505	203
1473	4471	256.0431859	218
1473	4503	291.2959986	215
1483	1227	998.8010688	156
1484	1854	296.6370177	134
1496	3397	493.4342329	129
1503	3902	219.1794274	130
1503	4433	213.3311191	134
1507	4053	185.4855044	136
1509	2777	473.4742878	146
1514	949	245.5553841	177
1516	147	244.4649331	156
1522	940	530.5271386	134
1525	2552	205.967325	205
1526	4576	456.6354349	157
1537	3636	194.3804578	155
1540	4668	2581.603284	61
1548	1778	403.5672411	122
1555	3632	1080.28072	115
1557	2791	416.2400258	149
1563	2401	208.4508139	166
1570	1126	841.1770146	120
1570	4451	837.6674975	114
1585	2171	946.693722	86
1588	947	1129.205965	103
1595	1699	566.0504491	114
1603	2931	233.8360863	219
1611	128	594.539889	127
1616	2672	304.2067896	182
1625	3954	708.2650732	114
1647	3096	298.9894954	96
1654	2735	199.7741767	188
1668	2431	1007.89221	108
1689	4107	370.4177233	158
1691	996	848.3343731	96
1700	1237	1342.783216	122
1708	3084	430.7396993	92
1711	3320	517.2829051	176
1714	4189	1536.000852	103
1746	4254	1438.288053	97
1774	2266	205.1775973	212
1792	1853	413.4184763	111
1794	1696	373.3419876	140
1801	1199	261.9799105	222
1801	2818	280.679972	194
1801	3107	360.7148788	182
1801	4471	380.2225091	202
1801	4503	193.4789836	221
1808	2116	299.1465263	118
1811	4621	495.4631123	147
1812	3809	390.3511195	144
1815	926	486.3696143	119
1815	2518	576.7201487	110
1815	2987	313.6227544	153
1825	4486	468.3956406	146
1852	2700	1005.289986	89
1867	1018	276.3469739	154
1875	3645	978.4341535	103
1894	2381	281.2991027	143
1895	926	756.6741658	102
1895	2518	506.4402346	118
1895	2987	275.1596847	158
1901	1609	318.9529743	131
1939	875	901.5920752	144
1976	1024	285.7209325	89
1976	2052	200.7803229	121
1978	3418	492.4796275	111
1986	2958	990.1903969	101
1995	1511	604.5058221	97
2005	644	633.5397291	143
2005	1521	618.2172853	144
2015	4545	824.4010131	106
2033	4641	1262.241854	98
2035	976	217.5847279	148
2037	2879	307.0741677	134
2046	1301	1160.93674	87
2076	419	401.3533776	178
2076	1516	184.9374808	212
2089	1467	619.7838306	117
2096	2439	239.5734968	98
2098	1233	237.4937938	217
2098	3396	248.490274	218
2098	3546	253.4766143	237
2104	2680	1016.54854	130
2131	3523	248.6940889	187
2137	1807	395.9442812	173
2137	2688	387.6833342	157
2164	2428	229.565926	137
2179	119	559.2550003	124
2181	906	846.4228677	66
2192	2055	883.8195611	134
2195	3976	211.8379968	163
2207	4402	1782.319604	104
2208	2198	747.4861328	144
2210	3035	470.700847	112
2215	4309	1402.884695	80
2220	642	564.7637618	137
2231	1366	206.8785221	133
2250	2827	423.261854	124
2252	1514	434.658155	158
2258	1813	241.0920654	229
2260	2569	348.772265	115
2279	926	763.7542726	106
2279	2518	443.5231688	117
2279	2987	258.7210804	158
2286	2491	606.5676362	109
2297	1317	2645.962526	58
2297	2149	2908.568189	51
2297	4703	2714.874949	53
2304	2321	474.9127759	157
2307	2359	1424.304929	75
2328	4373	306.997988	94
2335	1538	198.3552299	159
2338	2827	410.1977223	123
2341	3177	388.947771	137
2345	4390	320.6329058	157
2347	2345	340.4816297	129
2359	2300	334.7545733	148
2375	2072	2703.191913	77
2379	682	294.9627985	127
2379	747	310.1822625	123
2379	1387	201.008099	154
2392	755	1334.213602	108
2399	3322	994.1077542	103
2406	3657	429.8003373	139
2408	383	940.2043974	109
2422	325	232.0224525	140
2437	263	231.8530536	115
2441	106	619.376524	114
2441	4567	677.191331	114
2458	4762	836.6558306	81
2464	4499	1665.777246	79
2464	4719	1630.340827	82
2465	4422	239.6237863	146
2473	2684	578.9155496	192
2478	1702	816.7946784	110
2486	1412	1862.655401	81
2502	187	322.6021607	164
2504	2886	189.5463188	150
2511	3842	919.2042295	92
2512	1537	625.8520483	140
2530	2543	866.3685886	136
2538	671	275.1365721	193
2559	4331	760.4460437	115
2586	1277	473.4851836	140
2597	2227	311.7330949	121
2601	82	375.7420493	128
2608	4331	943.6358586	109
