4	11140	893.5392912	138
10	3935	408.3391173	151
10	5636	390.6133513	146
10	7696	231.2524189	152
10	30770	352.488612	153
10	43987	396.3752348	145
14	18183	539.4684826	112
25	19399	182.6612649	190
39	41053	699.1377988	147
45	9750	252.1345859	119
45	26530	253.0610284	118
45	27066	254.500532	117
45	44870	249.7060724	120
51	20038	653.1156119	84
51	30723	646.195085	92
51	45723	648.1447815	81
54	25227	1983.301346	88
68	25516	302.6071502	144
92	44872	934.5820023	60
120	35943	344.9775679	235
121	15338	1008.826346	145
121	18311	847.9850047	154
127	21263	447.489295	135
146	20400	261.9431054	134
150	17278	462.3483826	70
150	25875	462.3483826	70
150	39195	462.3483826	70
160	2307	678.2293638	61
160	9915	594.3210424	70
171	5097	720.1264189	60
171	18587	711.9690154	62
171	48744	715.8154992	57
175	10042	3998.725923	135
179	26066	2155.842852	53
179	36663	2133.155541	54
228	33192	372.0094103	123
236	6994	373.9061895	131
236	17385	340.7837272	144
258	7447	845.2555638	108
258	19094	719.4786737	115
258	29184	620.7075523	120
258	42369	700.0462069	115
259	26047	1053.803802	116
259	31059	1171.299361	108
259	32111	1099.369654	110
259	37240	861.8320688	119
259	44784	1040.455285	110
267	9310	687.7996491	77
273	971	758.5943301	96
287	32	331.5771561	123
287	518	341.6109587	108
287	572	454.0090257	92
287	901	373.8028136	108
287	1175	305.3993203	124
287	1466	336.4287477	127
287	1619	311.9542171	127
287	2640	319.589856	126
287	3041	430.1062054	100
287	3876	362.4782509	124
287	4034	351.3741334	111
287	4346	358.156872	108
287	4552	316.8904032	128
287	6264	332.4115695	114
287	8229	370.045864	106
287	8486	278.9999981	139
287	8603	337.9286882	116
287	9459	278.7966371	133
287	10120	272.4354203	126
287	11210	341.3871037	115
287	12750	428.7929761	86
287	13613	317.4985902	131
287	13734	286.1719632	138
287	13762	283.7366842	136
287	14820	266.9355357	146
287	17112	341.4697572	114
287	17124	301.4233821	131
287	17733	324.2026933	130
287	18329	323.6877919	122
287	18602	404.1317796	110
287	18969	304.4761945	133
287	19234	345.2870206	108
287	19692	301.4265278	133
287	20350	303.8113104	128
287	22057	299.2062041	131
287	22220	367.8626017	116
287	22430	290.4941597	144
287	22722	324.033603	114
287	24357	312.5005175	139
287	24384	378.9268836	104
287	24800	392.608358	108
287	26615	296.053937	128
287	27991	362.4691772	120
287	28748	375.7733678	107
287	29194	300.051164	115
287	30627	366.4834613	114
287	31884	463.1674247	93
287	32476	319.9199247	116
287	32887	316.7796065	116
287	33207	316.198617	126
287	34197	323.279566	115
287	34475	355.0377234	105
287	34648	318.8161984	117
287	35736	339.0573186	108
287	35895	409.137716	103
287	39460	327.9213172	118
287	39475	372.6970476	114
287	40501	349.7763054	111
287	41338	331.7362665	114
287	41392	382.4288175	115
287	41488	273.945264	146
287	43955	353.573004	113
287	44607	355.9521084	107
287	44685	358.29851	116
287	44952	313.5394339	131
287	45337	398.0489848	101
287	46081	284.5893175	112
287	46321	296.0275827	116
287	46326	391.6029105	109
287	47297	300.5624857	116
287	49539	420.5107034	103
287	49773	301.1541995	110
294	415	642.706173	103
294	47799	520.4390705	117
330	40801	196.5596369	144
330	41795	278.7901359	135
341	4467	502.8352899	165
355	27746	2136.843921	109
356	26145	1574.296063	105
358	18234	223.2953602	193
364	4114	1004.091117	59
364	40931	1009.963851	57
364	41108	993.6916183	61
364	41261	1009.963851	57
364	45762	1011.971026	58
365	34722	326.1236677	147
365	44147	325.586714	145
365	45571	326.3438474	150
391	1524	411.5051116	115
391	2426	395.2456549	122
391	25792	490.1026709	99
414	21445	198.7926527	143
417	126	552.1056046	96
417	16434	552.9520303	86
423	4695	261.5712311	199
428	15308	213.0686374	141
457	3395	897.0250717	38.58293741
457	12932	1196.996374	39.44033602
457	14641	1107.783278	45
457	24635	1187.802299	40.31678793
457	37505	1209.626716	38.58293741
457	46471	1087.052999	38.58293741
463	40138	330.0198993	185
463	49796	228.8335424	191
465	1257	1189.945068	79
475	7248	195.3664639	176
475	18486	191.235079	165
475	32603	280.5779403	158
475	45387	215.6970304	173
606	8842	253.6741321	139
606	43946	285.3202129	123
621	7008	1341.237042	72
625	10128	841.3841823	103
625	40574	903.673789	98
636	2571	253.8233213	142
650	9943	931.4434816	109
654	3323	332.7018507	159
696	32150	193.7566848	178
721	39604	232.4152267	139
738	3747	669.0002989	114
738	20532	1101.497292	102
738	34549	1071.451783	103
738	42271	940.8935177	118
738	45698	570.1160241	121
769	17234	982.8564237	110
769	19558	1066.023801	100
769	32068	1041.171689	89
769	40182	1052.575687	100
773	6282	486.3641339	142
773	7182	506.821818	133
773	41373	499.5810749	135
774	7049	1125.297583	108
774	18145	986.2592887	113
774	32783	834.7482686	127
774	35262	1115.135133	100
774	48213	1076.107973	106
800	11127	1484.474537	73
800	35101	1768.546564	66
803	23061	375.1812047	171
805	30901	333.6445689	108
823	43061	1465.020789	113
823	45208	1446.172487	114
867	35851	866.3338338	105
957	967	860.0853908	116
974	344	224.853793	162
1029	16952	306.8932524	167
1029	19815	325.7507619	165
1074	1153	1791.440602	69
1074	6600	1733.775979	72
1074	12990	1870.372798	70
1074	24696	1839.995272	72
1074	29535	1802.29504	72
1074	31151	1841.704557	67
1074	35475	1808.725635	70
1074	37158	1809.614048	71
1074	39725	1890.532903	66
1083	1021	2201.443352	111
1125	49416	199.6646655	175
1129	39775	1032.972322	72
1137	28244	1178.98972	112
1175	17877	338.2253962	162
1175	20574	295.4110566	170
1175	21838	332.2703954	160
1191	9679	307.1709761	128
1191	13259	311.8201863	127
1196	41298	881.2865182	96
1213	31581	301.1153784	166
1217	12590	400.4822086	103
1217	45385	387.1769225	115
1217	47905	382.4768096	106
1229	271	680.6738231	113
1229	11611	577.1345674	101
1229	48532	571.6340784	102
1236	46283	274.5736768	192
1238	3395	653.5804936	43.0647448
1238	12932	914.0939502	40.31678793
1238	14641	842.2128688	46
1238	24635	904.9961639	41.21271655
1238	37505	918.7289637	40.31678793
1238	46471	817.8493808	36.92365229
1265	17491	790.3773564	151
1265	23203	852.4225866	132
1265	32026	592.641857	170
1342	11803	512.7828639	86
1342	41758	508.5454294	85
1342	48311	485.1954657	90
1342	49591	530.0933711	82
1355	18951	226.0433136	117
1355	27287	225.1816215	117
1355	36305	225.1816215	117
1360	9649	206.6019991	197
1360	10202	211.701109	199
1360	14537	275.9074859	183
1360	20202	239.0105239	181
1407	17064	1295.764242	109
1431	39876	1301.382081	69
1433	2960	483.6510283	128
1433	23084	566.8716604	111
1433	32981	497.5637723	117
1450	12882	657.4565618	49
1450	24211	657.6772128	55
1450	26174	659.3120963	55
1450	47665	657.4565618	49
1466	44370	443.6846379	201
1471	45107	496.767763	123
1483	974	1280.902587	46
1497	26949	988.6379633	41.21271655
1498	40887	211.7388235	298
1498	45401	279.1710865	194
1512	2678	400.7644269	122
1512	38383	394.7859249	108
1512	40918	340.9653061	136
1526	33309	281.0889012	115
1540	40086	193.3920038	240
1543	6228	903.0050395	60
1543	7434	892.4600473	59
1543	15951	893.494498	61
1543	21154	785.3380406	76
1543	34980	789.1085111	67
1543	49273	780.3185755	71
1546	25816	542.2856967	156
1548	4647	1308.902171	75
1548	11057	1428.167968	63
1548	13571	1350.441715	74
1548	22578	1199.393745	74
1548	24826	1475.53636	61
1548	25421	1315.706192	69
1548	27124	1275.190961	71
1548	30147	1278.126977	70
1548	34903	1344.657387	70
1548	41130	1350.415452	70
1583	17664	690.2143286	101
1583	36695	661.5118645	103
1583	37004	635.1798907	107
1608	40520	215.2951134	168
1653	23654	749.5919183	139
1705	29693	487.9863112	120
1712	4713	835.8189822	31.65828812
1730	20460	300.0449741	182
1730	21420	242.6492123	211
1730	30168	308.3092838	185
1730	33279	261.7247628	214
1794	25091	3806.973756	85
1800	25209	1214.164156	76
1828	26439	196.9769098	187
1835	26047	1023.65202	116
1835	31059	1191.164838	104
1835	32111	1037.414918	114
1835	37240	857.8331288	121
1835	44784	1083.06613	110
1843	15829	757.7977017	60
1843	29751	791.1740814	56
1877	1879	521.4087373	118
1877	11445	519.2243804	118
1877	44297	532.0915014	122
1882	14681	584.1573447	161
1891	37919	206.5850019	199
1910	31070	346.1278983	84
1936	13498	4423.751714	13.73299768
1936	24422	3603.924049	13.73299768
1936	28157	4412.310155	14.03817541
1946	17028	956.5153693	63
1968	3047	251.6903324	106
1968	11550	246.8103903	107
1968	18869	269.4632864	98
1974	8960	1065.015914	107
1974	12777	1013.683028	112
1980	7023	237.0636166	252
2005	21673	899.7072718	70
2012	1706	3095.913935	34.5675579
2012	2891	3095.913935	34.5675579
2027	36443	402.5822684	124
2036	529	585.6633072	135
2036	10280	584.7057101	140
2036	24228	558.6412353	145
2036	30509	529.566938	144
2037	2079	1798.227	85
2037	25443	1776.535689	87
2040	3184	545.9566173	138
2040	22060	580.6794436	130
2046	50018	706.8833705	93
2067	2320	251.8766083	144
2067	35481	304.1367977	127
2067	36298	370.7590821	110
2076	3065	460.9388179	155
2078	19264	684.8148439	154
2148	39774	248.5660095	144
2152	14493	392.2570365	153
2207	5519	1405.47158	82
2207	13883	1414.663484	98
2207	15430	1489.976532	88
2207	46496	1631.111791	87
2219	1401	564.1326779	79
2224	3523	1095.418783	22.27216015
2224	44344	1147.05548	19.52047734
2232	30198	207.1957338	173
2242	5809	297.4754155	193
2243	640	1265.787568	95
2243	27506	1248.386143	104
2243	38753	1314.798015	94
2243	43400	1309.44697	94
2244	34483	325.5153104	211
2244	47828	275.0298825	202
2246	1213	828.2259114	23.27303253
2246	45503	818.4410149	24.859302
2246	47154	818.4410149	24.859302
2254	13001	379.2800914	166
2280	14187	934.1268518	90
2280	49530	903.1600027	93
2301	50100	667.9864532	129
2307	27354	535.3983149	91
2320	1158	727.4666946	89
2320	28898	755.5020364	88
2323	13182	750.3662891	108
2323	35259	1108.043416	104
2394	8877	674.8691293	88
2394	16030	666.2734311	86
2394	16396	665.5918478	90
2394	25874	553.7913682	81
2401	17695	701.2419191	158
2401	22378	699.1453032	157
2418	35627	391.2050132	127
2418	45760	390.1369531	131
2424	38809	533.162693	121
2429	7186	262.5105706	132
2429	11222	233.2515829	155
2429	11642	300.7884635	142
2429	21474	209.7441657	152
2431	30386	450.4675145	105
2434	18019	1694.536332	63
2434	20303	1667.922594	64
2434	30739	1685.209741	64
2434	37606	1683.291897	64
2444	11082	726.4095644	124
2503	32385	3092.356845	103
2512	22671	350.4935568	182
2515	40959	303.6471312	119
2599	19974	197.5770205	90
2599	28041	197.5770205	90
2602	7285	827.786242	56
2602	15641	942.3245129	45
2602	20853	963.6136758	45
2602	21156	755.6145538	60
2602	29908	941.9805899	42.1285547
2602	40998	782.7940533	55
2602	42771	777.8685785	63
2667	967	826.6492681	116
2680	49452	186.1847808	227
2703	7285	916.1741951	46
2703	15641	931.1482612	48
2703	20853	1079.111202	36.92365229
2703	21156	713.0148179	64
2703	29908	1017.665375	45
2703	40998	840.4188416	53
2703	42771	840.7600202	58
2756	29583	478.3502866	97
2757	656	450.7288957	173
2757	1234	284.2576513	192
2757	3719	288.5385016	195
2757	4499	346.7285863	186
2757	13997	265.3692488	219
2757	14400	411.4298188	192
2757	25523	303.9465537	190
2757	26930	332.0563813	184
2757	28947	436.026494	175
2757	29595	244.035905	223
2757	33371	357.9622832	198
2757	34809	262.5816151	198
2757	37494	231.6837655	190
2757	43318	381.8379607	180
2757	43389	321.9429714	200
2757	49390	297.4799512	191
2759	33852	815.4034012	148
2798	15308	218.0871889	123
2812	28691	438.169212	173
2814	6883	195.1580788	235
2814	9964	203.2814062	236
2814	44723	199.3657285	249
2874	38056	414.2571407	147
2923	28187	437.9537805	205
2934	15593	215.601089	124
2934	20131	241.9015798	115
2936	1510	236.638889	176
2936	25362	209.2877592	184
2945	2439	203.071354	264
2966	9165	208.6244298	135
2966	27647	244.1655698	105
2968	15014	2164.922971	62
2968	47848	2164.922971	62
2990	32944	1484.031558	110
3012	3833	1301.788779	77
3021	1016	187.4258387	177
3021	47081	224.2203789	156
3026	14315	196.0391618	209
3036	25204	355.2206345	122
3038	15967	504.0483338	81
3051	46177	318.8216468	131
3054	37925	297.0034024	155
3062	7128	235.4665868	122
3065	52	313.6004609	199
3065	2821	297.874956	205
3065	5616	265.4455321	173
3065	10459	323.6017215	201
3065	29057	304.8742847	192
3065	41713	318.2106462	196
3065	48596	268.976146	202
3088	23184	202.5115086	176
3088	23561	211.3420509	181
3088	44406	192.7868959	183
3091	19482	218.3466331	225
3119	23095	486.4843003	135
3128	34012	1073.574142	24.31888239
3132	6933	283.2196639	102
3132	44141	288.7593117	101
3132	48956	288.0361719	101
3150	46136	3195.404502	79
3167	31193	559.450907	84
3240	12912	404.046514	128
3240	24807	489.5951704	121
3240	43379	433.9771368	123
3291	12652	292.7338112	133
3291	39011	254.4546741	134
3291	43421	202.7607719	151
3291	44424	320.1102848	123
3295	22100	1051.659249	91
3310	29269	368.0023766	165
3326	10690	391.7597914	57
3326	48314	412.3875463	53
3329	840	964.5885449	129
3342	15753	248.5724077	192
3387	28485	1342.266686	72
3387	42541	1343.250176	73
3394	20046	445.9446275	148
3403	6410	382.2181727	152
3403	26517	437.280674	154
3409	18287	413.6321243	197
3413	44127	422.7699335	106
3426	2679	209.9315613	161
3447	17163	448.1674824	85
3447	35888	438.5216628	86
3472	32	673.6536633	79
3472	518	498.6038834	96
3472	572	376.8095816	117
3472	901	380.7575164	121
3472	1175	657.3195598	81
3472	1466	558.3631979	87
3472	1619	768.4607457	67
3472	2640	371.6989992	124
3472	3041	396.5413215	119
3472	3876	412.2507535	106
3472	4034	430.3899866	107
3472	4346	402.3781664	113
3472	4552	618.1015555	82
3472	6264	410.1495668	113
3472	8229	408.1206632	112
3472	8486	703.9282451	76
3472	8603	451.2957572	102
3472	9459	618.1497275	78
3472	10120	359.5422057	116
3472	11210	394.6195417	116
3472	12750	462.9301294	105
3472	13613	667.4582397	74
3472	13734	675.4705272	77
3472	13762	638.5261357	83
3472	14820	663.7595024	79
3472	17112	440.2686612	111
3472	17124	756.1492966	70
3472	17733	774.1458375	67
3472	18329	410.9872933	108
3472	18602	376.7885541	121
3472	18969	681.4912641	80
3472	19234	412.0294424	107
3472	19692	757.325281	71
3472	20350	712.2804187	69
3472	22057	699.7551628	73
3472	22220	668.6528443	81
3472	22430	611.0477356	84
3472	22722	475.9834763	97
3472	24357	678.8449603	78
3472	24384	444.6133671	103
3472	24800	509.0362879	105
3472	26615	743.8532167	66
3472	27991	423.697477	111
3472	28748	441.6651636	118
3472	29194	398.7667066	112
3472	30627	445.8265765	106
3472	31884	421.7979421	115
3472	32476	365.6669434	117
3472	32887	375.997223	113
3472	33207	685.8628297	78
3472	34197	370.0964902	119
3472	34475	347.9955701	129
3472	34648	456.292816	101
3472	35736	458.3377982	110
3472	35895	402.0333494	116
3472	39460	368.5897691	115
3472	39475	546.6227203	100
3472	40501	468.722555	97
3472	41338	552.5680273	94
3472	41392	366.1205281	120
3472	41488	391.9743454	123
3472	43955	460.6960333	97
3472	44607	352.8501548	118
3472	44685	349.6173967	139
3472	44952	615.2359681	80
3472	45337	425.9010791	107
3472	46081	397.7995462	103
3472	46321	432.0175239	98
3472	46326	425.6758959	106
3472	47297	385.2403459	116
3472	49539	356.1557695	121
3472	49773	429.2284939	93
3479	7136	186.6510176	159
3479	7354	253.5190974	138
3479	24176	223.950683	146
3481	48776	1487.318795	101
3486	11262	237.9655499	199
3495	17004	521.5894357	157
3497	42866	183.3247611	192
3502	7880	1513.021597	83
3502	13682	1460.248796	89
3502	23543	1463.199366	89
3504	22890	209.2573689	195
3504	27394	207.8076248	202
3504	28329	205.9417794	189
3504	28513	194.2258666	186
3504	44399	235.7108914	195
3533	7398	418.4696368	192
3560	9041	1341.676151	81
3578	39925	1847.692126	70
3579	35984	701.2453038	137
3579	49369	824.11873	134
3589	36069	389.1265229	120
3606	33756	315.1487897	131
3615	18257	381.7947292	149
3615	18689	402.4617861	144
3615	39020	410.6487404	141
3615	40239	386.8416567	142
3615	47375	397.7846185	142
3643	18691	459.3044764	145
3643	49186	466.6069231	145
3646	7253	450.3573505	121
3654	22772	200.2125069	159
3667	13101	884.4731147	66
3667	37583	889.8945758	66
3684	3523	1032.651234	25.97643606
3684	44344	1069.075102	23.27303253
3732	30684	208.1721832	202
3750	17491	886.6963401	143
3750	23203	1023.307022	143
3750	32026	689.7777862	156
3768	6891	438.9293043	144
3768	17725	408.4857782	146
3817	32853	426.1326309	104
3818	36972	252.108152	200
3822	17142	184.9244131	294
3824	12017	280.6692301	116
3824	35190	370.7548983	113
3824	41275	360.6225813	112
3826	34312	825.9951097	86
3826	42388	815.0644086	77
3835	31941	876.7433048	114
3850	11137	221.1225649	113
3863	1316	296.1615515	95
3863	14789	210.5193834	118
3863	28338	206.925546	100
3863	44988	230.3554184	111
3874	10406	332.3811463	188
3874	11669	262.0058462	225
3874	20926	231.9824341	200
3874	46834	268.3129327	193
3887	21693	190.3061019	156
3893	27285	297.3907246	193
3908	605	419.2973072	135
3940	11873	1515.394324	128
3940	39426	1766.978712	115
3940	47140	1720.215113	119
3950	2515	339.2878014	108
3950	11605	334.6165497	110
3950	34942	339.3298198	108
3982	23589	263.520553	168
3982	31066	340.8848966	170
3982	37029	278.4433473	162
3989	5931	278.8869242	206
3989	21745	360.4682145	193
4050	13275	336.733485	88
4050	17029	325.5316745	100
4050	48065	328.1615107	91
4054	39954	198.9862158	147
4064	44087	182.9297556	205
4069	3942	312.5877643	155
4077	27823	263.8677757	180
4105	24941	437.78699	144
4105	36872	472.35087	149
4127	13792	731.8478923	77
4141	32368	818.7897569	63
4151	12636	1149.963601	118
4151	44414	1137.616246	113
4161	28138	313.4172523	128
4162	8782	246.7662493	159
4174	30255	216.6245032	124
4174	47442	184.4330885	136
4204	46661	1053.250396	86
4206	656	432.4353555	179
4206	1234	283.8493784	197
4206	3719	302.1241245	219
4206	4499	311.522372	205
4206	13997	322.4677086	206
4206	14400	362.6772782	191
4206	25523	291.5455026	188
4206	26930	283.8023104	195
4206	28947	364.4727048	179
4206	29595	291.0006953	214
4206	33371	344.1506117	213
4206	34809	294.7451959	189
4206	37494	308.6019941	182
4206	43318	353.1532858	198
4206	43389	290.172407	196
4206	49390	330.1548999	194
4250	6747	899.1690056	115
4250	27718	923.7195106	110
4273	40392	346.6056681	109
4276	19584	190.5456912	225
4283	12551	181.7948993	199
4283	38131	310.3400959	198
4289	3636	392.4906635	92
4289	38683	459.0229459	80
4309	33337	246.7092145	174
4315	5821	303.3126414	131
4315	16089	238.0582739	129
4315	35085	267.4785147	122
4315	35836	318.7667163	125
4315	39559	277.1560632	119
4315	44009	291.2347902	116
4319	48410	306.2240181	201
4325	18972	257.6172308	145
4333	46275	478.1572127	163
4360	14850	196.7202868	190
4376	33152	916.1126868	111
4377	27577	517.2506186	95
4377	34764	507.0860147	96
4405	11660	279.5781386	151
4410	21531	227.9183503	128
4410	23778	219.9667095	154
4410	40641	212.2731783	136
4410	47610	236.3268364	135
4417	30234	237.9197554	102
4426	31578	353.3181773	98
4426	33518	346.9873389	101
4448	31485	571.994351	69
4448	36068	443.8513	90
4457	38641	765.1875608	164
4476	14498	1073.253935	86
4476	23980	1053.631552	90
4476	29142	1004.431101	90
4476	40080	1058.772301	90
4476	44733	1138.575367	85
4480	7300	342.6027599	129
4495	48723	184.4518252	218
4503	10905	602.9765997	145
4503	19860	606.1235406	145
4510	19378	328.9544878	177
4519	34522	376.495489	208
4523	2116	591.6347086	84
4534	12652	293.6710632	115
4534	39011	264.2518576	125
4534	43421	196.2621136	150
4534	44424	253.9291255	119
4547	3110	243.0605239	114
4547	17750	193.5582877	129
4547	24830	189.4202638	119
4547	26509	274.3702753	110
4560	10272	601.8985567	80
4560	22473	852.8156215	80
4605	759	325.1847614	129
4605	1895	311.7527136	132
4605	6273	290.9849531	144
4605	31047	237.6123918	151
4605	47497	196.6415918	159
4643	27122	638.8879022	257
4649	24404	409.4534389	132
4675	2526	469.1985843	181
4680	1184	1631.834075	111
4680	36679	1598.003549	116
4680	39173	1616.197957	116
4680	40073	1633.230509	111
4686	9903	302.1456028	198
4687	36365	1026.292684	122
4708	10001	311.3877546	108
4729	26069	531.0440341	92
4729	43605	574.0590778	80
4731	8471	591.1755507	123
4731	21199	585.7048205	141
4731	31236	539.6938431	140
4731	33827	484.1136466	133
4750	23948	710.8283943	87
4756	6381	314.9350682	109
4763	11137	223.5734082	118
4769	38641	770.2745596	165
4773	28075	2030.715943	55
4773	34845	2023.483331	55
4774	14231	259.8136822	130
4774	19448	195.1915294	149
4774	21747	307.5691094	119
4774	23380	358.3722019	114
4774	33218	262.4877982	130
4774	43500	249.2675708	139
4812	19332	280.1802198	161
4812	41278	251.7376876	173
4823	24911	508.6997216	122
4826	5519	1377.109205	101
4826	13883	1487.036246	82
4826	15430	1617.535006	80
4826	46496	1683.620821	79
4840	45163	187.3049425	212
4906	28721	1919.507553	88
4943	9486	651.807389	146
4985	40697	392.6403222	122
5007	27089	323.1060167	98
5007	35339	465.7869875	82
5030	529	744.2855205	133
5030	10280	754.5524524	135
5030	24228	721.0322193	133
5030	30509	699.9031631	144
5049	38067	185.0800299	169
5049	40111	202.1752213	143
5087	22670	1523.954908	70
5118	8330	893.6511335	145
5159	46867	670.0388734	95
5159	49933	673.961852	94
5167	44873	2097.084084	98
5168	25944	360.0170654	62
5172	30280	196.9044317	187
5187	30356	378.2371193	83
5244	4207	230.8571907	193
5276	37244	243.2861269	108
5287	11483	419.179749	92
5287	15228	416.0829585	94
5301	35211	184.8705382	157
5315	2964	326.8352273	123
5315	39623	341.4351718	125
5330	41848	256.9329755	93
5335	27097	482.5639247	37.7441779
5335	38615	486.4452093	37.7441779
5341	43614	620.622296	72
5367	33496	181.9292297	156
5380	11953	293.2857921	161
5386	39613	261.5941063	190
5397	37506	646.4087875	94
5403	4705	248.2948647	95
5403	14153	241.1129088	97
5403	14312	248.264604	96
5403	25652	248.5419163	96
5403	32228	238.1982326	97
5403	46215	247.5511184	97
5438	11553	255.6245581	168
5438	35051	301.7073893	159
5441	26820	785.3767496	89
5441	36040	1006.328527	75
5441	39869	1028.59586	80
5441	43113	787.6027309	91
5441	48694	885.0459732	86
5459	16482	199.9067224	135
5473	21590	839.0438693	102
5514	9807	447.2105266	175
5514	36976	393.6506619	164
5517	38954	181.8372737	157
5517	42521	204.9064312	155
5527	12834	752.592713	100
5527	25480	773.3995685	99
5527	41358	816.7764914	101
5556	21556	723.8148387	161
5575	8127	269.8984481	143
5575	17199	383.1396712	140
5575	46999	427.502292	136
5576	1213	805.5751768	25.97643606
5576	45503	796.1938307	27.1437722
5576	47154	796.1938307	27.1437722
5579	9795	209.8842259	123
5617	7285	705.6256782	58
5617	15641	780.1137809	41.21271655
5617	20853	930.6967524	39.44033602
5617	21156	636.5452254	59
5617	29908	869.6988312	40.31678793
5617	40998	798.5217124	47
5617	42771	737.7613258	49
5636	38358	200.6611301	249
5641	3855	560.9033208	136
5641	5786	675.5180799	126
5641	39392	647.6158652	124
5647	30695	258.0282338	77
5654	23170	407.738737	103
5660	23959	306.4370875	107
5660	39427	315.3552999	122
5675	3662	616.1886692	81
5702	40215	475.7758919	130
5713	30506	440.745515	160
5741	2855	259.6013843	137
5754	23728	1313.261128	128
5769	37353	819.7968311	68
5783	11982	398.6613884	123
5783	25133	387.3909732	123
5783	27857	410.3770444	122
5791	12652	299.9978775	119
5791	39011	297.335637	120
5791	43421	205.3490391	143
5791	44424	296.3956407	125
5794	2463	623.8421148	73
5794	6817	503.3145851	96
5794	9113	565.1317178	81
5794	34035	542.708723	85
5805	8656	186.2858705	222
5821	15358	224.5507845	159
5825	25468	1692.252695	100
5825	33902	1730.728959	102
5825	37873	1787.640159	99
5825	39344	1819.564729	96
5860	35763	353.5937352	119
5860	43562	382.7475322	124
5860	47010	541.6567923	113
5860	47683	458.8402618	122
5869	20317	379.5930794	111
5870	16011	442.7711906	127
5870	28988	548.8796401	117
5882	6076	1034.407251	58
5882	19560	1042.27561	58
5882	40069	1061.463545	57
5945	1731	915.0809272	102
5945	10166	735.2703393	107
5945	18703	1056.246349	97
5945	33890	816.7629276	110
5948	423	234.9376554	107
5948	6022	236.6722524	97
5948	11984	254.6992385	93
5948	15238	217.5521098	118
5948	36291	252.6754165	97
5948	48978	236.6089575	106
5949	7298	263.5375569	230
5949	29224	187.4153662	236
5998	2396	2031.298869	86
5998	29115	2018.775636	86
5998	49371	1981.27959	84
6012	16870	339.8868568	91
6039	12388	181.330373	212
6083	3872	851.2957783	95
6083	29877	716.3789754	114
6128	4072	428.6885007	135
6128	6938	490.6971714	123
6140	541	863.8326863	144
6146	6992	199.7392079	224
6161	9649	198.2270758	233
6161	10202	192.4850808	182
6161	14537	217.1855966	189
6161	20202	221.2118091	177
6184	25129	668.2666733	103
6195	19100	2506.997454	58
6195	47938	2513.66909	57
6232	29597	309.6292449	147
6232	44541	311.8823849	143
6270	17389	533.9775435	161
6281	13752	216.6749344	155
6281	34880	196.5326429	171
6342	1863	1131.752291	106
6343	14847	975.2540862	83
6348	16833	227.7672771	136
6348	41470	199.2397637	149
6357	38834	444.4587537	165
6359	25577	2022.424829	90
6365	183	896.5334474	122
6365	15975	791.7209902	123
6365	16895	712.2459754	135
6365	43887	656.0317795	129
6422	35105	321.3578949	178
6422	43994	328.5784575	174
6423	34628	743.9274066	137
6426	11736	261.1109369	207
6426	16928	200.7149224	220
6426	26793	269.1331051	201
6426	42023	252.2749605	189
6440	38056	266.9212012	153
6441	9102	351.9531346	93
6442	42218	1253.367252	57
6476	5077	357.7918046	143
6485	20031	3776.033256	21.78798276
6485	47063	3798.706635	22.27216015
6485	47958	3424.567274	22.27216015
6491	7803	190.0329955	142
6518	18990	278.4246462	135
6518	23382	218.3976797	136
6518	34707	385.5020269	117
6518	34943	205.0507309	150
6521	28901	282.8519187	199
6521	46443	199.0555164	211
6555	2852	551.9241694	111
6555	3366	499.1917996	119
6555	5887	478.3898134	120
6555	6851	485.6686482	121
6555	9223	550.6647544	113
6555	11156	536.9283101	111
6555	12583	496.9466519	121
6555	15542	551.7752811	114
6555	22417	507.4120408	119
6555	23449	490.2209998	116
6555	28194	551.1042998	112
6555	28854	539.0436646	114
6555	33728	577.9454497	109
6555	34866	565.350823	110
6555	38908	509.6936865	123
6555	40875	547.8382354	110
6555	44718	571.1213805	111
6555	46082	572.4816404	110
6555	46352	537.9389407	117
6555	47171	520.0873928	115
6555	47838	496.2036126	122
6555	48664	499.2199343	117
6597	36860	655.6301002	63
6597	45170	631.9406961	75
6620	9532	188.1255729	136
6626	5337	294.7949066	127
6635	35946	1026.933808	138
6635	42134	1064.073498	134
6640	8991	3224.253994	47
6640	31888	3291.104876	46
6640	42651	2781.080456	51
6654	11328	408.4709898	133
6654	13748	377.3191645	145
6654	40511	396.4835423	120
6666	15152	200.2340217	182
6691	41218	498.0531447	149
6696	20170	338.6074516	88
6696	27578	344.9614027	69
6705	41432	992.6382122	144
6740	39078	364.6601153	153
6747	12912	392.7570687	144
6747	24807	581.5737635	107
6747	43379	493.6995106	116
6754	25804	841.3676449	127
6756	22399	193.940135	57
6757	18808	781.2757002	109
6757	33960	696.7001549	112
6776	43644	713.9031197	69
6777	3478	1813.121016	49
6777	10516	1809.302664	50
6777	11367	1867.712387	48
6777	17067	1812.469402	49
6777	18355	1825.304949	50
6777	40545	1819.627241	49
6783	25270	1025.475282	129
6783	35291	1038.14966	128
6785	44693	3661.402092	80
6829	656	348.4332958	182
6829	1234	250.5850911	198
6829	3719	248.5584701	185
6829	4499	263.6921756	196
6829	13997	302.679765	183
6829	14400	330.0727011	189
6829	25523	250.805977	192
6829	26930	256.8496955	185
6829	28947	290.9442191	191
6829	29595	267.4368403	200
6829	33371	295.0776107	198
6829	34809	238.9988875	185
6829	37494	203.2227131	190
6829	43318	342.362778	175
6829	43389	284.5645256	190
6829	49390	282.8214251	190
6857	706	781.3492723	102
6857	4334	707.3757212	101
6857	14601	779.9531723	102
6873	45463	852.8943604	130
6875	24227	187.9634824	190
6899	11083	448.6846507	151
6921	16654	258.2955094	144
6937	43604	1092.652215	92
6939	6147	528.910251	174
6939	12013	610.9833491	167
6939	22646	573.2865108	177
6939	26540	567.0737546	173
6939	33557	549.8838066	177
6939	38874	507.5643499	187
6950	27097	536.0072577	46
6950	38615	539.708918	46
6957	2766	387.8909817	126
6957	10257	428.1300991	102
6957	28726	381.8952861	123
6957	30864	423.3815451	127
6957	31642	530.406223	117
6957	38835	486.9547971	108
6957	39025	349.777466	123
6957	40736	507.9756958	112
6957	45805	511.103485	124
6973	49116	280.4282411	157
7001	38269	200.0955591	135
7048	4207	194.1374954	202
7099	44555	282.9310852	157
7132	529	782.6377055	125
7132	10280	835.9037262	126
7132	24228	751.11617	130
7132	30509	761.1765266	133
7173	27833	1797.744058	39.44033602
7174	666	274.3823869	99
7174	27573	295.4995998	94
7174	35147	294.3681324	90
7174	37171	293.9476221	91
7174	41714	295.7366951	90
7186	11328	240.6183036	136
7186	13748	262.7585039	141
7186	40511	262.6017845	147
7193	11345	1440.489884	106
7193	19436	1573.680418	99
7232	35354	201.1205778	234
7242	37075	445.2422741	100
7272	33582	591.4000126	107
7295	36196	1541.647036	55
7296	11328	318.685871	121
7296	13748	296.8553609	122
7296	40511	295.542597	122
7345	10406	246.079621	249
7345	11669	234.5949352	234
7345	20926	213.2823614	223
7345	46834	204.5594423	235
7352	29306	343.9818969	106
7352	41821	338.4919447	108
7363	1417	181.0760646	193
7370	6281	282.8133534	101
7370	49005	288.5718604	101
7374	4604	1094.938445	52
7374	9429	1094.938445	52
7374	31794	1094.938445	52
7374	31962	1068.066111	54
7374	47684	1094.938445	52
7425	16780	407.5700802	117
7428	14395	1242.792273	76
7447	20657	182.5536053	192
7460	2855	214.5560407	142
7461	9543	1292.491143	114
7493	20031	3827.875767	23.27303253
7493	47063	3861.467693	22.76709704
7493	47958	3452.554872	21.31433096
7513	37794	507.3266091	97
7518	30695	281.6712778	81
7529	35976	730.3674582	71
7551	5505	595.2256906	78
7560	35171	3934.708602	79
7603	8049	545.3025634	70
7603	19980	591.2233071	71
7603	30248	583.2343094	71
7603	41571	591.2233071	71
7603	47561	586.8331281	72
7603	48299	591.2233071	71
7632	35858	368.7976201	169
7653	23184	197.8544271	201
7653	23561	207.7260814	204
7653	44406	198.1299114	172
7657	32	548.7815504	89
7657	518	408.4718659	108
7657	572	451.9734712	108
7657	901	445.4322477	108
7657	1175	523.6467035	101
7657	1466	368.3811421	117
7657	1619	522.0865586	98
7657	2640	365.3785301	116
7657	3041	388.6470195	119
7657	3876	440.385006	102
7657	4034	367.9880062	127
7657	4346	418.5675918	110
7657	4552	459.3609203	101
7657	6264	392.5251606	107
7657	8229	452.7784478	99
7657	8486	558.9243146	83
7657	8603	516.8656761	95
7657	9459	557.7171247	85
7657	10120	420.4602721	103
7657	11210	379.4684141	114
7657	12750	476.5868289	97
7657	13613	556.6589461	86
7657	13734	490.4831291	102
7657	13762	519.4979599	92
7657	14820	426.9407798	112
7657	17112	417.0134746	116
7657	17124	508.6406226	95
7657	17733	497.1411427	98
7657	18329	406.4851042	122
7657	18602	393.886459	118
7657	18969	470.4550678	98
7657	19234	366.0481803	130
7657	19692	502.0338059	104
7657	20350	507.435821	93
7657	22057	503.9705573	98
7657	22220	484.3899068	88
7657	22430	543.6450607	90
7657	22722	428.8935312	104
7657	24357	526.8846036	87
7657	24384	370.9045464	116
7657	24800	473.9000986	104
7657	26615	505.8026656	93
7657	27991	336.2807103	128
7657	28748	407.6829621	111
7657	29194	360.6033205	114
7657	30627	437.378962	105
7657	31884	438.9997428	108
7657	32476	393.3641016	115
7657	32887	339.779174	125
7657	33207	548.7368158	100
7657	34197	338.6807239	125
7657	34475	434.9151943	108
7657	34648	467.0628691	105
7657	35736	421.5158227	107
7657	35895	422.6589984	108
7657	39460	386.2076565	113
7657	39475	534.6200397	94
7657	40501	444.6420347	107
7657	41338	513.3122829	94
7657	41392	387.2748982	117
7657	41488	378.7442338	120
7657	43955	384.3393657	105
7657	44607	427.2151214	101
7657	44685	391.9831959	121
7657	44952	474.184479	101
7657	45337	442.1223753	102
7657	46081	350.5991023	119
7657	46321	376.1828721	104
7657	46326	417.0894104	101
7657	47297	337.7998591	118
7657	49539	435.294858	107
7657	49773	431.5413877	90
7728	13430	969.8891763	59
7728	21228	959.2825202	61
7728	22202	897.7764004	64
7728	28996	1024.662556	55
7728	30585	918.0580008	63
7728	35799	968.8797395	59
7728	37838	896.4760657	65
7748	9807	468.1902816	195
7748	36976	442.0873371	181
7752	12127	243.7080625	203
7774	11185	498.8039148	138
7816	9682	759.0616171	156
7816	37361	777.9821031	166
7819	6457	285.1451017	204
7819	17499	280.9139615	207
7819	26100	249.5022325	200
7861	42464	265.1043044	163
7909	32655	1012.078204	118
7935	11519	672.9334885	130
7945	4422	236.9655135	104
7945	19817	221.9765951	94
7945	36000	224.2734077	101
7945	42930	202.5691153	105
7945	45981	190.2250675	90
7945	48076	230.533668	102
7945	48142	232.6614057	97
7966	13430	1023.043839	55
7966	21228	1028.02332	55
7966	22202	966.5154996	59
7966	28996	985.8178922	58
7966	30585	964.2936798	58
7966	35799	996.599074	57
7966	37838	951.6018834	61
7979	32565	191.5662158	187
8032	14761	226.5050927	138
8032	34499	203.4324285	156
8032	36359	240.2155591	148
8039	13248	610.4502498	111
8046	29373	576.2935763	111
8049	37522	891.4499425	111
8057	31664	585.2870516	114
8064	13862	1558.229007	105
8064	29840	1340.639738	114
8064	42992	1208.380355	114
8083	41636	460.5589804	169
8089	11140	1114.19748	137
8090	16680	365.9176306	93
8090	21985	305.7306761	106
8090	22312	283.0208315	95
8090	31234	367.2034491	95
8090	33853	271.8290713	106
8095	20546	209.3493461	164
8141	5651	560.5538192	101
8146	417	463.060327	156
8260	949	373.661099	158
8260	48486	345.3813192	173
8265	7629	309.8273873	100
8273	27123	1171.987304	102
8279	3613	504.800311	144
8284	6957	420.0301477	98
8294	3782	2195.054695	112
8306	34459	660.7389036	115
8321	13826	436.684918	169
8336	5094	237.5423404	123
8343	34651	639.5158451	68
8343	48037	639.2453811	68
8347	19843	417.8533423	152
8350	19816	421.2202	161
8350	24841	326.8204083	185
8358	14105	482.3799279	122
8358	39507	515.7976482	125
8365	7033	2465.371316	134
8365	8543	2499.959295	133
8387	7065	244.657004	187
8393	31688	275.8700563	170
8398	5216	252.4555522	137
8398	30892	255.6002781	136
8398	33840	254.1296834	136
8398	42037	248.4165424	138
8424	43592	236.1179157	118
8437	8267	3788.877959	80
8473	16082	2617.48394	26.5536902
8473	21576	2607.046952	27.1437722
8473	24629	2367.725391	27.1437722
8473	28592	2620.308095	26.5536902
8473	31404	2619.259454	26.5536902
8473	41004	2619.259454	26.5536902
8478	44131	725.8041025	53
8486	6534	515.3887312	95
8488	9285	636.5595693	101
8488	17916	656.4115738	99
8504	31634	654.5696588	134
8504	35103	661.8211245	130
8543	44860	185.4952872	166
8576	10944	770.1947989	122
8577	7773	1008.027631	10.78367647
8577	42712	1027.98204	9.876102263
8589	38577	271.4316225	82
8666	2973	926.9094794	67
8673	8946	927.1527849	92
8673	24208	977.6423799	96
8738	3395	874.779727	38.58293741
8738	12932	1111.011849	39.44033602
8738	14641	1047.712993	42.1285547
8738	24635	1101.846115	40.31678793
8738	37505	1116.253808	39.44033602
8738	46471	1008.215862	41.21271655
8740	12855	2003.860697	89
8764	10393	1489.169405	66
8764	49347	1432.553666	66
8770	6075	386.5543024	209
8770	32007	287.3684859	226
8783	40373	247.22543	198
8789	8536	772.0409703	94
8789	12683	789.1865338	91
8789	46078	790.9283172	91
8826	7366	650.3918981	35.33572585
8845	6671	1697.687268	100
8845	16882	1708.41485	101
8845	39118	1552.907568	100
8845	43629	1513.536586	105
8882	20975	525.9197633	183
8986	35962	432.7062245	203
9014	9989	1009.087048	126
9014	15682	988.37881	136
9014	37110	994.2619575	132
9014	39233	980.8730364	130
9014	41620	1111.985678	119
9014	43702	974.3032257	125
9014	44168	1040.100664	129
9019	24725	282.1017677	151
9019	28486	317.0494183	135
9019	46258	278.2063256	146
9019	48377	255.6230499	158
9022	39788	659.7715657	94
9047	37466	295.7381417	130
9060	1709	316.0814001	154
9060	6094	353.8019166	156
9060	8693	242.1755545	161
9060	12184	290.2946247	164
9060	34068	272.4323776	162
9086	31025	1467.132364	79
9086	37893	1485.059223	77
9121	41859	223.2829271	135
9149	5558	221.1740663	164
9149	37183	251.5507393	172
9154	5105	2015.350924	65
9154	33083	2028.871144	66
9154	44041	2033.451541	66
9154	47330	1994.51382	68
9154	49936	1998.165674	67
9171	41156	681.2108535	99
9171	46192	676.1944813	102
9201	15370	392.910071	118
9232	32572	228.7711791	111
9234	16522	182.1346667	289
9242	41469	1168.57564	69
9251	44766	625.6449487	97
9253	43599	350.0311241	168
9309	48696	297.2391124	144
9319	25404	1402.286265	127
9374	44767	254.6266555	101
9382	39252	673.6659577	102
9393	8471	522.682678	128
9393	21199	593.811976	110
9393	31236	597.3923255	128
9393	33827	529.9630037	136
9397	22029	550.50234	146
9428	11576	436.7343821	141
9428	12856	437.5290689	137
9428	27183	629.2949876	125
9428	31108	509.4111935	138
9428	36622	472.1892516	139
9428	39457	465.0018256	142
9428	48799	507.1103425	147
9431	6114	1167.126578	163
9441	361	414.0015516	211
9441	30019	431.6878198	203
9448	33524	288.6845788	157
9465	12119	525.1375336	153
9467	48708	483.9206158	113
9513	36722	325.5572666	113
9518	31874	578.4251118	87
9518	35931	559.2587429	90
9550	45497	878.1148939	73
9566	17513	243.4261588	182
9569	40332	271.4703235	145
9609	41638	3734.925177	80
9624	34375	430.1678906	121
9627	25751	205.1110513	265
9663	33992	856.2861094	38.58293741
9663	49436	861.726797	37.7441779
9670	37727	333.1382402	254
9713	10406	322.4549518	196
9713	11669	276.3673726	219
9713	20926	275.3523323	202
9713	46834	278.7645153	207
9733	3143	208.8645183	114
9733	9843	329.3841826	116
9733	14067	290.1105915	121
9733	29513	287.9803485	135
9733	41273	283.0298817	120
9751	1018	1053.172761	113
9751	29932	1089.254086	118
9755	4856	322.6860959	220
9759	8171	187.725765	94
9759	8931	204.843508	88
9759	28083	202.3198449	89
9759	38845	215.4822783	96
9809	23683	567.0466861	119
9811	16986	947.5089754	122
9811	27139	1022.150942	123
9811	27276	1016.609829	124
9811	39899	981.6591299	123
9831	904	1322.983403	61
9831	16345	1257.836187	63
9831	34774	1324.103154	61
9831	36179	1265.348632	62
9831	41877	1349.247609	60
9882	5417	340.1824197	130
9882	18940	329.1787589	114
9882	38907	342.8262161	112
9891	17592	482.5241418	102
9891	28521	471.128119	102
9891	28733	470.7116831	110
9891	41363	434.3887518	112
9891	47279	480.7607102	102
9891	48498	491.369496	99
9916	40887	240.7519837	190
9916	45401	324.2587219	185
9943	20013	705.1551285	100
9976	12666	987.0526428	137
9976	48988	1245.184715	131
9980	44407	266.1613747	216
10010	594	337.8386293	171
10010	18606	289.0471124	163
10030	37291	246.2791694	233
10050	33932	579.9331001	108
10070	47193	646.4407133	107
10087	4564	879.1051479	37.7441779
10087	31389	879.1051479	37.7441779
10087	36466	879.1051479	37.7441779
10087	38346	879.1051479	37.7441779
10087	39751	879.1051479	37.7441779
10126	1870	2017.100196	105
10127	22965	493.1200327	138
10150	11106	822.4661573	54
10150	12428	811.3727128	57
10154	22116	522.155622	114
10176	971	988.700693	85
10179	31874	484.8652468	92
10179	35931	523.281823	81
10202	9041	1448.369548	77
10224	40462	185.0045336	227
10234	37304	422.9532862	125
10236	16825	208.3430105	217
10256	25661	202.5299531	248
10279	12652	239.1326952	122
10279	39011	266.7864694	128
10279	43421	200.9770614	146
10279	44424	210.5717958	150
10339	44760	379.7050346	228
10339	48289	301.7237427	242
10357	21624	2304.997629	67
10357	29188	2299.502029	66
10357	31210	2210.143272	69
10359	29693	491.3202733	130
10365	615	1451.817923	110
10365	4523	1530.790449	109
10365	9499	1795.210622	99
10365	20472	1864.07797	106
10365	29977	1781.882405	108
10365	36657	1768.876437	103
10365	41624	1730.551495	105
10375	591	606.4606827	101
10375	30520	618.7112918	97
10387	30285	1569.994891	52
10422	24691	613.6145363	59
10436	8471	514.8483409	145
10436	21199	542.1108321	136
10436	31236	488.5471417	163
10436	33827	577.1264662	126
10442	26600	682.043519	73
10501	9649	196.3333189	216
10501	10202	214.6442632	194
10501	14537	296.1822283	180
10501	20202	243.8924355	190
10503	19487	635.181427	185
10503	26403	802.7447563	177
10503	44666	852.3837146	175
10516	32	781.4313855	70
10516	518	462.6659046	103
10516	572	339.8942842	128
10516	901	404.5943441	114
10516	1175	674.0360344	75
10516	1466	569.1677995	89
10516	1619	692.9896808	75
10516	2640	367.2348561	121
10516	3041	320.7101139	141
10516	3876	404.9515519	111
10516	4034	452.8349184	105
10516	4346	437.5494389	108
10516	4552	586.9870912	85
10516	6264	391.0248521	116
10516	8229	404.8860348	119
10516	8486	597.0385891	96
10516	8603	452.4003327	98
10516	9459	551.8809041	94
10516	10120	353.217185	126
10516	11210	372.2533948	123
10516	12750	438.8845046	107
10516	13613	607.0527862	77
10516	13734	640.449239	82
10516	13762	578.3271031	102
10516	14820	608.8506748	84
10516	17112	493.2222307	101
10516	17124	686.3845478	78
10516	17733	679.4693829	75
10516	18329	396.9545011	112
10516	18602	347.1983171	128
10516	18969	633.0740279	83
10516	19234	390.4076706	113
10516	19692	713.968884	77
10516	20350	669.0626612	75
10516	22057	650.8263996	78
10516	22220	728.4248351	77
10516	22430	585.6879527	93
10516	22722	476.6319058	98
10516	24357	575.5183764	94
10516	24384	433.9486492	104
10516	24800	450.0769462	114
10516	26615	682.0288717	71
10516	27991	337.1688062	131
10516	28748	394.1295419	112
10516	29194	381.1744527	120
10516	30627	468.2995176	106
10516	31884	470.9594695	106
10516	32476	402.2966788	111
10516	32887	384.430399	112
10516	33207	636.3539453	85
10516	34197	369.7705551	114
10516	34475	410.2944476	110
10516	34648	436.3393867	108
10516	35736	442.6124063	110
10516	35895	409.9122783	125
10516	39460	384.404122	111
10516	39475	563.8901124	96
10516	40501	471.9610842	99
10516	41338	565.4967597	87
10516	41392	328.8918433	128
10516	41488	369.4984431	142
10516	43955	382.3320601	114
10516	44607	399.5877794	107
10516	44685	361.0365785	130
10516	44952	568.3603832	89
10516	45337	437.9318571	106
10516	46081	403.734841	105
10516	46321	354.9774376	110
10516	46326	430.179659	108
10516	47297	452.5339082	100
10516	49539	340.8450582	132
10516	49773	406.2135402	101
10550	43967	215.8458335	143
10574	7285	602.558886	74
10574	15641	793.4161288	59
10574	20853	738.7079753	61
10574	21156	800.1698996	55
10574	29908	687.983885	67
10574	40998	569.600257	77
10574	42771	579.5426645	74
10591	15308	247.1997669	123
10596	6455	1009.246865	77
10596	22906	1015.302238	77
10596	36271	1000.107411	75
10596	37403	1023.391072	79
10631	43235	233.3792096	105
10638	13956	488.8023522	99
10674	17621	2627.580497	57
10676	21134	987.3506911	114
10724	3635	181.9291323	186
10744	20013	876.3916271	100
10750	11725	285.8823217	101
10763	39052	564.5009962	179
10793	788	1339.99486	90
10793	18004	1329.481816	91
10793	21013	1337.747515	90
10793	35161	1328.399358	91
10793	39153	1339.99486	90
10796	9649	239.1788446	194
10796	10202	211.9748266	186
10796	14537	315.4148791	181
10796	20202	261.0115233	192
10799	38887	945.3369605	77
10801	17338	199.4694518	150
10828	31924	485.6639317	146
10842	19178	310.2564246	186
10855	585	513.4303144	119
10884	35542	1461.376741	79
10921	35627	372.1492847	137
10921	45760	390.038899	129
10955	499	314.9401997	179
10955	3791	269.1193953	169
10955	8199	217.8472902	169
10955	36170	254.8033093	165
10998	48365	2177.077034	75
11012	9290	699.2939291	115
11016	8177	774.0431917	71
11016	16494	576.8694379	85
11016	22437	388.3246924	89
11016	28122	624.2354552	76
11016	39931	738.9976713	73
11033	13498	4414.877173	14.03817541
11033	24422	3595.045953	14.03817541
11033	28157	4403.510217	14.35013486
11053	6797	200.3213756	147
11053	12452	195.9285916	151
11053	30411	208.934403	149
11053	30750	207.9276263	150
11053	49526	201.3358843	146
11054	20013	769.5843439	109
11072	1468	185.7690129	150
11072	33442	247.126791	135
11092	41000	216.0141191	169
11108	33691	303.2802041	157
11108	35866	260.9907089	181
11116	29071	651.6952023	82
11116	30511	650.1595027	82
11116	32097	638.9530201	83
11116	39411	651.6952023	82
11116	49702	638.9530201	83
11124	19631	792.7618251	82
11131	45428	212.4616786	211
11139	1189	371.0100529	153
11139	2504	435.3094748	137
11139	19811	376.907745	139
11148	12584	196.8030194	101
11148	18203	280.5526376	91
11148	20558	210.9709453	113
11148	30436	212.2583603	104
11152	46495	715.949821	92
11186	29693	463.7902618	120
11204	22778	520.4192	155
11204	33175	409.4032017	154
11204	35639	434.8205573	153
11206	22066	853.5710405	131
11211	9649	213.1036889	183
11211	10202	227.9868828	181
11211	14537	276.5580888	180
11211	20202	251.9995071	187
11216	3478	1963.403563	55
11216	10516	1956.07699	57
11216	11367	2060.024703	53
11216	17067	1974.023473	56
11216	18355	1971.509466	56
11216	40545	1980.478148	55
11236	7049	982.3995988	124
11236	18145	952.5729437	120
11236	32783	949.9139469	121
11236	35262	1076.921555	111
11236	48213	1068.715611	113
11242	31590	1501.235633	55
11242	36111	1586.14571	49
11242	43382	1582.901863	48
11242	50084	1409.222025	58
11243	32941	287.5922008	113
11282	12974	998.5974301	101
11282	48619	960.2384615	103
11292	6891	410.1094846	142
11292	17725	401.866599	143
11312	22916	324.4341205	139
11324	11214	342.5261796	179
11324	49054	450.7437634	155
11333	19724	861.9433277	108
11333	31505	935.305149	94
11333	43161	878.6145048	101
11359	4049	238.0075196	70
11359	7660	240.1526986	69
11359	11105	239.4590957	69
11359	28618	235.8068143	70
11359	37293	240.1034795	69
11370	17342	609.3967512	155
11370	20082	518.2299417	170
11370	24114	624.0573608	167
11370	40171	585.3708354	166
11395	8991	3220.695981	42.1285547
11395	31888	3234.470006	42.1285547
11395	42651	2989.915908	48
11402	423	220.9005472	107
11402	6022	193.9021679	107
11402	11984	228.5115045	100
11402	15238	182.8093045	118
11402	36291	213.6067363	109
11402	48978	188.405616	123
11406	28997	641.1029991	101
11406	32377	641.0974009	97
11410	971	855.2783003	85
11429	2133	881.2793261	55
11448	11070	959.4683265	97
11451	5553	1286.824435	99
11471	31821	660.9943263	178
11474	9235	738.3679979	128
11523	9110	868.725374	57
11523	21471	875.9250231	56
11523	37584	695.0030776	69
11548	18774	333.1268399	156
11548	39101	326.8897993	155
11549	3597	387.2864725	126
11549	4212	529.5653354	92
11549	8112	354.2064321	137
11615	39240	203.3982971	263
11621	1190	243.4678471	203
11621	3002	319.3609399	197
11621	4168	290.5228076	186
11621	5619	319.7177942	181
11621	13694	331.1067138	179
11631	19019	430.4611986	149
11641	6005	523.388869	99
11641	13610	600.3729656	92
11641	21343	578.3204019	96
11641	33845	563.9271379	96
11641	35631	602.6120599	85
11641	40814	581.5212078	96
11641	49808	559.114922	96
11675	3364	912.9838764	91
11675	19316	935.943245	88
11691	43152	215.3716579	132
11708	24876	1099.188354	153
11734	12044	258.8185127	207
11734	26188	270.2682302	174
11734	39327	220.988121	206
11758	27953	381.8467602	127
11766	23090	2252.785904	58
11791	6541	422.4561879	132
11791	33481	401.3983767	136
11791	45294	676.8792306	112
11825	16192	1611.154881	69
11825	18565	1614.318272	68
11825	20406	1407.244256	76
11825	21229	1252.839453	87
11844	34556	372.3373163	200
11864	736	235.3627837	195
11864	21142	198.7736803	226
11864	47235	208.7798094	201
11864	49630	222.1300579	221
11875	17893	1362.38793	128
11881	6881	184.0661249	98
11890	22647	440.7846363	87
11957	4928	250.732407	145
11971	34811	223.1323632	160
11988	37225	2607.095517	93
11988	49823	1456.487097	103
11992	46191	651.891338	168
12048	29414	495.7488542	188
12050	1824	1006.128107	67
12050	31750	1005.144776	67
12050	39044	1006.128107	67
12055	36368	253.7566445	170
12083	18157	226.6702776	148
12160	44871	518.4972534	110
12168	16851	191.4904376	146
12173	10279	513.1934711	75
12173	12644	506.8869005	76
12173	17349	513.8634975	75
12173	40526	520.1992049	72
12173	42175	510.883416	76
12187	13601	685.1778897	140
12206	32147	496.8166083	132
12245	20429	2446.519868	109
12245	31703	2198.201149	116
12266	944	367.0482679	96
12266	3460	250.5337756	147
12266	7567	363.1617528	98
12266	15075	332.7805381	100
12266	16381	249.132165	148
12266	38281	364.3836041	96
12266	42446	245.560092	149
12291	3184	470.0256046	142
12291	22060	571.0743968	122
12302	49901	3989.464112	47
12315	13900	196.0790306	124
12341	38577	271.4316225	82
12353	14555	454.9276297	47
12353	20177	437.3491994	45
12376	10426	247.0755015	169
12391	4951	230.2737403	95
12391	31689	202.7791386	96
12423	24444	1578.311946	96
12423	24808	1684.438157	89
12423	30269	1569.132801	99
12450	15343	343.9074688	102
12450	25451	333.9733332	105
12450	46644	202.9676426	131
12463	35312	181.7490834	155
12485	36129	1758.748845	138
12508	12817	1476.41402	89
12508	45279	1290.624649	97
12524	12883	387.7391366	153
12526	27371	443.8708746	119
12531	8544	193.5865434	174
12544	36224	442.1759071	176
12554	34901	189.3543575	271
12569	44629	341.1145844	305
12583	17704	401.4637399	83
12583	34398	410.3296501	80
12583	46406	412.6520658	80
12586	656	477.6473915	170
12586	1234	381.6706514	164
12586	3719	353.8171292	187
12586	4499	394.4560336	178
12586	13997	339.0663928	201
12586	14400	347.3734642	195
12586	25523	333.6835684	180
12586	26930	353.9778853	174
12586	28947	451.1675078	174
12586	29595	309.023784	200
12586	33371	335.9105626	192
12586	34809	356.3074663	186
12586	37494	296.9521966	196
12586	43318	398.3324981	179
12586	43389	334.0026555	191
12586	49390	370.9912191	179
12627	21910	258.3091397	167
12647	38902	331.5423787	186
12652	6671	1433.083923	94
12652	16882	1436.437014	92
12652	39118	1367.404241	93
12652	43629	1426.002454	92
12663	20659	326.9014978	149
12665	21840	246.4226454	151
12665	39351	199.581245	170
12696	12113	1552.788599	93
12697	11328	365.8766886	121
12697	13748	420.6355752	118
12697	40511	417.0137253	119
12709	2900	293.7372179	128
12709	39680	304.1099023	125
12709	42161	310.024596	119
12731	1811	1302.225685	61
12735	48872	240.3969453	246
12766	9202	288.7363652	148
12766	44055	297.7679366	145
12766	48562	297.7679366	145
12768	12298	513.8996747	112
12783	19859	1103.711461	85
12783	21800	1265.608684	81
12783	25586	1161.517474	77
12783	40876	1260.591776	73
12783	44013	1193.878684	84
12791	18693	392.0029636	108
12791	46171	389.5400936	109
12808	41984	257.4199025	120
12813	3935	503.5075475	122
12813	5636	505.4269673	123
12813	7696	224.614955	151
12813	30770	269.2789559	172
12813	43987	461.1319267	134
12819	28719	1206.3631	59
12823	5292	1242.59859	95
12823	28424	997.5762556	97
12844	13779	658.8218415	80
12844	14228	679.9612204	80
12844	18929	659.2398445	81
12844	20961	660.3997193	82
12844	27130	660.1050629	81
12884	2907	350.6408502	193
12884	18834	539.4847796	187
12884	22806	415.3422627	200
12884	39175	427.9882946	199
12884	42284	334.8228625	195
12884	47680	486.1712902	189
12892	43401	443.433261	119
12917	12633	202.3917298	229
12931	38884	1628.816813	74
12953	9285	609.624583	113
12953	17916	596.6605844	114
12990	39935	184.4219985	177
13001	30695	269.7514729	72
13028	15887	803.2544816	97
13028	28028	643.4580387	104
13028	32912	413.3257742	118
13034	25244	620.0712344	90
13034	42290	780.2528897	98
13047	18005	3966.153988	41.21271655
13047	29229	3974.207863	41.21271655
13047	31996	3942.156514	41.21271655
13047	34026	3984.7273	40.31678793
13047	38586	3959.067289	41.21271655
13047	40487	3997.452661	40.31678793
13047	44644	3996.828953	40.31678793
13047	44682	3921.185469	42.1285547
13054	4290	1111.063858	113
13054	27441	879.4673763	128
13054	28107	983.8056707	121
13055	40900	200.2896081	128
13055	42546	214.5696946	135
13100	43152	212.1501345	124
13135	15757	417.7102237	151
13135	20473	307.1485777	172
13135	20700	287.1721704	170
13135	41085	392.0001787	146
13145	36491	185.649046	110
13156	10701	576.5882734	75
13156	31041	586.9007734	74
13156	34572	584.8045961	71
13156	42370	460.2935135	81
13156	42611	620.7171319	67
13177	6671	1157.035512	109
13177	16882	1194.046693	105
13177	39118	1152.887115	100
13177	43629	1190.894733	106
13194	643	1009.513142	121
13274	10193	262.2946359	170
13274	35125	223.0971489	178
13370	27997	293.9592391	122
13371	12810	2075.498716	79
13384	24824	203.3538077	200
13388	1215	250.6357908	108
13388	6470	247.8787572	97
13388	22443	247.6782408	110
13408	8639	303.8716516	272
13413	22992	451.1425161	85
13414	24783	647.8267608	95
13425	8269	186.9280266	232
13434	29570	197.6858915	178
13448	1597	532.6229075	93
13448	18232	521.1018997	96
13452	39502	215.7305207	193
13469	44389	898.8281045	88
13486	25783	301.0120896	115
13535	32	522.7287102	90
13535	518	433.4251981	96
13535	572	401.3877532	106
13535	901	391.8274237	111
13535	1175	526.582111	90
13535	1466	423.9749214	100
13535	1619	518.7233806	90
13535	2640	320.8777827	123
13535	3041	307.3496336	135
13535	3876	380.5782713	106
13535	4034	401.0654892	101
13535	4346	383.2416886	108
13535	4552	445.6876929	100
13535	6264	349.0697012	123
13535	8229	427.6564655	90
13535	8486	534.5070882	85
13535	8603	440.3622674	98
13535	9459	525.5433294	91
13535	10120	366.5307378	115
13535	11210	346.5622376	129
13535	12750	460.8354023	95
13535	13613	505.8500802	94
13535	13734	442.0439086	107
13535	13762	528.7214211	90
13535	14820	500.0115155	93
13535	17112	472.2088894	96
13535	17124	530.3904374	87
13535	17733	549.9265359	85
13535	18329	375.3816437	107
13535	18602	395.6761917	112
13535	18969	509.4572167	94
13535	19234	346.9281976	111
13535	19692	525.7890345	90
13535	20350	528.8340869	88
13535	22057	552.767772	85
13535	22220	487.5979907	91
13535	22430	470.3616629	97
13535	22722	413.5381802	103
13535	24357	487.6293324	97
13535	24384	419.523001	103
13535	24800	385.4998707	116
13535	26615	538.5839607	85
13535	27991	310.4136491	132
13535	28748	376.1891218	108
13535	29194	411.4869633	106
13535	30627	410.6773875	107
13535	31884	448.9571056	102
13535	32476	416.4359534	95
13535	32887	351.9155731	119
13535	33207	501.9021815	98
13535	34197	337.6865953	122
13535	34475	377.8463903	112
13535	34648	409.6167471	99
13535	35736	450.59059	93
13535	35895	438.2825874	97
13535	39460	365.7930925	112
13535	39475	465.1007646	105
13535	40501	400.4447579	111
13535	41338	469.9572533	93
13535	41392	365.0750583	113
13535	41488	368.9318939	115
13535	43955	362.0466781	122
13535	44607	458.7074041	97
13535	44685	380.3505062	116
13535	44952	460.0351884	98
13535	45337	385.9827642	126
13535	46081	392.0193966	108
13535	46321	367.0928958	102
13535	46326	356.2785066	120
13535	47297	376.6002936	123
13535	49539	372.1874468	128
13535	49773	366.8084682	102
13549	2261	373.792454	109
13559	529	572.45508	140
13559	10280	586.9298034	146
13559	24228	550.2844064	144
13559	30509	515.1015929	156
13562	46923	238.7814873	203
13580	8354	675.3439602	102
13580	9142	664.5005548	104
13580	14362	522.6698169	108
13580	24147	767.183122	94
13580	24406	550.5107751	107
13580	35955	644.8305176	104
13580	37339	544.6004304	110
13580	39490	539.9336101	111
13654	47675	185.0797192	110
13660	8185	735.3606741	136
13660	9819	727.3536981	133
13661	9534	333.2953292	161
13661	11909	381.4248166	147
13661	14600	381.6097075	148
13661	47286	351.1479895	158
13663	49940	234.7264427	234
13676	1401	507.48755	70
13712	10967	230.2101471	157
13712	12332	230.2006316	158
13714	8471	596.7068526	128
13714	21199	581.2146632	143
13714	31236	555.4724621	146
13714	33827	539.0390368	139
13737	20697	622.1691526	118
13737	30790	613.8953803	123
13737	37722	595.8759307	123
13738	37088	1341.658661	89
13747	23036	546.4313735	178
13747	43850	529.6891922	180
13747	45717	502.1835335	185
13778	34937	273.3170012	104
13785	32694	185.081002	283
13801	32776	954.1947754	112
13824	5676	315.9757209	117
13824	18504	327.55627	114
13824	32488	326.5129066	114
13824	43663	295.485314	122
13829	17126	244.3284551	185
13829	35485	213.0058243	154
13831	4295	530.6393237	58
13849	36705	1219.632802	71
13861	43633	359.400324	134
13868	7720	509.9411965	154
13868	21106	413.3600823	153
13870	43773	973.3135956	62
13873	43058	964.8944643	94
13877	30917	745.0066657	113
13900	2356	207.2523571	225
13900	47243	233.2867975	220
13918	17838	230.4130698	134
13929	1153	1691.469636	64
13929	6600	1427.096583	77
13929	12990	1608.40916	66
13929	24696	1702.269871	63
13929	29535	1620.434527	64
13929	31151	1747.357707	60
13929	35475	1659.227785	57
13929	37158	1855.07292	57
13929	39725	1796.206071	57
13947	48340	846.0737335	89
13964	4536	233.3576274	162
13989	11127	1633.645406	66
13989	35101	1861.37619	63
13999	417	484.4686666	142
14007	30844	879.0789586	76
14009	36220	418.576327	137
14010	6780	648.1946641	128
14020	32942	199.7397758	125
14030	15206	3201.940246	51
14030	16988	3163.704079	54
14030	30643	2684.003322	57
14030	49637	3206.925834	51
14063	4637	182.857568	254
14078	18797	372.1129725	48
14112	1037	268.1068811	138
14112	2993	252.1377043	131
14112	14134	234.0022649	145
14118	48683	1008.903392	78
14215	1250	1894.810139	144
14248	2829	944.5436147	74
14248	28431	1026.56403	77
14291	42942	1021.061254	75
14293	37394	192.4866681	143
14304	26339	1266.665288	76
14304	37730	1292.792435	76
14325	42027	989.4871865	97
14352	11328	331.1593975	125
14352	13748	380.7532262	141
14352	40511	388.8972988	133
14394	4466	224.1532343	223
14394	23407	221.2731595	223
14398	11732	377.649185	188
14398	26746	353.4101311	192
14418	38809	566.9741948	124
14439	31272	222.9809078	170
14455	10579	327.8703932	107
14481	1991	728.6864996	114
14481	9245	719.8533908	119
14481	19183	698.4325489	123
14481	27893	788.4402723	118
14481	37334	712.199289	123
14481	39147	709.2078691	113
14528	9246	914.9631641	74
14528	25380	675.263911	86
14528	48514	825.9636831	73
14528	49335	800.7008851	86
14531	32538	278.9013745	109
14557	47454	218.851139	161
14569	33343	283.14734	236
14569	35758	228.6093173	252
14571	48308	696.3578105	82
14574	2541	209.7452701	143
14576	19621	228.6261392	173
14607	1851	874.7612447	57
14607	20983	874.5103381	50
14607	29365	874.5103381	50
14607	38073	874.2345993	48
14607	40767	870.9488299	50
14616	43750	397.2431159	146
14627	26217	989.4532335	90
14627	44364	986.2104536	91
14649	22597	3644.759919	51
14668	11627	196.2103822	136
14682	13017	499.1191688	157
14690	3221	437.3514333	186
14694	13030	184.6186273	220
14699	22230	675.3047369	126
14711	5373	867.8482406	107
14711	22472	823.1159676	105
14711	30351	853.0326651	111
14711	44671	804.2703778	115
14731	14890	567.1632138	116
14750	18148	2607.761794	59
14750	32737	2609.112415	58
14762	15388	482.8038005	115
14762	35523	508.4385565	114
14762	49613	560.7804077	127
14787	5505	595.2256906	78
14800	40958	183.9815822	162
14806	28270	262.3410591	175
14820	6419	234.6271279	122
14820	11332	275.0965683	109
14823	9848	412.3941838	155
14844	11170	214.2550202	115
14844	48572	395.9301661	112
14845	48979	194.9820973	134
14868	32098	1138.522674	141
14868	43322	919.3234556	149
14895	49394	190.6766083	201
14917	1994	3890.530441	91
14941	30717	1799.530385	70
14943	17664	996.4275063	107
14943	36695	994.6418089	109
14943	37004	1019.192619	105
14958	7838	285.540003	148
15079	30304	376.2388365	184
15079	40227	190.6042554	192
15096	16012	241.5905003	123
15096	17738	225.3044995	127
15096	19779	238.1715595	124
15096	49040	238.1715595	124
15100	17762	1133.865013	127
15100	22392	1171.143415	122
15104	13815	1593.698162	76
15124	14635	810.4767479	113
15124	29572	929.6209102	99
15124	36212	872.4284603	111
15144	6684	368.8964141	182
15144	25314	279.6990288	194
15144	34555	201.0911657	197
15151	10488	239.4424042	182
15151	49669	226.6534185	181
15179	23215	226.1786333	100
15188	45057	547.8633637	96
15202	13430	905.8782045	62
15202	21228	899.8499419	64
15202	22202	872.7012486	62
15202	28996	878.2003952	65
15202	30585	862.6100828	66
15202	35799	918.6779117	62
15202	37838	881.2881688	65
15221	1313	423.5585461	97
15241	3597	703.4420005	77
15241	4212	609.5160941	86
15241	8112	566.4949007	88
15242	29248	498.4189237	185
15265	40856	457.3822137	110
15267	20163	1482.847577	93
15285	3950	462.1218234	152
15316	26047	977.1839456	117
15316	31059	1026.646611	108
15316	32111	908.1868394	113
15316	37240	877.4313187	122
15316	44784	921.5599337	120
15322	8668	1120.461815	101
15327	34014	545.0962286	75
15347	9246	911.0847973	75
15347	25380	627.057489	96
15347	48514	788.6644881	83
15347	49335	812.0479058	87
15349	21953	380.8463499	108
15359	9796	506.3744991	99
15359	16757	620.4147833	85
15371	11620	534.5573356	94
15371	19329	521.4929993	94
15375	3951	4220.847188	96
15389	3636	886.3270326	54
15389	38683	801.6819202	65
15407	1920	307.8905214	101
15407	22949	309.6368827	101
15407	28482	371.0310787	79
15411	7450	908.00344	80
15416	4891	1029.462651	153
15416	14286	1384.376632	146
15420	12679	683.9911511	162
15426	10109	260.2178039	194
15426	20704	311.0388717	189
15518	45468	418.408647	117
15527	26712	328.8654224	111
15527	28322	320.7805415	116
15527	43102	330.086741	114
15545	46939	430.2115826	159
15577	25273	316.2234146	118
15595	43632	564.2438782	93
15627	1614	963.6401046	55
15627	18272	967.6032808	54
15627	46339	966.9530007	53
15632	5995	1376.550552	122
15632	9934	1136.478586	117
15632	13781	1115.539599	120
15632	27452	1135.681742	118
15632	35718	1037.961536	123
15632	36248	1051.223453	125
15642	11565	637.8588385	77
15642	28216	639.7948552	76
15679	22809	239.6052396	115
15689	1044	681.3670337	111
15689	6845	724.7639882	97
15689	28599	657.8058738	114
15689	37278	627.7998646	116
15718	9055	203.3505037	98
15718	16965	227.6651891	97
15719	20267	376.837289	79
15729	5607	1750.609597	84
15732	34514	1343.667686	76
15739	4868	2381.464085	89
15739	25980	2370.249213	89
15744	34345	540.9967818	86
15746	43568	355.7898038	178
15785	14747	1358.582136	36.92365229
15785	32250	1346.364268	36.92365229
15785	46365	1353.024847	36.92365229
15790	12121	772.6564637	47
15801	7764	206.4234196	57
15802	26253	1045.317706	99
15804	16192	1551.831122	71
15804	18565	1581.124365	69
15804	20406	1419.414932	75
15804	21229	1363.164605	80
15850	8288	655.8395265	67
15850	13319	608.8899194	71
15850	17905	609.6487607	70
15850	26351	530.2555213	82
15850	34203	647.4114022	64
15854	8754	521.5045753	135
15854	30815	581.9096991	150
15856	8797	196.3017681	207
15860	21624	2535.654273	59
15860	29188	2495.175855	61
15860	31210	2300.095009	65
15863	13614	938.4457483	115
15863	41946	888.3944875	123
15904	31734	955.5929436	76
15946	11328	380.1830597	132
15946	13748	377.1922571	137
15946	40511	386.158574	131
15988	1122	216.6628737	159
15994	5145	197.1081286	175
15994	27895	199.3286377	166
16004	763	537.9541229	93
16004	8337	537.9541229	93
16004	18359	537.9541229	93
16004	19187	530.1985048	94
16020	15768	210.0805389	138
16020	35685	297.3380851	115
16034	13305	394.2626788	63
16034	36966	501.9488452	72
16042	8807	493.5748104	133
16072	2776	183.9425913	160
16104	27527	793.4723552	89
16104	46472	794.2067721	90
16110	25994	414.3167295	141
16111	34757	188.7571337	213
16125	30974	651.5207365	119
16139	22337	1475.198565	64
16142	38396	199.7343091	194
16142	43192	255.4250919	188
16145	8063	253.4518395	113
16164	28543	568.1797105	101
16169	25645	427.607145	140
16197	6012	329.4924384	187
16197	19688	366.7419004	170
16197	23972	384.4232958	170
16217	32	623.7822552	82
16217	518	431.7878	104
16217	572	298.1295325	153
16217	901	362.3126007	117
16217	1175	633.2240207	76
16217	1466	544.3897264	92
16217	1619	622.1923801	86
16217	2640	332.3425849	124
16217	3041	355.0273309	131
16217	3876	366.5549616	113
16217	4034	404.8096827	118
16217	4346	380.4664312	116
16217	4552	545.3697893	91
16217	6264	371.5446492	121
16217	8229	358.6947298	122
16217	8486	574.7357916	81
16217	8603	441.917634	104
16217	9459	517.0013288	94
16217	10120	342.7137298	118
16217	11210	358.9572945	124
16217	12750	403.025148	113
16217	13613	559.7299624	90
16217	13734	572.0630695	101
16217	13762	545.3941449	96
16217	14820	592.9238461	86
16217	17112	446.1606283	109
16217	17124	625.0647467	86
16217	17733	611.8675679	80
16217	18329	335.8795425	127
16217	18602	331.6842484	130
16217	18969	541.2390492	96
16217	19234	351.2879397	116
16217	19692	640.8530903	84
16217	20350	591.0229361	84
16217	22057	578.2597402	93
16217	22220	701.1600674	89
16217	22430	504.2395912	112
16217	22722	440.4951257	102
16217	24357	567.3202185	94
16217	24384	411.5369479	108
16217	24800	443.6500812	102
16217	26615	613.9700291	80
16217	27991	328.8698495	129
16217	28748	401.7888591	108
16217	29194	390.3165767	115
16217	30627	415.4771022	122
16217	31884	413.4785857	115
16217	32476	349.5753323	122
16217	32887	327.0903147	122
16217	33207	629.8908879	86
16217	34197	319.8710605	122
16217	34475	366.7059918	118
16217	34648	406.6335248	111
16217	35736	431.3923548	104
16217	35895	397.1418596	125
16217	39460	327.4972462	125
16217	39475	499.1571147	106
16217	40501	425.2284816	106
16217	41338	532.2516902	89
16217	41392	332.8184103	128
16217	41488	363.3753752	132
16217	43955	420.9376511	101
16217	44607	368.3186417	118
16217	44685	324.7842021	144
16217	44952	542.9736641	95
16217	45337	403.060205	115
16217	46081	409.0210933	102
16217	46321	383.1106026	100
16217	46326	384.1486903	109
16217	47297	359.1521791	115
16217	49539	274.3172988	160
16217	49773	402.8595533	100
16218	8917	500.4648997	100
16218	40762	491.9740953	111
16218	49762	530.6294752	101
16270	28244	1354.487544	102
16291	46240	332.0922495	133
16300	12105	303.3891878	109
16300	22540	304.0927873	108
16300	43306	304.1627071	108
16300	49252	312.0442212	107
16300	49963	305.0384589	109
16320	8064	255.2304495	98
16320	39720	227.5476217	97
16343	3872	1345.541274	88
16343	29877	630.3650813	127
16350	42915	1125.295887	87
16378	20731	564.9069429	70
16408	5896	1887.248313	72
16410	21260	305.1396937	144
16453	8664	1522.205867	80
16453	28616	1686.732054	85
16455	974	884.9206959	52
16458	11758	210.3427037	200
16467	14728	531.6635254	136
16467	28532	557.0644973	125
16467	36300	581.6154621	130
16474	24791	476.1044189	181
16474	32645	520.8068312	189
16495	16756	1088.385098	105
16495	25637	782.6965482	112
16513	3613	474.1260365	136
16514	12112	2447.009875	48
16544	22948	695.2921078	81
16556	23851	263.6419821	105
16563	49449	1409.336164	112
16571	7285	726.6649344	63
16571	15641	726.9600369	54
16571	20853	797.1480425	58
16571	21156	630.9106092	68
16571	29908	790.1198163	62
16571	40998	682.2043803	74
16571	42771	660.2745093	74
16587	9916	526.3093226	104
16587	32053	434.3247809	118
16592	37977	641.9561011	99
16602	18584	309.3072037	78
16622	15429	255.8150818	152
16622	23444	245.4533895	161
16656	13612	1836.378168	95
16656	15195	1960.295516	89
16666	26339	1168.188777	84
16666	37730	1202.8542	81
16678	656	304.8331084	181
16678	1234	207.0995877	192
16678	3719	207.7462258	192
16678	4499	224.9502821	188
16678	13997	215.9354956	210
16678	14400	288.2416225	181
16678	25523	204.5073686	201
16678	26930	215.7400245	207
16678	28947	371.9188181	171
16678	29595	219.1600805	200
16678	33371	299.9168566	165
16678	34809	222.0248432	209
16678	37494	198.8289317	184
16678	43318	249.6275306	195
16678	43389	268.2441756	197
16678	49390	276.1055806	191
16686	32021	2035.862077	69
16693	46275	502.2964363	157
16706	37127	1376.748146	84
16713	8810	514.5656423	120
16731	12469	304.7865327	167
16802	21453	411.7710418	157
16813	19808	683.726517	109
16813	40950	759.3025862	111
16816	7965	318.9495773	97
16816	36088	276.8263503	122
16823	15736	811.0523636	123
16823	45926	850.1414623	120
16865	42776	2585.771575	99
16882	3605	599.6107058	144
16882	37456	578.7038255	144
16902	44131	1014.932478	42.1285547
16904	16699	1183.299915	125
16943	9532	193.5900139	136
16948	1545	873.0170056	81
16948	4598	877.6356855	83
16948	23782	872.1919099	81
16948	35206	873.4560998	81
16954	21972	1047.081899	120
16954	23178	1069.045564	118
16956	17166	597.133512	200
16962	998	1448.329705	31.65828812
16998	35864	1100.964857	80
16998	48104	1075.882064	87
16998	49932	842.1285796	90
17016	2463	637.7170577	71
17016	6817	514.7930685	92
17016	9113	559.2318798	81
17016	34035	549.7126658	86
17031	11982	584.7239892	118
17031	25133	539.164968	125
17031	27857	503.6357484	129
17088	7310	476.444402	133
17088	19484	486.9150042	130
17088	37845	513.8536415	128
17090	8113	263.0214154	79
17090	23538	264.7030121	78
17090	25027	287.5264193	65
17090	25215	256.5793451	84
17090	44322	300.5383145	62
17090	45129	295.4527606	63
17092	12884	549.8703712	127
17213	14795	1942.182673	81
17226	9050	1723.522442	15.32822746
17226	11042	2139.348226	15.32822746
17227	7843	598.5640324	105
17286	38822	666.3143405	149
17299	15385	2084.154883	133
17310	46225	234.8222031	137
17312	45188	497.2229306	156
17320	6201	545.8771696	102
17330	10082	919.9190679	98
17330	39792	868.3677764	105
17335	6534	390.0903652	98
17342	10867	198.7052714	152
17370	15935	589.889322	87
17396	21281	2242.70558	52
17490	38648	1640.304145	81
17507	15370	283.8638198	121
17516	47649	885.9131867	117
17535	38809	459.6771336	117
17559	27610	1943.921268	68
17576	10940	423.1912739	166
17593	163	264.3575783	71
17593	22095	253.7259166	75
17593	38929	266.3060347	71
17594	27759	408.7750548	108
17594	46921	503.6086488	109
17597	42826	1705.066796	58
17601	11328	399.751615	113
17601	13748	410.6549673	109
17601	40511	427.304096	107
17649	4351	181.0890282	141
17652	4293	203.9871802	213
17661	6383	258.8643555	161
17664	15308	194.3675869	134
17668	8974	916.8086693	108
17674	5389	522.3521678	141
17678	8288	478.4832572	90
17678	13319	418.9468132	103
17678	17905	430.969506	102
17678	26351	506.8615879	91
17678	34203	454.3819721	96
17687	31201	828.8599625	165
17717	35637	197.2013873	180
17726	38170	792.5871189	138
17735	3828	412.6976538	86
17735	6679	427.4236146	79
17735	41841	520.0991161	82
17738	12044	242.043893	170
17738	26188	215.3710084	197
17738	39327	205.2830312	168
17747	32	542.5134376	82
17747	518	569.6267453	72
17747	572	478.0640696	89
17747	901	504.1740858	86
17747	1175	415.4659745	103
17747	1466	402.2690429	106
17747	1619	473.0194502	91
17747	2640	441.414797	92
17747	3041	407.3869952	102
17747	3876	469.4250429	89
17747	4034	508.1323303	83
17747	4346	562.748417	72
17747	4552	420.5366056	97
17747	6264	505.3547112	83
17747	8229	480.6489933	85
17747	8486	500.1967088	84
17747	8603	497.99342	90
17747	9459	457.1060428	90
17747	10120	474.9328748	76
17747	11210	396.6587032	107
17747	12750	538.2232384	80
17747	13613	453.869254	96
17747	13734	430.2577916	96
17747	13762	490.4822768	89
17747	14820	427.2114466	100
17747	17112	489.4624727	94
17747	17124	460.5542333	95
17747	17733	435.0222425	99
17747	18329	455.1075091	91
17747	18602	431.4784388	97
17747	18969	433.3501969	103
17747	19234	475.4383483	85
17747	19692	445.8290501	100
17747	20350	428.1305531	102
17747	22057	475.0312292	94
17747	22220	508.8725376	85
17747	22430	497.2919889	89
17747	22722	585.8787407	72
17747	24357	444.9468652	100
17747	24384	479.2258281	90
17747	24800	482.4815356	91
17747	26615	420.0126982	100
17747	27991	472.8403338	93
17747	28748	376.2336814	108
17747	29194	445.0322394	92
17747	30627	436.2772076	93
17747	31884	560.5067384	76
17747	32476	505.8875962	74
17747	32887	455.4149384	91
17747	33207	369.4271115	110
17747	34197	454.9978814	91
17747	34475	429.6786079	101
17747	34648	533.0105213	84
17747	35736	546.5362601	77
17747	35895	564.9481148	76
17747	39460	451.3738576	88
17747	39475	480.3839966	90
17747	40501	477.0694899	93
17747	41338	385.265401	107
17747	41392	458.2492853	90
17747	41488	395.4978314	109
17747	43955	366.9243927	115
17747	44607	462.1097628	89
17747	44685	429.0449039	95
17747	44952	369.5009495	114
17747	45337	476.3363866	90
17747	46081	436.0946926	92
17747	46321	400.3501535	97
17747	46326	504.1261942	84
17747	47297	499.1340251	85
17747	49539	511.7036967	83
17747	49773	423.5628684	87
17768	4035	1237.720163	107
17768	4393	1249.822089	109
17768	49415	1244.576671	106
17796	30724	425.7924455	82
17809	44928	191.8736813	166
17819	25088	871.0845223	152
17819	27603	937.3026884	149
17819	45108	939.6272769	149
17852	4072	578.7987433	103
17852	6938	580.1128669	104
17853	46040	219.2357509	218
17863	1517	989.0114411	100
17864	12584	184.3228501	112
17864	18203	311.9906074	79
17864	20558	225.9126798	110
17864	30436	205.2519713	111
17916	624	2159.765682	73
17938	25492	332.5796725	163
17953	5497	279.5940656	155
17958	32814	875.7653147	80
17958	48737	883.3718996	80
17983	43604	970.47697	100
17990	37990	403.8802714	102
17996	41575	349.9121537	153
18001	19783	239.0539319	156
18001	34216	270.5853201	155
18002	3718	878.1793423	153
18011	1212	201.0878198	140
18011	10671	208.4919347	115
18011	15395	187.7096965	118
18023	11123	324.7770669	133
18023	36990	358.2536822	120
18029	46503	1002.797287	115
18060	459	276.7234301	188
18066	29306	189.9206505	135
18066	41821	189.1938079	136
18138	7285	685.3718069	69
18138	15641	768.1867428	60
18138	20853	813.0136225	52
18138	21156	561.0896292	69
18138	29908	796.0666538	47
18138	40998	765.4569029	54
18138	42771	688.5988629	71
18160	9795	268.7148547	126
18167	16492	380.1128741	195
18188	30161	509.7844144	202
18195	21947	364.9732799	133
18217	26664	740.5457693	25.41173093
18217	36090	740.7082031	26.5536902
18219	3828	451.236841	68
18219	6679	426.8926412	72
18219	41841	480.4470951	64
18220	16220	366.6358437	132
18240	30356	366.8989332	85
18249	17807	313.6416679	80
18274	18768	749.2197799	149
18301	49733	570.6583382	126
18308	17902	617.7834459	165
18312	4574	213.2359185	70
18323	46979	237.1481922	152
18364	8842	219.1358573	141
18364	43946	263.5396785	119
18398	23184	212.7293094	176
18398	23561	192.7913948	199
18398	44406	189.0996232	175
18413	7285	504.4942103	78
18413	15641	656.1374862	64
18413	20853	649.1853955	64
18413	21156	613.9545886	70
18413	29908	673.1823873	59
18413	40998	569.2415579	72
18413	42771	506.1914558	84
18444	6820	338.841754	216
18454	38396	277.9173454	187
18454	43192	361.3590252	162
18477	19230	367.5163349	167
18504	3597	430.2711161	102
18504	4212	437.1875175	98
18504	8112	431.8945672	99
18521	49775	299.9209938	148
18523	38798	588.8504941	117
18523	43020	590.977781	116
18555	6161	516.5252326	130
18555	10147	469.7526889	121
18555	47821	491.1966113	124
18571	12055	185.0502922	165
18571	47438	200.0313167	177
18581	13423	387.5254094	173
18586	29128	330.65085	127
18596	32565	188.541125	187
18609	27089	225.1782414	117
18609	35339	363.8574202	74
18636	6228	970.381047	53
18636	7434	808.9091242	68
18636	15951	977.9318317	53
18636	21154	780.1380913	72
18636	34980	770.9774578	70
18636	49273	811.102706	64
18653	944	490.6576105	89
18653	3460	576.7814713	71
18653	7567	513.3089231	79
18653	15075	447.4223771	90
18653	16381	583.6695312	80
18653	38281	494.2152193	88
18653	42446	576.7814713	71
18657	50129	310.3794518	160
18661	5309	376.2108129	194
18661	12525	357.259348	204
18661	40730	400.4507544	201
18662	16220	564.4476396	113
18687	21439	2372.276831	30.97006447
18696	19377	340.3675086	166
18698	15984	771.9935634	148
18698	20096	718.1997417	144
18698	43687	571.5050696	148
18698	45577	746.131042	147
18701	28948	1459.420303	88
18741	5604	1031.327666	59
18741	40695	1033.765993	59
18773	7658	714.7313286	56
18773	16009	796.0159604	48
18773	28337	878.2237477	40.31678793
18773	44163	742.2191483	54
18779	22668	358.5069586	119
18782	6551	765.3953143	70
18782	43118	765.3953143	70
18831	8926	669.5266824	111
18831	11614	631.7047962	112
18831	35155	701.1719538	108
18848	38536	540.8836378	103
18853	656	531.2762335	148
18853	1234	357.6941306	175
18853	3719	377.0356743	174
18853	4499	423.377053	166
18853	13997	345.2363977	189
18853	14400	473.8309766	160
18853	25523	325.3279843	166
18853	26930	327.3466015	180
18853	28947	546.879357	146
18853	29595	317.4119693	199
18853	33371	379.8437801	186
18853	34809	305.59754	184
18853	37494	374.2626042	167
18853	43318	452.4685515	161
18853	43389	376.4547789	185
18853	49390	362.7616376	171
18859	46483	334.8106953	186
18873	10458	205.8342546	132
18873	43800	233.6528014	115
18881	21953	416.9724622	117
18899	13498	2831.707686	14.35013486
18899	24422	2831.707686	14.35013486
18899	28157	2831.707686	14.35013486
18921	8219	419.7338067	152
18949	34778	730.4311332	69
18977	29693	497.5083847	135
19007	25512	181.3335104	143
19022	23139	318.4828177	155
19022	36895	274.5560583	161
19025	31640	2805.430192	41.21271655
19030	40224	404.2026502	91
19030	45496	391.4008214	97
19035	12660	244.6899627	187
19049	2085	296.0528452	179
19084	5744	462.1059538	113
19084	14016	452.5140338	114
19159	19419	315.4791422	199
19160	20633	393.2301684	100
19184	4164	346.8532668	139
19184	13567	478.6861944	124
19206	16220	337.0309231	127
19215	6262	412.8024793	185
19251	17773	731.1864314	58
19251	36468	740.5871495	57
19251	39229	700.0429353	61
19251	41170	701.5622177	61
19272	7291	585.2258377	92
19278	21384	243.0052024	95
19294	40126	1378.012849	63
19315	17775	11266.29437	59
19385	14592	190.4903412	181
19423	27777	296.9650612	138
19432	11355	524.677829	125
19432	19744	497.3218158	118
19432	41046	364.5111538	144
19435	15984	698.8125056	133
19435	20096	638.5329123	134
19435	43687	551.1997927	137
19435	45577	680.3271013	138
19455	3310	928.5972354	148
19463	6272	1684.540848	111
19480	23170	268.6750412	124
19494	5231	420.7698997	102
19494	30264	386.1110469	105
19494	30438	487.0701297	91
19495	38340	1310.278808	103
19504	17877	436.6468361	150
19504	20574	329.6269566	152
19504	21838	438.7857921	150
19524	35252	406.7089011	118
19524	43204	435.1453619	122
19533	45533	432.5576879	167
19554	15334	269.573361	103
19580	46121	382.9485442	74
19583	26201	301.6211116	123
19611	25284	191.0072602	158
19636	34716	2051.137221	100
19661	39618	2184.890117	57
19677	19985	331.793089	151
19720	22965	471.5463503	136
19729	44184	1319.847037	126
19766	15984	801.6086753	138
19766	20096	748.6124595	136
19766	43687	593.0339867	145
19766	45577	764.9658297	138
19768	38822	662.2145042	144
19784	1009	223.8134854	142
19789	4647	1363.683843	70
19789	11057	1430.654304	64
19789	13571	1366.076398	68
19789	22578	1219.999694	73
19789	24826	1513.980699	60
19789	25421	1321.078448	69
19789	27124	1259.361662	73
19789	30147	1297.691	69
19789	34903	1332.864035	71
19789	41130	1423.519579	65
19857	27675	336.9181589	173
19864	16720	419.1418755	172
19864	26310	357.8995503	178
19864	26950	450.9229936	156
19864	38244	390.6856889	173
19864	48208	367.5200726	154
19871	36380	630.564231	94
19871	48373	650.5983002	91
19871	49003	651.5109069	93
19907	35984	781.431221	132
19907	49369	931.9429246	127
19939	1733	220.6337437	183
19943	15485	240.8770321	165
19944	11979	1669.081724	72
19964	20921	481.7840228	103
19964	22141	450.1452301	120
19964	24945	395.97651	120
19964	30451	580.7417155	101
19964	41930	406.9834163	118
19964	44307	388.5270391	120
20011	19554	195.8039905	167
20035	2408	829.4165496	145
20035	32693	826.2769303	146
20036	32	500.2074195	110
20036	518	464.7604947	102
20036	572	537.9243392	86
20036	901	583.8631594	94
20036	1175	452.1602474	102
20036	1466	377.8941114	122
20036	1619	488.892059	105
20036	2640	398.855878	120
20036	3041	418.117028	114
20036	3876	515.7503568	88
20036	4034	474.1416908	106
20036	4346	436.6727209	118
20036	4552	430.827438	112
20036	6264	363.2653154	125
20036	8229	431.7589298	109
20036	8486	438.8911095	106
20036	8603	451.3932399	105
20036	9459	436.9818561	109
20036	10120	388.2553174	117
20036	11210	438.0703991	105
20036	12750	597.7295892	82
20036	13613	463.066106	118
20036	13734	430.6155036	110
20036	13762	391.7800441	123
20036	14820	380.2040794	129
20036	17112	515.4473614	92
20036	17124	471.8088734	107
20036	17733	454.280843	106
20036	18329	453.7864216	99
20036	18602	517.8243809	98
20036	18969	414.3476113	111
20036	19234	430.3464475	117
20036	19692	455.5847158	112
20036	20350	466.1030718	113
20036	22057	511.4536278	99
20036	22220	440.1634503	104
20036	22430	419.6261977	111
20036	22722	468.5066069	98
20036	24357	458.9080681	114
20036	24384	408.4823312	105
20036	24800	471.8452868	101
20036	26615	446.6345271	107
20036	27991	444.9583536	111
20036	28748	450.3643384	97
20036	29194	339.6102095	117
20036	30627	474.0674347	103
20036	31884	513.6046092	89
20036	32476	424.5729223	101
20036	32887	432.308473	101
20036	33207	485.5637598	114
20036	34197	451.5281566	100
20036	34475	458.6966099	113
20036	34648	423.9528239	109
20036	35736	461.823789	101
20036	35895	489.1901943	94
20036	39460	411.2407056	123
20036	39475	471.1150923	122
20036	40501	427.1551586	106
20036	41338	393.3328412	113
20036	41392	475.7301106	96
20036	41488	465.5198913	100
20036	43955	344.3416745	124
20036	44607	404.5214803	100
20036	44685	545.0430246	97
20036	44952	417.5251237	116
20036	45337	431.3575824	113
20036	46081	346.8147202	122
20036	46321	335.0692412	112
20036	46326	439.9367831	102
20036	47297	429.2747694	102
20036	49539	567.859898	101
20036	49773	378.3733265	103
20077	3543	559.3340535	135
20077	17949	806.049848	118
20077	44040	506.1667762	136
20086	3935	379.2280079	142
20086	5636	416.1889966	130
20086	7696	230.5152705	156
20086	30770	267.3261063	162
20086	43987	421.2920217	130
20088	4775	240.6592092	129
20109	6653	722.6633478	144
20152	21858	286.9233829	194
20156	11981	1120.369947	78
20156	17646	1095.274383	80
20156	23812	1100.472249	79
20162	5168	1109.103221	124
20162	5682	601.5670097	139
20162	35223	1037.748049	130
20166	10329	1330.201053	86
20184	8587	444.0496954	148
20184	23347	488.8647911	150
20184	44114	517.7505968	151
20194	14278	386.6630898	139
20194	26729	386.8275017	140
20196	31485	776.1785354	62
20196	36068	492.1192268	73
20245	7316	1073.37767	74
20245	13783	1056.497062	72
20245	45343	1057.228881	75
20249	49200	661.329665	134
20262	40062	1365.929578	80
20270	24354	333.6296599	98
20283	2926	714.3583256	112
20283	45061	626.5588923	114
20285	1215	241.4096378	125
20285	6470	230.5093193	134
20285	22443	232.6032641	121
20329	18134	269.8378623	80
20329	31555	223.7975955	88
20365	42108	359.0749754	140
20370	5539	215.822199	123
20375	13301	387.9015976	122
20407	40277	743.1817719	176
20426	18005	3541.900057	45
20426	29229	3534.604122	45
20426	31996	3546.996638	45
20426	34026	3544.535995	45
20426	38586	3553.641632	45
20426	40487	3552.736878	45
20426	44644	3552.085165	45
20426	44682	3516.971673	45
20436	17910	232.9475509	274
20437	20217	485.9329163	66
20473	23238	207.3692745	223
