2	5202	2157.750142	122
23	668	559.8651559	74
28	4624	612.0744337	118
38	3681	273.9039141	144
51	952	633.2341476	91
61	1854	1607.300402	94
62	3268	518.0507628	83
66	1644	300.9490669	109
66	2579	306.1594268	107
69	3368	330.1847102	119
75	4257	321.334538	147
79	4391	299.0809041	75
85	635	741.8149248	93
91	2874	510.5143267	123
91	5124	523.4699806	123
108	1823	299.3464452	116
118	1157	258.2475895	120
118	1868	249.7471342	122
118	3265	312.7429556	119
128	5278	413.3327959	89
143	1603	684.333152	105
153	3648	526.8171712	117
157	3222	593.352125	118
157	3956	567.5434801	120
167	4642	1587.766119	92
167	5812	1612.433408	88
190	4106	704.8018294	120
192	343	419.9241168	99
192	2705	425.4688539	97
196	633	500.6172039	131
214	2968	792.5221268	129
214	4503	665.0192101	131
215	1898	280.5776016	162
220	747	455.4847193	134
223	2991	287.8351207	112
231	3255	202.4070221	152
244	2558	322.9522699	119
254	598	247.5573214	189
256	4956	589.046686	108
282	2690	213.8450206	90
282	3895	210.5014576	94
286	81	1356.956327	127
287	5080	806.0146859	113
289	1246	675.4784254	108
294	5011	366.3339617	147
296	2148	226.7155555	177
297	2373	203.5715028	180
300	180	434.6589204	169
302	1569	923.8822809	91
302	4458	968.1260859	99
324	588	935.2508853	120
326	4320	291.0240413	102
329	4535	212.6174705	116
336	3990	299.2262599	144
353	5604	428.744985	81
353	5744	381.3617634	87
357	1039	424.9932235	80
357	1855	421.8989846	81
369	1941	1217.303902	51
369	2119	1217.303902	51
371	1471	1051.17065	104
386	2453	239.3426636	182
426	5685	803.8904344	134
427	2460	209.5965389	131
428	1153	593.8226362	103
428	3019	593.8226362	103
432	4301	588.1390169	61
432	4377	588.1390169	61
435	286	188.7258249	122
453	4943	333.0036061	135
492	4624	591.2257675	112
500	805	188.1929027	163
500	1036	192.2674255	166
501	3728	313.891949	117
501	5201	313.891949	117
508	1298	818.9329745	103
520	2750	249.443946	200
526	3372	863.8018526	96
527	4611	1008.670234	112
534	3074	371.5103852	141
582	772	757.6091932	89
600	394	1282.669844	123
608	1479	244.9737021	146
627	1438	444.1289241	118
629	3297	419.5143523	153
636	1646	865.5261687	108
655	163	458.2757737	131
672	3906	1237.536387	88
678	2525	911.8942051	125
692	4618	618.7272426	110
706	2208	751.8547382	126
706	2581	780.5105619	120
709	83	879.4360133	89
712	1571	1802.908823	135
755	1416	1176.502692	109
755	5524	1393.403878	99
760	4434	2159.737695	81
766	1498	388.0716907	115
771	1330	271.01592	129
772	2242	468.6730537	104
772	2681	458.1234402	105
791	5424	713.7908908	154
791	5809	717.7174481	150
800	1839	373.2279008	139
803	2528	260.9933733	151
804	863	368.9643654	177
814	1439	230.7046834	131
817	4829	234.5771187	161
828	1885	411.7904066	85
830	4728	195.101576	168
844	39	1318.053177	103
844	2358	1262.006574	109
860	2285	844.8254415	115
864	2009	266.9200033	133
878	1754	523.4587282	81
878	1828	529.8361771	79
893	2512	204.3597261	143
907	2081	1213.021322	123
910	3156	614.3941813	104
913	849	972.252601	99
915	1661	252.8699839	112
915	5211	252.8699839	112
921	696	1438.223975	118
922	68	1182.715473	109
926	2	197.4385326	209
926	763	192.5263429	210
926	3688	226.3219038	202
930	3701	382.4706355	159
935	4959	434.3916942	163
966	1424	397.7273739	148
968	1965	700.401309	117
991	2233	1202.057408	80
996	3411	230.9056881	174
1002	935	251.1636027	199
1020	4471	486.0207016	138
1020	5290	480.8289236	149
1040	3457	376.0380354	159
1040	4544	352.7354629	160
1041	1397	555.9876543	136
1046	5138	285.6741397	140
1057	2311	741.3378937	131
1061	2146	266.4565196	118
1061	5099	254.8305467	130
1065	585	775.5940291	135
1074	3453	431.7732046	122
1075	268	379.611473	208
1078	1386	691.7386716	124
1087	515	380.2855783	182
1101	1742	1266.031134	82
1116	3042	227.2870973	156
1132	275	381.485852	114
1132	4847	378.1377666	115
1151	600	337.9862002	140
1155	4709	289.7389327	189
1156	670	428.4068987	102
1168	799	246.4596504	63
1168	5436	246.4596504	63
1170	303	558.9467522	138
1184	5235	683.550463	119
1189	608	524.2328964	101
1190	3396	504.5119335	140
1199	351	289.911028	137
1201	4512	435.7340738	125
1216	5014	313.5533321	145
1224	1470	271.6641433	142
1238	5540	740.7069305	104
1242	1864	632.3905975	79
1261	2391	227.2519212	130
1264	5243	627.894898	78
1264	5541	634.3493229	77
1281	5777	251.9370426	106
1282	2257	379.2692098	164
1282	5753	459.5989277	157
1286	5558	421.2229101	152
1289	100	1368.658493	86
1293	4858	1333.546067	89
1297	1283	535.8048555	91
1350	5540	666.6850469	104
1353	5374	2677.175172	105
1354	1126	382.3964958	87
1354	1897	388.3990583	86
1356	3520	300.5959188	121
1356	4800	297.7465964	122
1359	3963	266.882461	154
1368	1210	248.0580655	135
1387	1416	1279.059403	103
1387	5524	1206.922314	109
1396	5004	1753.973349	68
1421	1414	293.0907498	104
1421	2983	343.4014375	83
1423	4764	2228.926743	59
1433	1074	410.0602696	119
1442	968	461.892716	85
1447	5745	185.260599	160
1456	2398	250.4907306	163
1456	2808	250.5181071	169
1461	771	565.0064187	145
1471	101	275.4872819	87
1473	385	380.4921206	106
1493	429	554.6829065	72
1493	4812	554.6829065	72
1502	5521	1260.837627	100
1504	48	1636.614877	89
1509	1870	940.8832063	106
1534	4147	278.0058305	146
1546	653	872.0148049	89
1547	4242	224.9685278	173
1555	4539	886.1539191	133
1562	673	1803.158759	98
1569	3748	369.3003572	104
1570	5305	853.0092454	135
1580	4837	543.5707015	93
1590	1103	1546.795746	71
1590	2179	1452.540609	75
1590	2490	1477.374065	73
1590	3987	1459.150762	75
1594	1439	244.398944	133
