2	316	2015.425301	107
23	17455	443.2338646	57
23	19268	494.7434271	59
23	21638	532.7965718	52
28	4917	860.4137794	96
36	14911	265.166125	169
51	2306	623.5532488	88
51	20895	555.3249576	90
62	4400	306.5523787	94
62	8208	516.9619833	85
62	14005	491.1372217	92
62	14139	518.7045092	85
62	14760	503.6856538	87
62	19883	440.8064036	85
66	4358	274.9922176	116
66	6187	316.4619647	114
66	8355	279.8488947	123
66	13704	277.3623283	125
66	14813	259.6302299	119
66	17676	262.9461166	123
66	17975	320.3815082	114
66	18784	277.3623283	125
75	15732	623.3078715	95
77	16351	208.7452888	202
79	2117	286.4915364	83
79	2191	286.4915364	83
79	3530	245.0898185	96
79	14000	284.0799869	83
79	15843	277.5790169	86
79	15936	277.9620585	86
79	17080	260.9347403	92
79	19979	286.4915364	83
83	785	358.9531576	146
85	1310	901.0683317	84
91	2162	699.1124837	124
105	18259	951.8496719	118
108	6692	264.6407163	138
112	1116	1916.209584	77
128	18653	563.6513897	68
129	1055	2037.780673	77
129	21409	2046.320061	77
143	15939	708.124277	108
153	18176	586.2982432	112
190	9932	683.7806723	121
192	1964	408.3270642	104
193	348	498.8596169	156
214	12386	590.2237056	137
215	4194	322.408206	152
215	18269	264.334485	154
220	18154	368.7945581	149
224	17591	188.7899975	172
226	14093	283.8985535	171
231	21470	188.7362329	176
282	3775	199.1620741	95
287	9480	799.1165099	115
287	10919	776.8956337	115
287	17827	678.5821001	124
296	14042	205.3687039	183
297	16092	232.4852706	172
300	18834	435.4515597	138
302	10681	987.6744911	95
302	19633	850.481011	95
307	21414	1054.576593	93
324	7924	871.7552366	123
326	1655	231.176957	109
326	7287	226.9426375	109
326	19367	279.9901547	101
329	6505	230.7915489	106
329	15978	202.7935866	111
336	7075	330.0877002	147
353	6375	427.8934455	76
353	15911	487.3610977	74
357	7458	502.040474	58
357	9653	502.2732394	58
357	11350	453.6664858	64
357	16120	296.3213087	73
358	12231	1401.112151	96
358	17431	1498.074645	96
368	2007	660.7198761	105
371	3122	990.9457115	105
371	3786	970.8243452	107
392	1383	188.5392969	172
404	18631	196.3999282	135
427	1601	241.8649155	131
427	2537	240.9421588	130
427	3273	244.7057052	130
427	4615	242.3798163	131
427	6588	232.4798315	133
427	9559	248.9554772	127
427	15224	218.1603259	138
427	17142	250.0509729	127
427	21735	229.183764	132
432	8233	532.5441032	64
439	3930	275.9752032	165
440	388	2749.001597	52
492	4917	730.8452204	98
497	18568	381.4440808	166
501	14084	387.4941748	105
510	12601	550.1395972	104
516	656	522.8637299	113
520	11479	290.0906101	181
527	2968	1026.187894	113
527	17715	1017.017392	116
534	17984	281.3111248	138
560	13773	737.5006856	87
570	4000	624.5683754	129
582	9728	794.2081484	80
608	21046	303.1812761	140
636	389	873.3449936	109
655	5534	240.6012292	158
661	7613	933.092881	97
668	14211	1283.266204	93
672	518	1153.386326	90
672	7842	1255.626418	88
678	616	928.4322812	110
678	20642	1028.592091	114
686	15241	532.620355	143
691	2078	303.2250583	143
692	18652	743.8181638	109
701	1345	345.4598162	171
701	5479	417.1494834	172
701	6986	375.0466177	173
706	8192	864.1788477	111
706	10903	866.1570665	113
706	13303	874.0962919	109
709	11677	1081.130893	75
712	10516	1851.342053	127
732	2674	426.3677018	159
742	7282	417.3792802	136
744	675	357.1946463	171
744	9222	406.1742783	160
744	12153	367.6232046	166
754	21408	313.6255541	128
755	10207	1183.535265	97
755	12676	1255.076184	101
755	17057	1581.449473	88
760	1785	2259.778135	82
763	10217	228.1069323	128
765	8865	308.4373351	137
766	3091	395.3167673	124
766	16729	392.6886742	120
772	1375	399.9611829	117
772	2454	403.5565395	111
772	15739	343.4532984	116
772	16481	388.9861876	122
779	11001	583.3529772	124
786	8153	226.4680409	156
786	14187	227.4285548	157
786	21640	230.6949503	156
787	4917	732.6872137	112
803	2425	209.243509	151
803	11324	226.5002591	159
803	19519	264.2579664	143
804	14322	271.0948932	197
828	15472	395.1655845	85
828	19795	410.0839502	82
832	18586	313.0474468	119
836	16890	376.4098202	106
840	15145	198.1286541	146
841	3443	202.9151481	196
844	4699	1520.266986	97
860	184	526.9990151	113
860	3157	631.4181968	116
860	10271	967.8669272	109
860	12093	807.6506006	113
864	20315	266.1503579	144
866	17747	376.5147978	178
867	15778	330.5104665	128
878	4006	473.9946898	90
878	13048	458.9464802	92
878	14262	471.3519589	90
881	20859	246.9483617	144
884	3038	195.2163267	229
906	2358	567.1578766	108
907	15287	1217.996811	117
908	18843	379.1614906	179
915	29	194.9912063	128
915	11033	210.3550297	121
915	12419	243.8592372	106
915	13472	244.5166056	106
930	10396	403.1469459	137
935	15734	587.4994172	166
937	2595	859.2076676	71
937	6093	767.2564065	79
958	4022	407.1749322	130
960	8176	211.9877278	147
963	14843	298.4597923	119
966	2755	549.1957562	132
971	5999	369.4008897	135
984	8105	807.2592629	94
991	2079	1168.869471	83
991	18303	953.1305931	88
998	14793	523.3851841	85
1015	9394	222.429155	94
1015	16399	318.4162198	77
1017	10966	264.9120092	173
1020	3944	430.9392279	145
1020	8283	443.9516098	141
1020	16690	462.1398837	150
1039	20790	192.4061918	170
1040	3766	391.469135	161
1040	8721	383.9733952	157
1057	11662	813.9912446	132
1065	9404	673.2194433	154
1074	5437	678.5382661	106
1075	2620	459.8628742	194
1075	11898	363.0363452	198
1081	3597	284.8887813	131
1081	12788	299.6032125	136
1082	13174	688.9315222	111
1087	11325	298.8163152	197
1101	12535	1162.8889	88
1107	15241	372.7761917	161
1116	5413	238.1388453	148
1116	10406	221.3613479	148
1126	10615	581.5219499	142
1132	10178	400.6570074	101
1132	17697	390.7948292	103
1132	20766	440.2132442	95
1168	12503	211.5119891	75
1168	17932	205.7645504	76
1168	18051	222.8208388	72
1184	3145	523.4292479	126
1184	3280	632.128576	124
1184	13036	616.3691098	115
1189	19064	361.0990847	120
1190	19133	562.2710467	139
1201	8620	287.2224966	136
1201	10714	395.6047227	129
1201	13769	424.1303622	125
1203	18136	815.8128876	119
1216	8093	354.5174942	138
1242	15805	637.0436702	74
1246	10377	774.5092291	116
1248	10073	207.0287193	162
1253	6140	199.0070691	153
1257	10171	282.566361	162
1261	9228	205.193799	138
1264	2348	600.1246806	83
1264	5605	603.4967623	83
1281	1189	258.3394865	98
1281	3940	223.902184	109
1281	10005	267.2556382	103
1281	15431	289.9175443	97
1281	18588	282.5022508	100
1282	14130	279.5616355	177
1286	17483	388.2731282	161
1289	8693	1484.180978	81
1293	3478	1186.83559	96
1293	11337	848.8101556	94
1293	19336	1335.32483	87
1297	10051	336.3640888	125
1297	20298	450.9890568	109
1298	8316	1198.697108	109
1312	21602	726.8101157	136
1330	4658	472.7953959	112
1338	3076	427.0601237	147
1338	14976	636.0354905	130
1353	857	2691.532355	108
1354	6199	335.4931897	96
1356	13922	361.7021366	113
1359	1967	272.9929026	161
1366	10171	400.3410572	147
1377	2362	655.6540917	181
1387	10207	1104.793145	110
1387	12676	1380.261503	95
1387	17057	1577.373039	86
1394	942	352.44377	143
1394	5900	437.3797882	147
1394	6585	445.1484202	145
1394	7299	378.8949624	157
1394	9799	358.9748336	152
1394	14403	332.5313445	159
1394	15161	461.189933	146
1394	18600	409.4397342	154
1394	18944	339.4882704	145
1394	19627	330.0706509	149
1394	21094	428.385552	149
1396	1354	1663.603302	66
1396	12084	1208.871102	71
1396	18905	1794.519958	65
1423	1870	2223.580792	58
1433	4251	403.6653007	137
1433	7605	401.6622521	129
1433	16438	332.3712711	138
1433	20263	363.6894865	136
1442	19527	531.6996337	68
1447	6582	183.2733947	154
1453	19685	235.7412923	194
1456	7573	236.8769916	181
1456	13418	251.8209003	176
1456	20203	238.7190262	174
1468	14478	1150.652839	127
1471	1144	295.1057148	86
1473	2089	444.3254705	103
1473	2868	440.5108831	102
1473	14720	374.1580767	107
1473	17937	317.5565711	119
1484	6940	429.5777155	135
1484	11177	555.4534526	125
1486	1524	261.705191	133
1493	7362	559.275382	80
1495	20281	450.1346223	150
1502	11712	1322.55258	100
1509	16502	1052.500831	100
1534	9767	270.1134589	160
1537	1155	382.7054036	118
1542	3205	342.7527462	100
1546	3267	845.5426698	91
1548	8514	240.3646389	135
1562	4689	1749.366274	98
1566	10614	212.5982997	159
1569	11485	224.6425002	128
1580	1579	444.6305782	108
1580	2969	458.6780135	105
1580	10942	427.1838631	108
1580	11259	386.9093434	112
1590	6746	1500.286649	74
1590	6951	994.7879558	79
1590	10538	1439.745522	79
1595	4679	337.6539179	165
