6	1328	1173.859414	104
11	856	1495.087748	63
12	16395	447.5811064	55
21	283	1004.33085	129
21	5269	953.432393	141
21	16816	1059.131501	141
25	4063	1819.865459	60
25	11877	2172.942211	48
25	12141	1749.031919	63
30	12429	940.361191	122
33	8669	1906.429935	48
38	7269	190.4862777	148
40	1644	1276.951421	138
40	2373	1616.367473	131
40	6946	1750.830399	129
40	7787	1687.423675	135
40	8083	1794.081112	129
40	13140	1642.02216	140
40	13367	1649.299006	143
40	14899	1553.488677	130
40	15001	1709.578152	131
47	15518	878.4668358	85
48	11945	742.1718024	94
53	10022	374.5288406	200
53	18409	376.5137771	199
58	9554	320.1338415	207
63	3966	422.9336288	172
67	1471	313.4869823	125
67	7530	332.0598021	114
67	9664	268.4998039	125
69	10882	1217.927245	118
75	14848	571.1648954	96
77	8724	720.647877	196
85	9470	2463.703125	99
96	8496	788.4637212	88
99	3186	778.4471521	111
99	18224	806.4128917	104
100	2135	1572.555124	113
102	8044	2481.025873	60
110	5853	649.5403833	131
110	18275	623.6152675	115
112	4008	548.4966046	75
114	12050	826.4920865	59
116	6582	241.9411402	154
120	17175	1896.543924	88
132	8911	724.4228923	129
134	3506	568.7137385	54
134	10422	565.0088807	55
138	9880	1306.519253	81
138	15773	1428.449367	76
145	6862	1086.21696	68
170	325	1083.640114	61
178	11844	234.4877345	178
182	8290	633.4508991	66
182	11538	620.6670438	70
182	11722	660.2526741	71
184	2072	397.9399902	167
192	249	435.9215127	129
210	2957	1032.469539	122
211	7999	883.6975294	99
215	3439	2096.949626	58
215	6183	1981.225863	63
215	13648	1994.055104	63
221	7515	390.9917907	225
221	11562	404.8824856	217
221	15220	426.1186919	215
227	13895	1509.074924	112
233	6216	911.6696827	81
233	12239	960.1964551	86
235	4479	1946.957287	127
251	10562	899.3939862	49
251	10915	912.2409395	58
259	4010	853.1705524	73
264	8539	3621.282372	36.1209642
265	1556	387.9608537	137
265	8505	351.1947196	149
266	1833	807.7149458	114
268	12211	629.0208525	96
270	781	939.8407853	88
277	7832	855.5410202	43.0647448
277	14827	1013.903988	40.31678793
286	17566	298.803809	116
293	5844	305.1512376	140
308	5247	439.1573521	136
314	4072	751.1266299	142
314	15560	820.5016418	131
314	17604	800.1367238	141
316	12584	925.3724124	41.21271655
325	2417	767.1875119	103
333	17586	877.2848033	140
339	13025	352.9236183	164
347	3889	11922.41479	100
349	17895	235.3867846	166
368	1961	1288.975952	127
368	17413	1139.098134	129
380	1990	545.6299715	130
380	12026	566.6549251	134
380	12765	525.174081	133
381	15531	467.9960337	51
394	1322	787.0011433	124
394	7682	854.9437684	118
394	9616	720.6534613	128
394	10433	865.980829	122
394	13980	799.1186757	123
394	15251	882.8343768	115
394	17481	891.2095114	115
403	13853	1047.975681	142
406	12100	2384.619416	112
409	7849	1818.685723	63
409	14966	1804.573264	61
421	5719	2201.182547	59
434	1217	488.0908373	140
446	2286	251.5162598	189
446	5342	297.2906436	211
446	10539	365.4256843	200
446	18149	334.8834815	203
449	2232	481.5450332	109
463	13224	486.393119	120
464	7674	699.4867191	117
465	12861	2953.05536	37.7441779
474	14147	952.4675465	89
477	1009	1026.344091	71
489	17641	313.5027976	225
491	10314	185.8764102	137
493	1751	444.8276644	131
496	2375	1065.229738	78
497	17896	1902.548415	69
501	7419	825.0470423	74
511	1896	600.5375406	118
516	8993	1013.805568	98
518	8053	340.82239	138
523	4250	513.3175083	95
524	14020	1360.465741	43.0647448
526	463	903.5213326	109
530	13606	282.1025163	105
533	4707	573.383146	132
533	7626	601.0028886	129
535	7609	1454.352565	49
535	16891	1218.178147	48
539	1644	1444.053673	136
539	2373	1610.158114	140
539	6946	2022.982085	126
539	7787	1952.283595	127
539	8083	2078.798501	128
539	13140	1862.248064	133
539	13367	1755.096823	136
539	14899	1600.663691	141
539	15001	2004.17929	133
541	5364	566.2151334	104
541	9919	586.5918428	110
541	13199	545.4298635	111
549	164	310.3545055	124
549	10681	315.9777557	119
559	17792	195.4889508	183
562	5461	1226.270178	82
562	5788	1174.431196	85
562	8898	1207.797966	83
563	12154	1074.921884	83
564	9327	332.2859614	145
571	4016	301.6068938	160
586	5059	187.6412316	211
590	6268	328.3958702	38.58293741
596	9045	1769.181816	61
599	16783	724.0905309	115
604	10753	341.9629802	154
604	12543	467.6623123	131
605	15953	329.5635286	162
610	10748	1426.206981	117
617	665	252.6168724	145
617	10687	267.5855467	151
620	11347	289.0239209	97
625	6756	816.6966061	72
628	3752	186.1972525	167
631	1287	211.4038287	256
647	1254	795.9341605	106
649	1131	2149.281043	67
649	11355	2141.499623	68
649	13671	2279.372419	65
654	10854	323.9896329	123
664	1206	1699.28351	98
675	5364	444.3159445	101
675	9919	525.0231611	113
675	13199	409.4745317	141
677	13874	573.2242687	77
677	14862	543.4804442	81
677	15693	477.6603087	88
677	17316	517.9854258	86
680	5318	1286.590265	89
680	5811	1239.296962	90
680	9859	1302.365467	86
683	3204	1052.086938	38.58293741
683	3821	1014.018531	44.02173913
683	12825	1075.582593	36.92365229
683	18423	1059.554019	38.58293741
685	14173	1134.471106	21.78798276
689	1994	1015.311776	119
689	3290	1092.013726	111
689	6728	1158.945047	99
689	14547	1139.015831	107
690	14881	1345.033689	71
697	6663	196.2978247	291
698	1309	1668.640644	81
698	11922	1705.973004	78
698	12621	1607.945222	83
699	7548	3018.744836	35.33572585
700	1504	363.3781208	114
700	1620	437.8558884	122
700	17405	456.9215801	113
740	11382	1369.914701	65
740	15540	1447.479181	58
753	3735	942.1096493	74
753	4281	805.2683307	80
763	2161	4692.036377	99
763	5860	4636.876021	100
763	6963	4715.651236	99
768	3320	1862.022156	72
770	10552	975.397389	52
770	11996	992.044719	52
781	12792	183.3318539	311
785	6810	342.7699291	53
793	11671	2498.646223	118
819	439	450.23377	69
819	930	453.5801955	69
819	1064	450.23377	69
819	1411	453.5801955	69
819	2781	440.3425918	71
819	2909	453.5801955	69
819	4471	450.23377	69
819	4525	452.2682418	69
819	4756	323.670882	87
819	6123	460.2163414	72
819	6536	443.9815293	70
819	7212	450.23377	69
819	9223	440.8536736	71
819	10429	455.7613729	71
819	10739	450.23377	69
819	14762	440.3425918	71
819	15719	450.23377	69
819	15862	447.6019844	70
819	16966	450.23377	69
819	17088	450.23377	69
819	17553	315.2275625	89
819	17778	440.3425918	71
821	18211	4336.41961	103
828	17509	274.0687178	132
835	12005	734.2735524	113
835	13585	710.7616785	119
836	16900	2822.980629	111
843	11531	265.2034618	143
849	16181	200.8837447	93
862	4674	7673.637711	113
863	14152	641.4192318	67
873	4773	821.5454292	104
873	9646	739.1923724	105
873	9866	711.8907943	110
873	11037	826.768152	101
873	12994	790.292347	103
873	17185	787.3863607	99
873	17907	852.7546335	95
873	18087	761.5592363	100
880	5544	377.5513025	82
889	2514	332.8975116	149
892	654	4337.285671	14.99500512
892	4426	4245.362357	16.01705151
892	5078	4270.356759	15.66885474
892	5080	4320.719681	15.32822746
892	11303	4208.205125	16.73683012
909	7286	341.3262857	179
909	13174	399.8214939	167
909	14045	215.0722737	188
909	15851	413.61789	170
909	16775	340.0975232	184
909	17389	258.1880636	191
910	7369	930.963897	95
917	1965	864.3246223	113
932	1146	211.8968233	219
938	14440	580.3965947	115
941	6925	1965.483952	62
941	13560	1972.107361	59
941	15541	1995.073271	61
947	4977	2116.481899	120
947	13103	2105.737408	120
951	7286	500.0522932	152
951	13174	478.5012896	161
951	14045	328.1876312	190
951	15851	510.2353471	167
951	16775	477.3696978	156
951	17389	379.7899086	175
952	5876	2373.74531	133
952	6361	1979.426866	134
952	16195	2227.813979	126
958	16809	360.7233948	98
961	4664	1051.923799	28.99386789
961	7066	971.3681466	27.74696714
961	10148	1131.123006	31.65828812
965	2921	328.9330258	101
971	13518	966.9587732	114
971	17504	1314.014104	104
972	15029	494.4388309	125
982	8752	2383.866826	46
986	10397	587.3813641	113
986	11972	617.8112908	116
986	14555	587.9823423	116
988	17096	643.4619159	148
996	13812	421.5582873	74
1005	11166	901.5142484	141
1011	6483	193.1809086	130
1014	8283	1546.272922	69
1016	17569	224.5596839	260
1019	7449	1671.547333	115
1021	7813	193.239434	205
1033	11546	845.5036606	118
1037	15082	195.173403	316
1038	13039	199.322267	390
1044	8879	771.7682769	108
1045	17833	1597.89356	49
1052	3283	204.764416	227
1053	2303	1347.600948	94
1056	11931	286.0008848	191
1067	13226	441.5410609	119
1077	2256	456.1731338	202
1077	10100	500.4017618	194
1077	15644	479.2625585	190
1078	10753	446.0682788	121
1078	12543	600.1655914	121
1082	10198	2090.41892	103
1085	6886	9735.488399	100
1085	10155	9715.18825	96
1091	1254	726.4168229	113
1094	1903	203.5074329	174
1101	439	467.7908609	67
1101	930	464.8500006	67
1101	1064	463.8568824	69
1101	1411	464.8500006	67
1101	2781	484.5419732	66
1101	2909	464.8500006	67
1101	4471	463.8568824	69
1101	4525	463.8568824	69
1101	4756	556.0444201	61
1101	6123	476.3251182	65
1101	6536	475.0363557	68
1101	7212	469.3672698	69
1101	9223	462.5161978	69
1101	10429	461.5016041	65
1101	10739	464.8500006	67
1101	14762	477.1881335	67
1101	15719	463.8568824	69
1101	15862	455.2374969	68
1101	16966	471.4096404	67
1101	17088	471.0529365	68
1101	17553	554.9250459	53
1101	17778	477.1881335	67
1104	14815	1341.847091	112
1123	6483	243.6605967	124
1127	9711	1000.928893	139
1127	14412	1065.536567	139
1131	15879	695.5633502	78
1131	16875	716.6034692	78
1131	17491	653.4350226	77
1131	17924	739.7493663	76
1140	2856	293.8279822	147
1140	11445	188.9792548	158
1145	14303	376.0047839	160
1147	748	750.7228928	128
1147	2139	858.7124589	135
1147	4349	908.2922868	130
1147	5037	1037.384009	130
1147	5410	861.6147258	132
1147	7146	938.1682487	131
1147	10207	801.9428163	144
1147	14289	889.01366	136
1147	16381	845.3111142	146
1147	17300	886.7781884	129
1148	141	7068.479761	96
1151	6857	243.849578	76
1152	1184	1767.978567	125
1156	963	864.0597631	75
1158	440	817.4333908	110
1164	10366	2701.324498	49
1165	4165	574.208724	118
1170	13496	1226.138024	67
1182	6801	223.3472142	92
1182	13294	251.4625442	84
1191	575	708.658032	44.02173913
1191	4198	670.9423384	40.31678793
1191	6772	611.9707962	48
1191	12702	699.9206433	45
1191	18079	673.2239962	47
1197	15443	2315.018264	75
1203	1836	2641.07625	53
1203	6040	2404.644173	58
1206	12886	931.8371019	141
1219	12923	195.0041937	332
1221	5994	538.4338352	136
1221	17258	559.8987611	135
1237	5806	3605.519914	24.859302
1237	15060	3563.014533	26.5536902
1237	16819	3410.104491	28.36356641
1238	4622	1552.591056	93
1244	18166	592.5170389	110
1251	407	1465.142784	103
1258	3439	1927.021955	65
1258	6183	1981.90163	66
1258	13648	1982.031643	67
1265	10920	3264.669244	78
1276	7369	1070.544922	89
1278	2428	4267.615694	42.1285547
1278	5841	4237.885451	41.21271655
1280	4392	1100.640752	86
1282	10163	425.8624728	113
1286	3839	2876.418909	50
1286	15934	2398.447627	47
1290	1247	316.7511957	121
1295	1484	1245.150576	79
1296	6886	9404.60099	98
1296	10155	9231.867424	100
1303	4180	192.2260298	178
1304	7036	539.3916788	137
1308	5975	883.9113354	100
1308	8990	958.9009095	92
1310	11487	201.6830376	291
1320	1072	1386.840052	23.79021103
1320	2475	1362.67004	23.79021103
1320	2495	1338.329513	25.41173093
1320	4490	1342.982586	25.97643606
1320	15009	1345.310013	25.41173093
1322	14861	407.6986388	77
1330	1078	502.154497	104
1330	2001	487.6226422	121
1333	7980	654.999466	86
1333	14931	585.2650361	94
1334	12284	758.7748837	85
1342	8539	3618.532985	36.1209642
1348	6941	1481.716672	135
1353	5595	507.8878069	108
1354	748	994.2778417	136
1354	2139	1007.445387	148
1354	4349	1103.291772	135
1354	5037	1199.308623	136
1354	5410	1029.94884	134
1354	7146	1132.309854	134
1354	10207	977.7570379	136
1354	14289	1125.906102	140
1354	16381	1101.712847	148
1354	17300	1156.291575	130
1357	10042	350.341496	135
1367	1637	1872.747077	100
1369	426	1860.60192	97
1369	15604	1972.740419	100
1369	15750	1997.579957	102
1369	17287	1906.032744	101
1372	12669	185.5060284	323
1373	10825	200.4393631	227
1375	131	1169.796064	64
1375	14128	1218.531469	65
1376	11223	577.0949642	87
1393	9397	417.3436591	124
1396	6570	2272.887593	68
1396	7395	2253.050532	69
1411	608	425.5998591	135
1411	4831	422.4868201	130
1411	10505	447.2261144	137
1411	14249	467.2722225	125
1412	7771	186.8565184	226
1414	11973	4487.002285	76
1424	2719	485.9475709	99
1427	15436	403.654393	71
1433	6923	423.2572201	77
1449	856	1448.899689	69
1450	6286	928.876933	90
1470	15889	186.1955244	201
1472	8066	623.2736673	81
1476	8099	527.2489255	48
1482	13947	262.2649189	107
1483	2435	305.1765341	216
1486	7471	1699.373398	75
1487	11383	416.0166287	161
1502	8065	858.6774211	84
1506	1726	726.5315066	130
1506	11590	742.0008003	128
1516	962	10619.54481	103
1517	17887	196.1198643	237
1518	1967	881.7436137	109
1520	11038	526.34847	140
1530	7286	342.3056529	184
1530	13174	369.8282622	177
1530	14045	269.2857694	204
1530	15851	376.2476909	179
1530	16775	338.2976085	184
1530	17389	272.2197716	189
1533	5835	410.1321172	143
1535	8016	240.297093	133
1540	12153	1558.589942	8.848282679
1540	14463	1558.589942	8.848282679
1546	12496	915.9237564	125
1549	9721	249.6325936	110
1550	6965	2296.906818	28.99386789
1552	2256	582.9386072	174
1552	10100	599.9150214	166
1552	15644	607.6360184	170
1562	4840	4263.27475	103
1562	17396	4306.137249	105
1576	12055	1138.552615	90
1577	4553	322.1257552	143
1581	14106	578.7192424	99
1582	4072	898.9003242	134
1582	15560	895.5542701	136
1582	17604	862.9793668	140
1587	10238	1835.390842	68
1596	6487	423.380688	148
1599	412	892.2778667	116
1600	5448	543.3819624	56
1609	15381	681.8215315	140
1618	17079	221.8818414	134
1622	2993	599.2963914	123
1627	11606	1792.608231	90
1629	4582	728.6632056	107
1633	7286	379.3695072	183
1633	13174	369.2589087	177
1633	14045	300.9307446	180
1633	15851	427.6310803	171
1633	16775	358.1363201	185
1633	17389	281.9249028	190
1634	1191	2241.865975	82
1640	8536	235.0742426	165
1642	13924	1260.093972	88
1643	842	185.0725264	254
1644	8340	1756.606716	86
1668	10722	654.868016	89
1669	8958	1886.325912	48
1669	13348	1795.630863	53
1677	5500	380.4893438	77
1679	4950	501.8700974	120
1679	7448	442.5211169	120
1679	12046	442.5211169	120
1680	1659	693.6782024	64
1680	2341	740.0680727	58
1682	6168	235.624524	166
1685	15465	258.1768157	178
1688	9347	3285.321683	70
1688	9689	3195.533914	70
1688	10953	3352.697336	72
1688	11755	3531.373002	69
1688	12072	3193.076142	73
1696	2757	4597.852563	32.36180563
1696	3112	3377.178744	32.36180563
1696	7506	4033.510329	30.97006447
1696	15336	3052.50605	31.65828812
1698	6245	1005.509605	49
1701	6193	207.0983145	184
1702	15047	560.7373243	132
1706	13317	392.2729005	182
1707	497	1087.240126	62
1707	5185	944.8030862	71
1707	5268	960.1077741	66
1707	10763	921.0294016	73
1707	12011	1081.231171	62
1707	12662	860.1721208	75
1707	15137	989.3657699	68
1707	17332	863.6205372	76
1715	16152	412.2990895	77
1719	1246	300.0459027	122
1719	2258	324.8804589	125
1719	3001	344.3630429	123
1719	5849	284.6862763	134
1719	14705	315.3613499	119
1719	18225	291.7153503	132
1726	4072	1029.328118	133
1726	15560	1092.368255	117
1726	17604	1048.535193	127
1734	4203	1750.69388	108
1736	5824	804.0220035	158
1742	1996	499.4096761	92
1746	17370	796.2563098	132
1761	8274	477.6470007	115
1783	6404	205.6685464	289
1788	2628	2045.353607	119
1801	14373	370.9129641	152
1812	2015	428.0007266	144
1812	3804	418.7863876	154
1812	11196	351.3628807	144
1815	58	1900.553129	70
1815	9604	1859.660072	72
1815	11880	1824.991436	70
1824	13911	215.9124844	144
1829	9391	1991.496403	49
1839	11944	2880.563386	66
1848	9946	1277.275217	128
1848	11360	1176.846487	127
1859	17364	334.8941553	197
1865	2292	1675.405395	58
1867	2427	282.6871125	119
1869	10218	1135.352985	145
1872	16473	2353.804891	61
1880	18375	1851.618445	87
1883	15031	607.8346729	101
1887	14425	246.8193337	148
1889	5514	199.6431679	176
1898	6650	233.7588514	176
1898	14363	317.31733	156
1898	14557	245.693688	178
1898	14674	228.2163548	157
1904	10649	3177.110926	91
1912	3695	368.9619625	101
1912	4721	383.2879014	110
1914	4994	190.4437032	251
1915	3106	287.7670062	60
1926	17064	828.3483653	137
1931	8137	951.1041845	72
1941	13453	188.5758106	228
1946	4504	2861.361069	50
1950	1659	621.9953523	70
1950	2341	658.0666589	66
1953	3167	490.5461493	141
1953	16483	454.51081	145
1969	4824	252.0626967	155
1969	6993	266.3521831	164
1969	10699	267.9750129	157
1985	10792	2196.912848	114
1987	17128	3588.285486	75
1990	15222	1334.401482	28.99386789
1992	11336	453.261538	144
2004	9304	4174.785093	25.97643606
2025	2696	799.6551288	114
2028	15838	189.6382872	223
2034	7707	270.0560962	153
2042	11236	759.7891428	53
2050	7924	1399.949484	55
2055	12979	233.4440052	96
2058	16423	911.4593777	65
2059	2147	338.4625774	148
2077	8661	279.7236721	198
2079	2154	1399.364712	93
2082	16573	1633.532321	64
2097	2802	248.9702656	147
2098	4515	377.9794773	170
2102	420	522.3143332	83
2102	3228	499.5220329	80
2102	13928	588.0847637	73
2112	12569	211.8153551	216
2114	7242	1000.445043	80
2117	5320	657.8707407	129
2118	439	454.9120081	68
2118	930	458.2528786	69
2118	1064	454.9120081	68
2118	1411	458.2528786	69
2118	2781	444.9726942	70
2118	2909	458.2528786	69
2118	4471	454.9120081	68
2118	4525	456.9409248	69
2118	4756	327.9367162	86
2118	6123	464.8309703	71
2118	6536	448.6301653	70
2118	7212	454.9120081	68
2118	9223	445.4869285	70
2118	10429	460.4055052	70
2118	10739	454.9120081	68
2118	14762	444.9726942	70
2118	15719	454.9120081	68
2118	15862	452.2589358	69
2118	16966	454.9120081	68
2118	17088	454.9120081	68
2118	17553	319.4434643	89
2118	17778	444.9726942	70
2119	601	2347.558349	102
2119	9375	2342.855079	106
2119	15877	2380.303952	105
2123	2812	740.0299018	109
2123	11637	821.5964548	102
2125	265	267.3901242	90
2125	16192	238.3244745	99
2128	15117	905.4554762	109
2130	1213	1464.051629	56
2142	4527	1275.689993	61
2146	5909	2176.606195	106
2146	9405	1664.057175	114
2146	18136	1796.260833	110
2187	2007	3218.705719	71
2188	12995	588.314034	132
2193	6627	11217.51151	107
2207	9302	295.2690938	167
2213	6395	352.7850741	108
2213	15722	336.315909	108
2215	11581	195.4484508	197
2215	12859	260.450303	209
2221	7139	189.6700287	140
2222	7891	1182.283197	78
2222	9001	1254.68793	76
2222	13480	1239.187129	76
2254	1870	320.6687922	73
2255	2033	243.4904609	190
2255	10076	255.5843535	188
2258	3773	339.204202	119
2258	9632	359.4274283	112
2262	8966	4293.212754	62
2264	1955	721.4361101	80
2268	12638	714.7116486	92
2274	5280	4221.541466	75
2278	4367	742.3461604	112
2290	2540	2050.047298	56
2295	17333	3241.738755	53
2298	7286	368.4866607	177
2298	13174	365.0220293	167
2298	14045	316.1456774	185
2298	15851	369.7372314	176
2298	16775	363.5300204	171
2298	17389	268.423181	184
2300	6144	1439.016201	70
2300	12479	1289.09987	77
2303	15694	200.1166307	305
2309	16704	1680.047195	135
2311	17681	264.0056992	49
2312	13233	467.4280107	100
2317	1994	1215.825086	98
2317	3290	1263.058814	91
2317	6728	1323.180603	94
2317	14547	1329.965949	91
2321	7178	551.1315715	29.63817606
2321	10151	575.008336	26.5536902
2322	619	305.0693049	120
2324	14909	1598.866721	44.02173913
2329	3735	781.0787941	87
2329	4281	880.194632	85
2350	8518	703.0701327	112
2351	15694	198.0247044	305
2365	761	326.6361095	99
2366	15853	1472.864642	53
2368	2985	742.9450242	68
2368	4053	862.6661711	56
2368	14277	806.6394474	63
2374	7186	276.3886939	96
2377	4065	478.5545552	175
2386	18437	2951.699092	103
2393	9243	596.5470026	200
2400	11306	707.1062197	160
2403	17797	2804.304875	35.33572585
2407	2969	252.1824282	138
2409	1188	425.1252774	94
2409	13352	386.6106557	95
2413	14102	1256.200307	77
2419	2040	1464.111698	93
2427	2922	831.1793079	157
2427	9098	841.8579757	160
2428	1683	691.7340678	87
2428	15467	650.7577439	80
2428	17003	723.1707775	86
2433	14488	294.2245798	134
2435	7880	781.2590975	96
2439	3340	1229.027676	80
2440	12659	927.6193831	67
2443	14062	345.6950923	170
2444	4332	648.7489113	50
2444	10991	662.7672278	52
2446	16864	669.2046662	121
2446	17889	647.2961958	135
2450	1299	1108.792938	69
2450	9735	1108.792938	69
2450	15271	1141.332973	63
2462	4689	636.663601	133
2473	9952	423.2866052	124
2478	3939	1337.242926	145
2479	14145	1774.015288	106
2480	1899	369.759376	116
2489	8379	473.1548318	132
2489	12157	474.8700207	133
2498	13904	1971.895059	72
2498	16446	2012.524695	72
2500	15246	450.2206361	115
2502	329	973.2491161	70
2507	14303	317.1493393	163
2509	11205	185.079803	144
2517	4590	2562.157147	43.0647448
2517	8611	2561.282488	43.0647448
2519	10958	423.5548221	139
2520	9095	257.4589486	98
2521	10218	883.2783661	158
2522	589	248.4556838	152
2526	4115	243.7429325	103
2547	12510	1761.538366	67
2549	124	390.9901508	67
2549	1164	390.489432	67
2549	2855	385.3393858	74
2549	3734	385.3393858	74
2549	4297	385.3393858	74
2549	4454	385.3393858	74
2549	5385	385.3393858	74
2549	5623	385.3393858	74
2549	9687	390.9901508	67
2549	11368	385.3393858	74
2549	12231	390.9901508	67
2549	13382	390.9901508	67
2549	13694	376.977122	76
2549	15153	374.2102466	71
2560	14629	1021.443327	71
2565	5908	872.4997113	118
2566	1696	1119.145574	47
2566	3569	1061.562963	45
2566	6602	906.978798	66
2566	17462	914.9892767	63
2567	9838	188.1003769	205
2567	15547	191.2507229	196
2567	18371	228.235282	182
2572	2826	511.9656246	122
2572	5189	514.565915	125
2572	16432	506.2500137	126
2576	1155	568.7757335	117
2583	12055	1138.552615	90
2588	4839	279.4832878	180
2599	1184	1548.739606	122
2600	6623	1485.870878	131
2609	14653	363.651222	168
2613	12550	942.6783421	69
2617	15057	1855.757559	125
2625	1530	505.5129835	90
2631	6736	577.6649224	107
2632	4900	1142.028057	17.48895434
2640	5324	784.5219636	109
2644	1414	260.275041	51
2660	13040	967.0646651	52
2667	2300	1394.243262	61
2667	13125	1480.241517	58
2678	18349	1277.967675	75
2693	7068	297.5253782	86
2701	17748	2299.941722	117
2706	13007	1069.954734	110
2707	7262	722.8677307	62
2707	7612	703.0139801	74
2708	3120	569.6826399	175
2709	8265	1932.213115	55
2715	16763	1038.466129	55
2716	1161	501.6232252	81
2717	2384	1471.843162	39.44033602
2726	3615	526.9392306	136
2726	15806	498.5954983	135
2729	856	1448.899689	69
2733	6426	228.8262018	178
2737	14849	538.5133818	48
2739	2985	605.3071624	75
2739	4053	579.7161276	87
2739	14277	562.9251614	86
2741	7078	430.6653173	125
2741	16939	487.1390441	111
2741	17985	472.5933179	113
2750	5648	384.2288882	139
2752	8967	623.0573251	91
2752	13502	649.6474357	85
2753	7286	361.9808282	175
2753	13174	364.0533785	182
2753	14045	259.5466321	190
2753	15851	382.7581863	177
2753	16775	351.1962283	180
2753	17389	298.3751506	177
2754	14475	1649.499658	82
2757	2079	297.451192	179
2763	4773	929.0314212	93
2763	9646	696.8560938	99
2763	9866	816.5995533	98
2763	11037	807.7178115	95
2763	12994	641.1877921	108
2763	17185	789.7866881	92
2763	17907	896.4721628	104
2763	18087	618.1974091	111
2768	4199	230.5078901	114
2770	13590	194.1869385	155
2788	14266	2748.175248	90
2793	4587	1083.285907	73
2800	12105	816.091414	48
2802	15146	370.2748412	161
2804	6373	210.7317659	131
2806	2552	3088.345982	101
2810	8657	245.0917133	263
2813	4085	290.5192621	165
2813	6045	353.037288	157
2814	3130	1903.542779	39.44033602
2814	4560	1901.192915	39.44033602
2814	5203	1869.582538	37.7441779
2814	5987	1878.463193	40.31678793
2814	15097	1897.840914	39.44033602
2817	11108	1150.797298	88
2819	12516	295.4923009	118
2828	860	1217.678732	97
2828	11060	1212.410511	101
2829	16422	218.2757132	214
2846	17817	512.7370817	139
2850	544	888.904215	70
2850	15729	845.4653053	73
2866	2351	635.9299844	182
2870	16430	1114.12469	45
2876	17311	226.747141	161
2877	10015	940.9301134	38.58293741
2877	17611	933.5713559	37.7441779
2878	3293	1166.248644	101
2878	5286	1258.46473	101
2878	7966	1175.71622	103
2878	7986	1173.861439	100
2878	10428	1065.251359	108
2878	11055	1140.309535	101
2878	12359	1228.531259	97
2878	16588	1149.022648	98
2888	3732	735.4202939	42.1285547
2889	12885	2420.286037	91
2900	9761	1231.038025	61
2910	15487	283.1074099	34.5675579
2921	1644	1395.609409	133
2921	2373	1654.111409	136
2921	6946	1891.508345	131
2921	7787	1802.735464	140
2921	8083	1982.59277	128
2921	13140	1762.775159	132
2921	13367	1649.760117	141
2921	14899	1590.729123	143
2921	15001	1922.151516	140
2925	4009	512.8907498	150
2929	2703	2140.534717	107
2930	7902	449.8047705	96
2931	5498	502.6751147	101
2937	206	342.1393442	97
2938	17841	1330.659895	79
2939	11731	2760.293047	94
2940	16882	1479.648731	159
2944	124	388.807687	65
2944	1164	386.005835	63
2944	2855	381.6551371	67
2944	3734	381.6551371	67
2944	4297	381.6551371	67
2944	4454	381.6551371	67
2944	5385	381.6551371	67
2944	5623	381.6551371	67
2944	9687	388.807687	65
2944	11368	381.6551371	67
2944	12231	388.807687	65
2944	13382	388.807687	65
2944	13694	372.7697695	69
2944	15153	365.6921497	71
2951	2192	252.0594627	197
2959	8223	285.0341912	149
2960	8444	513.1793416	126
2960	16850	515.8233583	124
2963	9622	866.2320986	178
2993	8957	1178.021689	97
3008	10531	1636.505301	82
3009	5146	348.2066469	77
3012	2762	3147.806239	55
3015	2839	287.0169222	140
3020	3230	400.2800888	118
3022	6923	427.4655421	76
3031	3066	2401.486686	67
3031	10423	2609.489591	70
3032	3303	834.0335831	83
3044	17694	815.0886179	163
3053	13357	3688.93806	43.0647448
3060	3204	1114.664147	35.33572585
3060	3821	1096.158715	38.58293741
3060	12825	1048.55391	38.58293741
3060	18423	1153.213569	31.65828812
3073	8539	3621.282372	36.1209642
3082	676	1594.760015	86
3086	5146	348.2066469	77
3103	3296	874.1069057	113
3110	3270	517.1468017	155
3134	12690	730.7126643	116
3136	9888	528.5494975	71
3137	14244	1958.204979	52
3138	15963	188.3042742	256
3139	10854	323.9896329	123
3145	5876	2372.414288	133
3145	6361	1978.105015	134
3145	16195	2226.416987	126
3149	6119	963.4925272	41.21271655
3149	10839	1007.186314	35.33572585
3162	1212	449.8421208	127
3162	1474	452.6709303	136
3162	16076	372.9617563	133
3164	18434	428.4257327	140
3166	17343	576.1652305	131
3168	1881	1129.321989	73
3168	5422	1143.69947	72
3168	8692	1127.319618	73
3170	9960	220.4559423	168
3172	4709	221.3431667	192
3193	601	2248.435059	102
3193	9375	2244.990806	101
3193	15877	2202.585717	106
3207	14278	454.8673285	100
3208	12034	195.2571695	210
3211	17330	495.8590987	91
3223	62	297.2003864	104
3224	7772	1435.931936	60
3232	8323	312.8171649	155
3232	18086	236.8633228	176
3234	17193	460.7042386	147
3249	2818	307.1005176	124
3249	16191	347.5119006	124
3258	7147	833.0356444	82
3270	15079	2301.991363	89
3274	15465	264.2903695	178
3280	8454	667.1986132	72
3281	2940	420.6998756	165
3281	5899	385.5875334	174
3281	15761	290.7045086	171
3282	6718	824.1468471	99
3287	8290	653.1228496	73
3287	11538	658.3477485	63
3287	11722	659.5369178	65
3316	11327	2823.806386	31.65828812
3324	2372	290.3376837	150
3324	12253	216.0600837	167
3328	8518	805.0116517	97
3329	2992	1859.889939	69
3333	2134	346.3698542	107
3333	4681	329.5028105	126
3338	8983	3979.131565	79
3348	7286	453.538821	164
3348	13174	453.5076711	161
3348	14045	318.0706025	176
3348	15851	454.3955514	168
3348	16775	425.1433889	169
3348	17389	304.3026215	178
3354	15514	303.1945887	158
3366	2673	311.7572737	105
3366	2930	319.451421	127
3367	2539	2165.121783	94
3367	5755	2251.354009	91
3368	1379	502.8644881	103
3368	3780	452.0339828	111
3370	13622	524.6982294	106
3370	17471	519.8508897	119
3391	15337	389.5450336	86
3396	15639	1921.386251	121
3401	17802	320.1414674	168
3409	13109	341.6409314	104
3422	2089	1048.357031	77
3424	4785	1063.770809	52
3424	12856	1084.243386	54
3424	13149	1004.956267	57
3424	14377	1007.434826	55
3425	2486	2129.484337	40.31678793
3427	3944	250.2597803	138
3436	14264	898.9571981	91
3437	15568	1319.434978	94
3440	2061	2785.88754	41.21271655
3442	12795	3136.529823	77
3447	10602	835.745775	142
3459	23	323.2928714	110
3459	12109	292.6087796	96
3469	4254	2020.829498	103
3469	9582	2122.371289	99
3478	3902	407.8852097	168
3487	12463	1204.490002	72
3495	10960	267.6933017	174
3497	17060	1003.120993	113
3498	3905	183.1684261	118
3501	14676	192.5714167	100
3501	17811	191.9031988	102
3516	7226	2241.773541	67
3525	12061	808.1655764	75
3544	11593	447.3639403	130
3555	4458	200.9259835	118
3556	4773	634.0996138	113
3556	9646	593.9718703	122
3556	9866	633.8170099	121
3556	11037	677.0453708	107
3556	12994	605.4301691	114
3556	17185	655.6874439	110
3556	17907	676.8767777	103
3556	18087	614.0566261	121
3559	15633	983.8316452	77
3563	3659	575.8060834	100
3563	17199	574.3696288	116
3569	11143	782.7069488	53
3571	7968	1168.280384	48
3575	2143	1887.615708	84
3575	6807	1849.17757	86
3579	10971	430.1477991	123
3580	243	603.9458716	83
3586	6683	267.0497381	197
3593	9719	1048.855562	81
3593	16083	995.486108	82
3595	11201	1714.401162	55
3609	3053	1032.743745	120
3615	6454	303.9675485	116
3615	8181	303.26229	108
3615	9076	302.2860882	113
3615	17406	303.26229	108
3616	8645	977.0678705	158
3625	3327	366.6091721	139
3645	11467	452.2704552	172
3645	12892	365.9822775	180
3647	17147	338.9770938	115
3649	13074	577.8406284	110
3653	13109	321.1219475	123
3658	9986	2035.622774	66
3660	2881	1268.428562	106
3672	11514	223.7675588	196
3672	12252	227.7961896	189
3672	13883	223.5195849	192
3672	15036	233.2436605	199
3673	4256	473.2419883	101
3679	7286	453.538821	164
3679	13174	453.5076711	161
3679	14045	318.0706025	176
3679	15851	454.3955514	168
3679	16775	425.1433889	169
3679	17389	304.3026215	178
3684	14139	1938.040839	90
3691	11844	181.4381264	205
3695	1471	374.1662034	113
3695	7530	341.422943	116
3695	9664	288.6469076	130
3696	366	1129.96495	97
3702	13961	2847.637039	69
3728	299	552.2436656	116
3731	6777	3058.882273	30.97006447
3736	17182	2048.987058	91
3742	5573	1022.445662	110
3765	7286	452.9120596	164
3765	13174	452.8735246	162
3765	14045	317.2229262	177
3765	15851	453.4998577	168
3765	16775	424.5297534	169
3765	17389	303.7121764	178
3767	14006	1093.356354	124
3767	16320	1161.736118	121
3767	18201	1019.370616	129
3769	16138	605.7831393	89
3771	967	196.3414865	162
3771	1487	320.6657616	142
3771	8850	387.691516	137
3771	12813	294.5562832	155
3771	18030	300.3465318	152
3772	1644	1285.098934	141
3772	2373	1816.081309	132
3772	6946	2113.035919	124
3772	7787	2003.266069	125
3772	8083	2135.744156	123
3772	13140	1909.297346	131
3772	13367	1833.446658	139
3772	14899	1654.999788	133
3772	15001	2039.943496	125
3778	3772	2147.05856	106
3779	3111	2257.356506	94
3779	9023	2011.695329	92
3799	13939	833.1988204	60
3821	1169	2179.531409	93
3821	2835	2146.009269	94
3826	10467	264.7871572	112
3835	9518	1553.49115	90
3840	10837	789.8823126	89
3845	8395	1726.852426	59
3847	5911	1817.027719	52
3859	6416	214.271369	240
3869	2987	688.7513902	86
3869	15283	651.9482675	90
3870	18221	1751.093928	59
3874	7332	1731.88844	60
3874	8734	1736.43296	60
3874	11910	1653.639705	61
3874	16459	1695.290856	60
3881	15296	331.8205753	205
3882	4072	759.0753973	142
3882	15560	823.1441407	131
3882	17604	809.1184756	141
3887	13805	438.4305803	210
3890	10658	423.1675136	129
3890	13753	471.0155374	120
3891	5494	824.4509681	71
3898	2260	742.1595741	125
3898	13147	704.4723144	122
3904	14053	2536.78412	70
3914	5994	461.9888732	141
3914	17258	449.096629	143
3923	1210	933.3201582	101
3923	10707	945.7619108	96
3927	2355	262.2454155	98
3935	9527	218.8875294	105
3936	8518	805.7899557	98
3941	6695	524.6934254	93
3941	16150	517.7833786	93
3947	8518	797.730851	98
3948	4785	1039.132258	56
3948	12856	1107.200854	54
3948	13149	1032.469325	55
3948	14377	1138.905277	54
3950	7191	513.1231372	140
3950	17292	574.1202397	146
3953	8208	1449.610079	100
3957	1281	531.3210109	131
3964	2840	1789.483113	76
3969	5754	266.3718698	156
3975	6135	182.5233615	161
3978	12299	360.549891	111
3987	10773	553.1626478	170
3989	2296	337.8689882	80
3997	8518	798.1458458	98
4011	2090	501.9205639	125
4011	4949	519.9204595	144
4011	8917	484.9244582	136
4011	10581	543.3454098	137
4013	13204	2223.465255	62
4016	11477	682.8475999	94
4019	15353	221.7680962	194
4027	710	231.2710354	176
4027	8088	240.4751553	191
4027	13343	216.4741768	185
4040	3764	233.9366638	370
4064	6245	1006.039467	49
4070	1382	501.7192735	120
4070	11553	368.2617198	138
4070	16561	434.8803203	130
4082	12519	1276.806153	33.08095687
4085	965	327.7080739	143
4105	6116	785.6802781	72
4110	13779	198.918241	354
4115	10404	963.5821903	82
4122	5576	421.5652167	168
4135	10822	853.7694344	135
4136	3215	491.3598495	94
4145	17184	181.2894799	161
4149	4773	1011.550045	94
4149	9646	865.1816695	96
4149	9866	859.969563	100
4149	11037	977.4032527	86
4149	12994	830.4844381	100
4149	17185	997.8135544	84
4149	17907	1050.823036	92
4149	18087	850.0016324	98
4153	13393	290.4479314	106
4156	15125	1275.535658	94
4163	11890	909.8927451	121
4167	13675	639.5246146	85
4168	5695	190.0654671	150
4177	406	319.0174858	119
4177	10138	382.1905878	131
4179	15130	1370.770931	84
4186	16782	512.2906714	104
4187	1180	2629.264709	56
4189	5296	266.6413285	126
4191	2826	370.7201332	145
4191	5189	391.7098358	144
4191	16432	511.1179565	132
4195	2428	4279.400313	41.21271655
4195	5841	4237.885451	41.21271655
4204	6482	1308.173839	136
4204	7545	1300.831426	134
4204	7770	1406.046238	133
4205	523	2698.829293	39.44033602
4205	10727	2583.809594	41.21271655
4205	16801	2316.993242	45
4208	1212	417.6414967	127
4208	1474	479.9934176	128
4208	16076	326.6952102	145
4212	16423	1120.505716	54
4216	11878	676.8867945	100
4218	10008	1310.004489	65
4222	4135	839.978521	80
4226	14183	1551.342782	109
4228	17268	582.9692402	93
4232	967	204.7897083	160
4232	1487	329.1502272	143
4232	8850	388.0215301	138
4232	12813	310.3365768	154
4232	18030	296.5918288	154
4234	9177	2043.979658	71
4240	11709	955.4338597	74
4241	10552	975.397389	52
4241	11996	992.044719	52
4245	13494	201.3074865	240
4245	18308	191.0351173	218
4246	7893	754.9087096	98
4253	6790	182.4304136	277
4265	3983	1096.498992	78
4283	11632	767.7311461	128
4296	9368	1154.684756	90
4296	17465	1154.934342	88
4297	5414	186.4955249	137
4299	2985	818.5475518	64
4299	4053	898.7991906	60
4299	14277	806.7601333	69
4306	6238	2365.268764	121
4317	16672	481.8408407	94
4320	308	431.2170154	161
4324	702	1104.874778	118
4331	7615	907.4145604	114
4333	10405	582.7572103	143
4335	4871	400.8189507	155
4342	8251	3430.194453	42.1285547
4342	18325	3448.510648	41.21271655
4347	12367	697.1054353	85
4349	15711	221.6426007	230
4354	7609	1565.471447	51
4354	16891	1255.455584	46
4357	8799	1000.417276	103
4358	1210	933.3201582	101
4358	10707	945.7619108	96
4368	3478	587.4837119	99
4374	7944	1741.752249	20.85097594
4380	3561	1080.013521	82
4382	381	1412.190848	103
4389	18398	369.8645571	65
4392	7286	342.3056529	184
4392	13174	369.8282622	177
4392	14045	269.2857694	204
4392	15851	376.2476909	179
4392	16775	338.2976085	184
4392	17389	272.2197716	189
4399	3072	773.5918925	100
4402	906	2733.072733	64
4405	8518	803.1473123	98
4425	372	905.5246942	109
4425	12769	979.08915	104
4428	12373	204.896684	135
4438	2564	431.6646926	107
4449	2485	2122.720817	51
4449	4328	1979.465777	51
4449	12695	2180.562222	51
4449	17284	2031.31252	52
4450	246	331.0964791	119
4450	13086	320.8084382	114
4459	13871	767.3206285	100
4467	4268	679.9385258	101
4468	18256	676.4437489	105
4483	463	903.37345	110
4487	12569	215.9027796	240
4491	17368	190.9445413	119
4501	13490	473.3676589	51
4501	16427	464.2198	49
4504	18052	757.5919583	107
4513	11120	587.7724886	76
4518	3066	2394.415171	66
4518	10423	2601.194702	69
4525	2134	367.9483984	117
4525	4681	419.0240972	126
4528	15584	1322.136301	86
4541	12679	203.3145369	289
4550	1023	536.4347992	95
4550	1265	438.5792436	87
4550	8028	528.0215969	88
4550	11725	537.6374888	90
4556	13782	555.992981	91
4562	9178	1859.012541	62
4562	16309	1997.330784	58
4567	13490	368.5738315	72
4567	16427	335.8939391	74
4577	1062	589.0279824	160
4577	16983	667.0761499	158
4578	9237	277.2709496	203
4580	12158	195.8923331	215
4587	1783	761.710487	94
4587	13265	776.2756393	96
4587	17690	809.8357828	102
4588	1961	1273.838282	124
4588	17413	1146.986407	135
4589	2793	461.7520854	125
4596	17847	223.6823004	182
4601	3027	859.4291119	123
4603	15516	707.2099284	82
4613	4745	975.1029574	119
4616	4998	1195.918515	124
4617	12687	405.2391038	99
4621	4874	334.9371168	173
4623	12496	878.440945	126
4633	409	408.9620925	114
4637	1188	252.3209856	101
4637	13352	252.3209856	101
4645	7675	1229.548181	81
4645	16712	1257.704382	80
4645	17675	1263.407828	78
4647	13482	290.2954074	180
4647	14281	396.2440246	173
4647	14429	384.0276275	173
4657	10983	211.3175287	87
4668	13303	487.3029789	146
4676	10166	586.5389428	106
4682	3175	1235.697917	48
4684	13607	183.871867	212
4701	5470	1103.285227	76
4701	17877	1149.542675	76
4703	7351	583.3777056	131
4703	8890	573.7524563	122
4703	10780	577.3728475	139
4703	11302	552.8068912	130
4705	124	390.9901508	67
4705	1164	390.489432	67
4705	2855	386.2793786	69
4705	3734	383.9215101	68
4705	4297	383.9215101	68
4705	4454	383.9215101	68
4705	5385	383.9215101	68
4705	5623	383.9215101	68
4705	9687	390.9901508	67
4705	11368	383.9215101	68
4705	12231	390.9901508	67
4705	13382	390.9901508	67
4705	13694	375.1522422	71
4705	15153	374.2102466	71
4707	5104	927.1032812	115
4714	16028	336.5746554	154
4717	15684	220.2255674	253
4723	13109	298.7383806	95
4740	76	1847.282994	58
4740	1540	1824.154981	58
4743	10840	550.1161514	74
4744	124	370.1091973	82
4744	1164	392.5190474	77
4744	2855	368.0087108	83
4744	3734	368.0087108	83
4744	4297	368.0087108	83
4744	4454	364.6366292	83
4744	5385	364.6366292	83
4744	5623	364.6366292	83
4744	9687	370.9177499	81
4744	11368	368.0087108	83
4744	12231	374.2596232	81
4744	13382	374.2596232	81
4744	13694	360.2885119	85
4744	15153	373.1196426	78
4748	990	1967.324285	84
4752	9673	628.8181134	103
4752	14161	657.4679505	96
4766	7286	365.7090397	180
4766	13174	363.3595723	179
4766	14045	284.9849377	193
4766	15851	424.9420504	170
4766	16775	351.4304771	170
4766	17389	288.1920173	184
4772	18390	1389.556794	45
4773	997	631.3891886	162
4773	1043	712.8507177	155
4781	7152	423.0114429	179
4781	8604	542.3582441	160
4788	2639	274.4536902	148
4792	7589	1483.297002	147
4795	14175	876.3383128	69
4797	1874	258.77694	150
4797	3068	245.7817903	158
4797	7323	277.5311327	148
4797	15983	228.4223604	144
4801	3894	2438.354534	59
4802	4455	185.0468833	196
4802	13940	224.0216012	185
4805	8387	467.8133337	141
4819	7006	1956.291484	62
4822	5295	214.4476178	136
4823	12059	310.1302155	175
4832	9888	545.7931673	69
4835	7819	830.9213946	59
4840	10654	344.5763799	147
4842	10279	187.9942259	163
4844	12551	901.8656829	99
4845	2270	1122.162853	55
4850	10134	849.1417961	95
4850	17059	847.9138849	97
4864	2048	1115.029141	97
4864	14582	1084.852551	99
4875	8120	557.6310738	103
4875	11082	573.8845879	111
4877	10406	522.2704682	146
4879	742	271.6777589	166
4890	1525	206.17839	162
4890	6031	238.1544388	162
4899	14648	1292.739089	102
4901	13781	273.8282056	97
4905	14673	402.4406242	113
4905	16226	308.5786814	128
4905	17242	414.2480705	108
4916	10812	427.8968928	113
4921	11476	2968.968198	37.7441779
4922	405	722.8311291	115
4922	16323	700.4074504	120
4923	15847	236.4158924	212
4924	2448	1915.221259	72
4924	16849	1892.725588	75
4926	9341	1447.753667	98
4934	8231	1773.207444	91
4941	15694	237.6119399	314
4945	3449	3015.737086	61
4958	16848	2675.07103	42.1285547
4970	176	1844.512212	37.7441779
4983	15421	912.7807358	158
4987	748	1321.362407	139
4987	2139	1795.238472	118
4987	4349	1718.170669	133
4987	5037	1926.714263	124
4987	5410	1820.020792	121
4987	7146	2050.918374	121
4987	10207	1593.878767	131
4987	14289	1925.345638	119
4987	16381	1842.107315	115
4987	17300	1768.316561	126
4994	1955	721.4361101	80
4995	2701	291.9554547	152
4995	12514	357.489904	149
4996	17836	223.3341733	112
4997	13316	649.4057886	65
4998	780	324.2771676	85
5000	16127	380.991234	113
5002	16278	669.3151942	68
5005	12647	1334.177852	97
5005	17959	1317.83536	100
5006	11118	265.392015	131
5012	719	1367.694699	83
5012	10857	1488.350239	79
5029	15261	1488.644829	85
5046	9095	254.5941023	99
5050	5735	1242.583207	91
5050	9298	1395.456456	86
5055	842	185.0725264	254
5063	6429	458.2721312	81
5068	5779	936.9934193	114
5069	12008	432.5735517	160
5076	9806	456.7946611	134
5076	13726	437.1522156	132
5077	10813	188.2160849	342
5080	13177	280.7847818	247
5092	8237	414.4095543	125
5092	17223	446.0513315	122
5099	5565	316.9888897	163
5105	10325	3671.606906	77
5117	14812	2018.656182	87
5120	5694	200.5139464	295
5130	4052	277.837526	140
5139	9269	1048.254045	96
5145	14112	638.3978276	72
5150	16007	732.9910557	93
5151	4205	254.5098727	110
5151	17890	222.8876654	121
5154	18098	730.3084953	82
5159	15694	246.7488103	291
5161	16846	639.207089	80
5162	2629	901.6475177	104
5171	1463	337.5690961	101
5172	5295	238.5105393	147
5178	12910	187.88675	179
5180	481	803.2697102	106
5182	1023	411.4920137	100
5182	1265	440.544028	85
5182	8028	448.3134937	84
5182	11725	612.1497627	66
5184	106	426.5386368	136
5186	2816	443.7507455	202
5186	4770	447.2315668	198
5186	15132	365.9929713	206
5189	942	294.6767143	134
5191	2893	419.7623838	151
5205	8298	1255.516595	90
5206	3042	718.8437997	177
5209	9517	186.3944113	287
5215	12576	221.3168811	196
5225	2918	229.0869101	199
5230	5854	1519.773718	139
5232	1185	501.9417831	50
5232	6374	488.7539551	52
5232	9617	501.9417831	50
5237	4431	1065.739883	160
5237	11026	1016.645771	156
5249	12200	1300.718763	51
5250	36	2417.181804	54
5256	1704	1314.773123	119
5256	4763	1211.062055	122
5265	2032	911.3476778	90
5265	4120	854.5235886	92
5266	1472	2443.849436	69
5283	9055	2592.887359	27.74696714
5291	6371	813.6650985	70
5292	487	531.9524447	61
5292	16791	531.23535	61
5293	9346	719.1373406	133
5302	6057	532.3545969	77
5303	4785	1031.925078	57
5303	12856	1099.830581	55
5303	13149	1025.235193	56
5303	14377	1131.531805	54
5306	8985	401.3078796	127
5307	3185	844.1190472	107
5320	11850	1460.106527	88
5326	7068	309.6019745	89
5328	2794	251.3706513	145
5331	12944	496.2121356	85
5333	8958	1924.732649	46
5333	13348	1803.046517	53
5347	8768	218.285405	214
5360	776	448.232416	104
5360	6809	405.8524762	109
5360	8971	394.73226	107
5361	1659	720.5653269	54
5361	2341	768.6194876	57
5365	2563	924.8793985	146
5370	13122	333.8639996	162
5371	3950	216.1501922	153
5372	13815	548.3066815	182
5375	6405	234.5563726	188
5376	2791	373.1147885	143
5379	11180	6115.724456	75
5382	17597	212.2245868	337
5385	2744	605.6385706	106
5385	16924	658.1995266	97
5386	11584	987.7936421	48
5387	16271	284.3633179	141
5388	16785	2947.567342	37.7441779
5392	13802	529.4585333	63
5397	2280	313.5052247	202
5400	9693	759.381911	143
5408	14801	340.4819224	136
5408	16731	275.7996359	145
5415	575	710.9119297	44.02173913
5415	4198	673.2372572	40.31678793
5415	6772	614.1816339	48
5415	12702	702.1638587	45
5415	18079	675.4489363	46
5430	7286	309.4265743	192
5430	13174	349.0541982	185
5430	14045	260.4034734	201
5430	15851	352.1328779	186
5430	16775	328.5673076	184
5430	17389	253.6011098	196
5438	7488	1005.506526	28.99386789
5440	1355	4031.792975	20.39769385
5440	5646	4042.301964	20.39769385
5440	6822	4067.673399	19.95426572
5440	7768	4031.792975	20.39769385
5440	7833	3947.876006	21.78798276
5440	9323	3911.640246	19.52047734
5440	12312	3993.33098	19.95426572
5440	13375	3992.408202	20.39769385
5440	14614	3297.924378	20.39769385
5441	14261	363.6934415	159
5449	7558	604.6367041	66
5466	10091	1354.11733	89
5479	8113	573.0793196	102
5479	10555	805.1199816	93
5482	13655	373.7108902	103
5486	13539	790.4489611	167
5487	11849	373.9946924	121
5487	18203	385.1588541	111
5495	7840	727.8976027	87
5507	1342	1246.233794	85
5515	15651	558.6160091	109
5517	1774	251.4928879	90
5523	14026	1586.966876	73
5524	654	4319.935052	15.32822746
5524	4426	4217.600406	16.01705151
5524	5078	4253.383475	16.01705151
5524	5080	4255.24047	16.37298599
5524	11303	4171.244428	17.48895434
5537	14974	928.3819235	115
5538	8707	1104.486995	120
5544	3441	632.2438261	66
5544	8913	605.8205768	69
5546	1594	355.7895101	86
5546	5305	375.0282951	85
5546	12755	316.1177861	90
5547	4530	677.9256842	91
5555	3346	640.959396	46
5561	16210	2920.763107	52
5563	1037	405.452356	131
5563	3325	406.7459811	132
5563	18327	384.3039113	140
5567	11085	887.8584492	118
5569	8603	739.9570102	117
5573	3244	619.0995587	115
5573	9999	601.8632425	108
5574	8760	938.0538065	79
5578	2672	373.0505855	113
5604	637	352.7222509	92
5604	7345	206.1248881	119
5604	11596	337.9022115	93
5604	11870	193.633561	118
5606	9478	773.221701	119
5611	16876	4453.968146	67
5614	13400	217.7389687	178
5623	15272	2879.563382	27.74696714
5625	13864	2155.694683	74
5629	497	1073.410256	64
5629	5185	904.2607849	72
5629	5268	947.4779113	68
5629	10763	878.4766098	67
5629	12011	1056.195631	58
5629	12662	927.4738437	66
5629	15137	950.2941008	68
5629	17332	971.6959132	65
5657	17399	1992.190995	63
5663	12112	678.2314174	113
5664	3176	683.1410769	159
5665	8518	805.0116517	97
5668	16168	655.0176245	185
5672	9147	1235.755955	33.08095687
5676	16038	181.6273765	103
5677	16811	886.8218251	48
5680	9584	1286.237693	76
5680	15202	1258.955462	79
5685	12569	192.4384927	229
5688	194	439.1992289	79
5688	11600	488.5882671	70
5688	11681	439.3650815	79
5700	11849	407.0417815	116
5700	18203	424.028954	115
5706	6002	3934.067434	49
5711	13613	776.999498	129
5717	4240	855.3263358	100
5723	17569	231.5678108	258
5729	3282	371.8572103	138
5729	17693	389.3906832	134
5730	16120	529.3124514	97
5738	3884	185.1204729	165
5743	860	1492.06695	87
5743	11060	1418.227135	89
5747	8677	1329.92236	111
5747	18000	1380.455684	111
5755	2196	805.0828189	179
5762	3718	452.3133713	126
5777	15498	407.9317364	171
5786	6509	1021.209802	116
5786	12660	902.4280419	129
5790	5450	969.5607258	142
5801	16839	204.4352609	296
5818	16763	1009.37301	55
5824	8302	570.7209347	116
5838	5430	5789.968631	61
5847	11758	2402.872958	37.7441779
5850	11382	1381.164685	64
5850	15540	1450.417386	59
5854	10537	1751.773685	67
5854	12801	1722.786075	72
5867	5461	1113.813708	91
5867	5788	1107.30487	90
5867	8898	1094.185306	91
5882	2090	549.0461889	132
5882	4949	466.4059681	143
5882	8917	547.4629426	134
5882	10581	502.2534157	136
5903	439	454.9120081	68
5903	930	458.2528786	69
5903	1064	454.9120081	68
5903	1411	458.2528786	69
5903	2781	444.9726942	70
5903	2909	458.2528786	69
5903	4471	454.9120081	68
5903	4525	454.9120081	68
5903	4756	327.9367162	86
5903	6123	464.8309703	71
5903	6536	448.6301653	70
5903	7212	454.9120081	68
5903	9223	445.4869285	70
5903	10429	460.4055052	70
5903	10739	454.9120081	68
5903	14762	444.9726942	70
5903	15719	454.9120081	68
5903	15862	452.2589358	69
5903	16966	454.9120081	68
5903	17088	454.9120081	68
5903	17553	319.4434643	89
5903	17778	444.9726942	70
5904	1213	1334.493817	63
5907	15294	731.8790157	99
5909	8109	213.7865661	135
5911	18398	417.6696521	61
5915	17073	2258.549112	41.21271655
5921	7171	5694.78795	69
5921	8465	5535.361958	71
5924	775	539.2437149	79
5934	7467	569.006782	62
5938	4959	646.2932833	108
5947	3967	1518.536164	74
5956	9293	918.9624242	101
5966	6167	2718.729315	34.5675579
5966	6839	2679.271616	34.5675579
5966	9138	2749.058321	33.81608925
5966	9155	2747.410615	33.81608925
5966	13037	2715.834476	34.5675579
5966	13180	2737.581423	33.81608925
5967	3274	663.0369586	97
5967	10311	698.169448	99
5967	13032	699.6121142	98
5975	4098	981.1445988	77
5975	4445	1021.010027	68
5975	5813	958.4151512	79
5978	3292	370.4569509	93
5980	10021	1392.632855	66
5992	6428	1302.288135	45
5998	15850	1367.119583	60
6006	3899	280.9066551	136
6008	6147	824.1553416	55
6016	7812	1049.968001	77
6031	14804	377.6012507	124
6046	9869	519.7164425	107
6046	12639	514.1661342	107
6048	9266	828.1610723	133
6054	2916	195.9506223	316
6063	15085	938.9269984	94
6065	3731	966.0102988	84
6066	5801	780.4208575	127
6066	7662	811.3020478	121
6072	8456	203.5070221	346
6077	9711	921.8437376	139
6077	14412	911.411036	142
6079	654	4308.468116	15.32822746
6079	4426	4242.434263	16.01705151
6079	5078	4267.425126	15.66885474
6079	5080	4276.556057	16.01705151
6079	11303	4191.703158	16.73683012
6081	6550	223.068353	184
6087	10390	590.7431272	88
6089	6491	629.3631661	126
6089	11033	668.1719933	116
6090	14642	223.4291628	251
6095	15452	392.9200141	77
6096	17009	1712.989945	54
6100	8681	337.0066109	155
6101	2639	271.8109178	143
6102	15426	565.1861132	103
6102	16975	584.2477349	97
6107	1556	382.932406	134
6107	8505	347.4638744	135
6109	1476	642.71772	94
6112	439	422.3329162	69
6112	930	426.989917	73
6112	1064	422.3329162	69
6112	1411	426.989917	73
6112	2781	427.473378	68
6112	2909	426.989917	73
6112	4471	422.3329162	69
6112	4525	422.8835952	75
6112	4756	308.2867856	90
6112	6123	445.7650518	75
6112	6536	416.089721	71
6112	7212	422.3329162	69
6112	9223	412.9642026	71
6112	10429	426.6879973	76
6112	10739	422.3329162	69
6112	14762	427.473378	68
6112	15719	422.3329162	69
6112	15862	419.705329	70
6112	16966	422.3329162	69
6112	17088	422.3329162	69
6112	17553	300.050507	92
6112	17778	427.473378	68
6117	318	1238.253594	90
6117	6127	1254.080564	89
6124	2862	326.1834246	185
6129	2117	201.2098359	183
6129	3883	195.182065	189
6129	6101	207.5730009	161
6130	5364	595.0899577	120
6130	9919	637.7777418	104
6130	13199	606.3130886	109
6132	9800	529.5092759	95
6132	18439	564.0933865	92
6133	13548	2425.104988	37.7441779
6134	14022	2597.924705	84
6136	6187	182.2186495	136
6136	12242	190.4165592	133
6140	8712	762.1690576	98
6146	14346	401.627575	156
6147	10788	792.6701719	41.21271655
6148	6351	221.4420831	210
6157	3978	718.3568957	64
6157	5378	795.726576	62
6157	6365	767.574312	61
6157	9170	829.4165308	61
6157	10594	805.1010952	63
6157	11372	793.104263	57
6175	10974	190.1801797	207
6177	3658	2127.384921	85
6177	17911	2198.574088	83
6184	14357	778.7031155	94
6184	15697	876.7476642	88
6184	15815	854.914749	90
6185	10220	253.1041501	236
6212	7819	830.9213946	59
6220	13298	1167.122981	128
6223	14020	1360.465741	43.0647448
6229	17449	452.5378755	135
6231	8487	510.8909815	140
6234	2746	499.099259	93
6234	14014	301.0192529	117
6234	14121	349.79788	115
6238	3130	2380.637339	30.97006447
6238	4560	2391.975925	30.97006447
6238	5203	2423.609894	28.99386789
6238	5987	2405.801299	30.2968022
6238	15097	2436.763261	28.99386789
6241	14259	411.8545846	181
6250	4785	1005.98428	52
6250	12856	1078.889763	50
6250	13149	970.6118406	53
6250	14377	1091.89304	52
6253	10711	3639.599139	47
6255	16539	295.6773415	104
6256	11481	316.0025398	114
6257	811	1018.015076	130
6257	1860	1001.360605	129
6257	8630	779.1230156	141
6261	11205	249.1234472	116
6262	6147	824.1553416	55
6278	7004	253.1785923	98
6280	16779	317.5052647	135
6281	11514	222.8432516	196
6281	12252	220.1421849	189
6281	13883	215.7893731	193
6281	15036	227.3033078	200
6290	1185	478.7428395	53
6290	6374	465.7385946	54
6290	9617	478.7428395	53
6294	2734	259.3436274	150
6313	5098	583.9401889	135
6317	4172	345.5903078	73
6317	15345	347.1623877	67
6317	16042	338.6985573	69
6317	18246	359.9223804	63
6320	15465	327.8812505	167
6324	3167	327.8487336	153
6324	16483	361.7710119	146
6327	10685	815.6710577	94
6327	13934	859.3094364	90
6329	3745	2179.519975	84
6332	1378	261.222046	103
6332	6793	241.9544842	110
6332	9940	256.4459771	107
6332	14890	251.8092021	108
6361	6318	1623.886025	99
6361	10973	1641.265156	102
6367	4530	580.5960161	102
6382	1428	773.2507978	82
6384	2020	1768.964081	77
6384	5817	1686.446706	75
6387	3750	998.2299765	99
6392	2345	769.9063657	163
6393	6160	660.8475471	149
6393	7743	692.6052579	165
6401	1159	789.8926268	155
6401	1790	796.1252566	151
6404	5179	184.5717965	137
6409	5876	2157.70279	134
6409	6361	1830.695149	136
6409	16195	2053.708171	133
6410	7262	641.8330487	79
6410	7612	700.7717579	72
6414	17605	4103.377996	54
6414	17696	4059.125647	57
6419	17097	422.1969037	106
6425	14112	619.8656362	73
6426	724	297.5751966	167
6426	10502	261.5700608	159
6432	3471	451.0252929	148
6435	3088	11565.64634	79
6440	13467	4713.925041	48
6456	15919	827.8781776	150
6457	1994	958.6394776	105
6457	3290	1030.423134	101
6457	6728	1083.134603	100
6457	14547	1088.342194	97
6468	14808	989.9382741	142
6471	3775	621.4591399	86
6483	7138	1671.540084	122
6490	2032	902.4842485	90
6490	4120	865.4504202	82
6493	5251	189.7591156	278
6503	10906	390.1281811	132
6504	11344	381.0820046	152
6508	16648	221.7546952	148
6509	4558	1213.071151	114
6509	9886	1146.567186	123
6513	17878	300.9388611	152
6517	13194	1110.838506	58
6530	12342	571.2543053	160
6540	12701	643.4795843	144
6544	2625	515.5939609	109
6545	3396	1003.188132	111
6560	7645	236.7243098	228
6561	4254	1408.421353	110
6561	9582	1355.715159	116
6566	9057	197.2347003	178
6570	2402	1300.032821	90
6570	2890	1262.837689	93
6570	12929	1220.023613	97
6570	14864	1297.002929	92
6570	17415	1298.442286	93
6571	14554	233.6541685	218
6583	9778	390.0998171	121
6587	4403	716.9357689	73
6590	1870	413.8719046	48
6591	714	3904.306321	88
6593	11386	383.8857789	209
6600	6253	1978.790805	70
6600	7717	1866.612214	75
6600	12156	1816.467879	78
6602	1246	296.3241383	116
6602	2258	313.4466537	119
6602	3001	317.4501382	124
6602	5849	271.4136023	128
6602	14705	305.26939	112
6602	18225	264.552435	127
6606	2032	812.2655723	92
6606	4120	805.6929258	91
6615	3220	592.8554757	90
6616	15894	522.296348	99
6637	16601	608.689888	150
6641	4567	199.8686929	234
6649	7247	2836.599713	108
6652	739	705.6166313	59
6652	6672	629.2472258	60
6652	11287	611.7302016	63
6652	17423	707.9661817	61
6658	16230	678.2684572	111
6680	1724	883.1595618	86
6685	8518	803.3192856	97
6686	1185	507.1083716	50
6686	6374	493.8533528	51
6686	9617	507.1083716	50
6694	7118	857.7069823	92
6707	13870	1041.198344	102
6717	967	204.0655935	161
6717	1487	333.873287	141
6717	8850	382.7090522	139
6717	12813	314.6255261	152
6717	18030	299.2856686	153
6729	11233	313.956422	98
6736	2963	447.0134303	130
6737	15880	410.1295458	121
6738	15452	394.5736752	78
6739	7435	261.9716397	148
6739	11975	336.4052699	144
6759	6145	998.5689952	78
6762	3767	521.8372574	103
6764	59	723.2077856	51
6766	17211	1028.168877	81
6777	13518	1170.352028	123
6777	17504	1554.07384	101
6806	575	568.7692972	48
6806	4198	568.7692972	48
6806	6772	472.270955	68
6806	12702	560.4522476	49
6806	18079	562.5067685	50
6808	13620	1162.36622	136
6811	1644	1498.913025	133
6811	2373	1724.206149	132
6811	6946	2240.7869	122
6811	7787	2221.554161	118
6811	8083	2295.935485	115
6811	13140	1999.325147	125
6811	13367	1804.15808	142
6811	14899	1883.508951	129
6811	15001	2111.95785	122
6826	3177	1682.631392	83
6826	17348	1714.900792	82
6829	7394	510.7331338	126
6836	2662	1715.455995	47
6845	4785	1040.326271	56
6845	12856	1091.547206	52
6845	13149	1025.235193	56
6845	14377	1130.792556	54
6851	9596	984.593433	48
6853	4698	664.8295007	139
6853	14426	216.9505819	160
6864	795	1716.184434	59
6864	9909	1777.054843	57
6870	283	1135.913928	132
6870	5269	1125.52357	131
6870	16816	1126.985513	135
6871	10034	1037.938587	62
6884	2279	776.7261713	131
6884	16239	701.1093304	132
6887	15679	791.6057967	127
6887	15712	869.8386391	123
6887	18190	886.194988	117
6893	12909	1229.191669	80
6896	1609	1517.933217	77
6913	12211	627.6131743	96
6914	7490	727.7006145	87
6919	10003	2131.972103	47
6919	16747	2045.068544	50
6927	16953	399.9002938	142
6931	1195	624.973295	91
6932	7870	225.7776519	333
6948	1644	1165.160704	139
6948	2373	1238.70385	139
6948	6946	1653.487103	138
6948	7787	1522.816227	138
6948	8083	1637.497871	133
6948	13140	1382.71088	142
6948	13367	1405.119632	141
6948	14899	1462.230719	148
6948	15001	1553.26241	136
6952	16403	884.010133	193
6952	17045	754.8714184	193
6962	7385	359.7278115	90
6965	6196	348.9022259	75
6967	3612	2082.190381	36.1209642
6967	5836	2069.557259	36.1209642
6967	6583	2090.716782	36.1209642
6968	131	1169.796064	64
6968	14128	1218.531469	65
6969	514	759.4931451	163
6970	8320	992.713843	68
6970	17056	942.7636055	72
6970	17098	936.8356924	73
6977	10830	203.4385087	185
6979	13734	317.1284512	157
6982	8170	1513.4253	124
6983	4529	1556.85523	53
6991	913	1094.207922	74
6992	13736	671.7051743	84
6993	16438	380.6548793	186
7004	9541	335.0843404	128
7004	13676	352.5878562	125
7006	1739	288.9367745	199
7009	1324	837.9897992	113
7010	8038	1085.861355	147
7019	1152	631.9107547	72
7031	580	646.0821885	138
7031	4453	537.7375585	146
7039	10896	918.0949934	142
7043	17876	268.7913833	193
7051	494	2426.061468	92
7055	1446	247.0926293	109
7057	13176	478.3126937	124
7057	16998	524.5154453	115
7060	777	668.9419262	100
7061	10458	1131.466686	93
7067	3085	481.3240369	130
7067	17057	648.2595027	120
7074	17166	493.8965031	93
7076	15228	198.8413253	158
7078	4665	692.8055137	89
7079	13876	1605.386793	95
7080	16538	276.2005486	89
7089	1696	811.4921753	60
7089	3569	722.7294588	61
7089	6602	822.2986659	58
7089	17462	837.8068608	60
7092	16327	1416.244167	61
7103	8620	1399.796272	82
7106	16538	290.1195508	86
7114	5390	958.8423064	133
7120	17356	1156.692997	52
7124	6685	532.8250807	130
7132	12281	360.5084892	123
7140	10115	1094.470758	93
7146	7937	937.1380607	54
7150	13874	549.6587257	74
7150	14862	511.8991244	81
7150	15693	460.3558713	87
7150	17316	571.6057372	73
7156	15792	550.1866888	150
7162	11627	2828.648777	49
7171	8880	1332.776077	74
7189	1737	4564.403398	53
7190	11775	2301.854344	30.97006447
7190	12789	2280.916101	32.36180563
7205	5110	924.6061164	120
7212	17569	213.503878	273
7217	13098	591.7746974	118
7217	13581	406.8441982	115
7223	16946	571.5749833	145
7224	10283	514.9932806	164
7227	16054	1488.666803	89
7228	17361	4001.919686	93
7229	7788	1783.323173	71
7236	1667	1117.169521	85
7236	2670	1187.647429	82
7236	9549	1196.288042	81
7236	16443	1179.693955	81
7238	9492	181.5644122	146
7243	4610	206.2702881	205
7243	7063	231.7464794	196
7243	9729	274.8193698	207
7252	9182	1540.701704	69
7259	2923	2373.426145	60
7260	4393	428.2637419	105
7261	3185	691.3038362	104
7267	5146	320.8367998	88
7276	58	1728.709982	64
7276	9604	1676.59584	66
7276	11880	1683.198533	71
7286	2409	869.9934891	77
7287	3419	660.3272083	130
7298	11909	2055.178552	99
7308	5930	3091.960677	133
7313	16539	295.6773415	104
7328	13776	356.7697081	174
7329	1672	2898.529706	40.31678793
7329	16130	2970.877146	36.92365229
7330	1781	1115.601831	128
7334	12646	566.231703	110
7336	15376	224.8115582	87
7337	8881	1131.02643	54
7352	11802	192.1513807	144
7352	17452	222.4780207	156
7356	14006	1107.964956	123
7356	16320	1169.133856	122
7356	18201	1019.432798	126
7357	6601	588.9879022	113
7358	2522	1074.312849	110
7358	15448	1021.254791	117
7362	5050	496.5926998	124
7365	6916	214.7309103	179
7365	8488	183.8057049	170
7366	12872	765.2554682	112
7376	4554	10893.14092	106
7383	16480	647.6094894	100
7386	3724	1109.918134	110
7386	5772	1201.117175	114
7386	12374	1212.078297	107
7386	16862	1234.540072	109
7389	16270	664.2610464	47
7390	6154	260.4837118	135
7390	14912	280.795838	143
7393	12005	998.8624929	97
7393	13585	981.5764563	95
7405	18032	4248.194549	121
7419	13660	3262.165436	71
7430	3766	1519.79267	84
7432	5636	535.8333979	87
7440	1294	191.8630606	229
7442	17870	406.1620946	103
7443	9154	1787.912104	82
7444	11481	234.0719793	123
7445	1017	333.5892949	117
7445	5136	375.3564172	108
7450	7352	246.4489893	207
7452	15142	819.8757826	90
7456	10826	527.0083284	91
7471	17171	1720.832464	77
7477	15381	681.1050569	136
7478	5364	455.3273845	114
7478	9919	468.0573328	108
7478	13199	474.3852739	110
7482	1203	1270.188491	83
7482	7082	1216.830162	84
7484	1132	208.6592521	189
7490	9237	648.8777583	194
7496	6580	514.1759751	169
7498	10172	1091.831795	99
7502	5631	305.4783873	120
7506	15738	960.6181074	95
7506	17420	1147.008486	92
7509	1547	1772.335372	100
7511	12634	663.6253657	123
7522	5123	2504.548946	62
7525	1161	497.4690783	83
7526	5806	3624.109861	24.859302
7526	15060	3581.353069	25.97643606
7526	16819	3428.035373	28.36356641
7529	15259	933.4422525	106
7534	14875	932.9281066	126
7535	16415	2857.48094	64
7537	3573	236.4416049	164
7551	1888	300.0272886	115
7554	5215	1399.316661	135
7560	4773	918.499266	95
7560	9646	702.7358881	119
7560	9866	876.5631085	102
7560	11037	1010.549356	95
7560	12994	730.6458455	106
7560	17185	929.5148464	97
7560	17907	964.437192	95
7560	18087	773.4230249	111
7562	1644	1380.759778	130
7562	2373	1739.879001	132
7562	6946	2041.045946	124
7562	7787	2022.54441	125
7562	8083	2092.726711	125
7562	13140	1971.99666	126
7562	13367	1928.874205	134
7562	14899	1727.380015	128
7562	15001	1982.595023	128
7564	5734	1239.477731	97
7566	8885	1502.247558	19.95426572
7566	9207	1514.561606	19.09611913
7566	18343	1502.817099	17.87759777
7574	14848	542.0231438	102
7591	14247	985.4287446	25.97643606
7598	11672	1264.193293	67
7603	8193	280.1493712	164
7603	12559	361.896894	142
7605	6337	2418.803789	57
7605	12943	2439.211514	57
7612	14300	1124.317075	133
7613	7922	643.8941396	153
7613	14142	637.436204	154
7613	16928	371.4944697	170
7613	16940	420.4067332	155
7630	6211	334.8469719	226
7637	8513	1016.313447	136
7637	12318	1099.057103	127
7637	13145	1159.665755	128
7645	11013	270.407589	75
7648	7152	539.4761274	173
7648	8604	648.9805131	159
7649	11137	312.9502131	122
7663	18050	324.8026825	173
7672	6316	992.7887774	137
7674	426	1366.012698	96
7674	15604	1414.785081	104
7674	15750	1446.079146	101
7674	17287	1347.276469	102
7679	10384	742.8841235	121
7685	508	367.7912379	124
7685	6880	464.2871354	114
7685	10808	337.4249729	129
7688	13552	483.1683538	119
7691	3502	334.8933635	172
7696	15436	404.7124092	66
7701	7672	781.6256061	109
7701	14482	676.8002949	119
7710	6328	576.4818049	115
7710	8638	459.1628348	110
7710	11153	600.9572562	118
7713	8779	249.0968342	124
7717	1594	460.4926632	70
7717	5305	517.4748528	67
7717	12755	397.6790993	80
7723	426	1863.888972	96
7723	15604	1943.408715	99
7723	15750	1950.852507	104
7723	17287	1888.19425	98
7735	10686	929.1609523	41.21271655
7738	18440	306.8817625	153
7741	2148	930.7090815	162
7741	3262	841.2292052	174
7743	271	345.0293279	135
7745	6170	186.0226371	294
7749	9665	2258.762892	49
7753	15615	366.0879215	142
7758	962	9176.941664	105
7770	4773	1113.590851	87
7770	9646	725.7979069	104
7770	9866	881.1317193	101
7770	11037	942.5361402	93
7770	12994	711.7451881	107
7770	17185	927.2021843	96
7770	17907	1146.315722	87
7770	18087	712.8674716	112
7773	15513	636.5838427	169
7774	7286	397.2836416	170
7774	13174	385.4465776	176
7774	14045	259.1565047	170
7774	15851	415.5716449	178
7774	16775	373.4521019	182
7774	17389	298.6045184	177
7777	13128	1050.040033	131
7785	12420	223.9334368	185
7790	11473	774.8623638	105
7798	11739	719.5800482	85
7799	3146	1641.92298	88
7803	5824	546.4146017	159
7804	8704	341.9505405	154
7809	4063	2078.541047	48
7809	11877	1970.633352	53
7809	12141	2030.45057	50
7810	4361	714.0697094	89
7813	13334	1159.056702	79
7814	4039	657.2239327	75
7814	9176	674.8040683	78
7816	967	186.8456772	161
7816	1487	306.1499029	142
7816	8850	377.3818034	138
7816	12813	288.6075229	153
7816	18030	295.4499784	151
7831	7286	322.4720716	189
7831	13174	361.3271165	183
7831	14045	275.5368484	197
7831	15851	369.0663564	182
7831	16775	341.9670779	181
7831	17389	269.2572229	192
7832	4159	256.2052396	203
7833	14848	946.0638232	82
7836	4006	226.7611307	109
7856	9787	208.1792553	191
7860	5829	328.4600229	158
7860	10604	373.4113213	153
7864	1152	631.9107547	72
7865	661	983.6808431	97
7867	11170	213.1850909	187
7867	15507	298.3931141	165
7871	5107	796.5431222	70
7871	15215	808.6261339	68
7874	1037	460.7229713	129
7874	3325	394.3381556	132
7874	18327	442.422719	132
7889	6825	441.2638208	106
7889	16927	428.0778933	108
7899	13283	313.9504401	242
7900	12400	749.4201384	35.33572585
7901	13098	248.565237	140
7901	13581	844.8204402	114
7906	10491	2004.148379	87
7921	11027	536.0418063	164
7924	14750	332.0702039	26.5536902
7933	3281	1581.97562	135
7935	2647	342.875822	139
7945	3210	1342.58966	89
7945	11566	1370.040483	90
7945	18247	1409.232634	86
7946	6633	268.9274179	153
7946	7293	337.3690205	139
7946	11868	303.9186385	143
7947	7715	1091.679274	138
7947	14643	1059.505885	145
7948	6532	234.1036904	211
7950	8892	186.5522772	192
7950	16565	233.2576176	190
7954	5707	715.8500475	83
7954	9993	717.1085742	86
7956	1337	1159.457703	101
7958	12450	971.2637876	103
7969	3353	190.6650977	255
7969	8952	201.8268095	280
7972	15312	633.7730124	69
7975	1280	910.3395712	49
7977	15368	655.8399857	114
7979	8390	936.6817259	105
7996	1707	323.1875316	128
8006	6633	316.9595062	152
8006	7293	333.1170467	146
8006	11868	302.9932614	136
8010	7362	349.2388943	294
8010	18257	253.6347013	279
8019	283	1081.202913	129
8019	5269	1057.471752	131
8019	16816	1115.409096	127
8030	11476	2968.968198	37.7441779
8031	6584	270.4060007	137
8031	10636	294.5881017	142
8040	5722	451.7916251	150
8043	11338	2778.426993	80
8052	4506	1245.581437	74
8061	10625	890.2423914	47
8065	16194	1430.966825	23.79021103
8066	16473	2495.922937	60
8070	913	1094.207922	74
8083	6878	745.2845869	23.79021103
8083	11457	760.0625687	20.39769385
8085	3595	593.9862496	117
8086	14942	914.3453808	73
8097	3359	434.0528995	135
