6	9787	1162.530622	111
11	7243	1258.171875	56
11	21050	1376.921798	68
12	154	454.6776283	53
12	16685	463.3605978	52
25	942	2193.697993	48
25	2593	1825.216784	59
25	16959	1781.903645	61
33	12375	1923.190748	45
35	2854	531.7925004	68
38	5374	218.4356754	115
40	5774	1752.637948	134
40	8141	1677.852297	142
40	8502	1581.65019	140
40	12605	1575.619077	136
47	3733	868.1841576	88
48	6451	702.354933	101
53	417	382.5276835	209
57	12639	214.7444923	169
57	19411	192.2055003	169
58	3462	324.3303648	200
67	9857	309.9727683	124
67	10338	289.8326711	123
69	11801	1262.917619	116
77	12495	723.0554964	175
85	15056	2492.605995	100
96	20940	841.2412842	82
99	3363	836.2825727	105
102	15291	2482.188144	61
107	1155	312.9642719	295
112	15749	540.5036643	77
114	18048	885.6686507	54
120	8794	1966.86723	86
132	13276	721.8886408	127
134	15094	587.0920983	52
138	13964	1378.497305	78
145	10838	1164.250518	63
149	14016	1038.757444	81
170	2778	1052.626481	63
178	17315	190.7028136	186
182	3251	642.7857024	69
182	5060	650.9450571	67
182	17169	672.4974222	65
210	20955	1015.70726	122
211	16937	838.4580278	110
211	20479	847.5767406	109
215	1889	2060.355533	62
215	11915	2076.924488	60
221	12026	456.2969685	232
221	12811	392.1215136	225
227	14243	1414.827004	115
235	10193	2069.770397	121
251	5109	905.1398221	48
259	17944	854.666323	77
264	463	3567.593046	37.7441779
265	431	384.3128008	135
265	17566	401.7016513	129
268	14903	651.5856283	91
270	5936	1006.234498	81
277	2065	730.4157273	49
277	5107	958.39171	47
277	10909	762.0087631	50
277	18605	769.4751985	50
286	13945	224.8075983	125
287	19271	302.0920687	160
293	9859	308.7771476	142
296	17754	186.6922648	265
314	12803	834.0880976	139
316	13893	885.5414584	44.02173913
316	16573	952.7223067	36.92365229
333	15538	813.8187809	160
337	301	303.8282008	115
339	181	323.1599377	151
346	8339	2019.353926	87
347	4871	12024.50567	97
347	11491	12299.43173	98
348	12302	191.8876862	249
349	19130	238.4270914	161
358	4855	947.6726236	83
368	5155	1120.850078	135
368	10259	1376.107563	126
380	4255	577.1602049	129
380	17305	527.1595966	132
381	451	459.4396783	53
382	9835	185.2328617	201
394	8070	849.2381608	117
394	8464	870.3512675	114
394	11719	788.1920887	125
394	12964	883.7031682	115
394	13701	906.1666414	113
402	5218	834.8285192	85
403	1172	1069.003643	141
406	3910	2405.873319	117
406	4857	2544.038086	115
406	17839	2297.00406	121
409	4937	1772.675803	65
421	9475	2055.018619	66
421	19115	2059.734842	64
428	13944	252.5907268	176
428	14444	394.2876758	171
428	16239	184.7913733	176
436	1870	403.0959987	140
436	8334	419.433019	142
441	97	225.8277538	178
446	9881	304.6026005	194
446	12864	405.4096491	193
449	408	481.9471039	111
452	15058	382.4999906	143
463	17017	604.0022218	112
464	20336	735.1201937	117
465	15728	2775.80072	48
472	2432	192.8563974	277
474	11013	929.8814133	91
477	10096	1059.96921	68
489	12872	320.8245464	229
491	3112	197.4416083	132
491	16966	203.0922444	131
491	17964	195.7738489	131
493	647	402.2428267	140
495	8934	277.4388017	327
496	21121	993.5205176	83
497	2199	1852.020778	68
501	19670	869.1939614	78
511	5807	596.6274613	119
516	4408	947.8830846	108
518	19483	334.6778105	148
523	3406	557.7952408	74
524	7446	1354.073791	43.0647448
526	4127	789.667078	110
530	7434	293.2920773	101
530	9128	228.1916464	113
533	5659	490.6105722	121
533	11298	602.5591143	133
535	12203	1468.517601	49
539	9718	1907.191674	133
539	15827	2108.588008	123
539	18837	1942.659065	136
541	12549	471.2304818	115
541	16463	567.6414054	115
559	635	207.9098692	183
562	13897	1242.055199	90
562	19797	1204.216669	83
563	1560	1078.64248	82
564	3511	393.9204488	137
571	10516	419.8136339	136
590	17413	329.2523027	38.58293741
596	3230	1683.039404	67
599	19032	759.2596694	111
604	5282	485.0391634	139
604	10403	469.7841919	130
605	3835	342.2287312	169
616	5669	2467.818863	118
616	11088	2294.50681	123
616	16152	2332.991221	125
617	6811	268.9221458	141
620	2249	266.4525726	103
624	206	919.8236933	100
624	10452	943.0520146	100
625	6280	827.7783494	72
628	13968	219.1927645	175
647	19202	760.9142073	100
649	2481	2262.243873	65
649	19944	2285.158619	65
654	13631	297.0038267	131
660	19783	548.0670882	124
664	14212	1735.488598	98
670	7132	634.8643656	94
675	12549	307.1401682	153
675	16463	491.8061545	109
677	10977	556.4362413	81
677	12369	537.3686866	83
677	12671	527.2528766	86
680	17979	1353.399249	83
680	19640	1299.700961	84
683	8267	1041.303585	42.1285547
683	19706	992.5211329	44.02173913
685	3171	1134.471106	21.78798276
689	1479	1053.983601	103
689	9452	1168.174212	105
689	14245	1166.62221	100
698	1546	1651.077094	81
698	10740	1591.38661	83
699	8426	3191.211379	32.36180563
700	8610	407.2425698	134
700	11264	361.4740451	134
700	13145	463.0046248	123
718	9483	311.5248734	216
739	18187	236.3202999	152
740	67	1436.172454	60
740	5349	1322.104556	69
753	2880	958.8953593	76
753	3321	806.1254882	80
763	4560	4695.425336	100
763	17741	4541.307237	103
767	19188	217.1863614	179
768	10192	1818.006674	72
768	11698	1871.242067	70
770	16905	993.6613564	53
776	10996	253.0698132	151
785	7764	342.7699291	53
793	5669	2466.560061	118
793	11088	2297.299678	123
793	16152	2327.905981	125
796	9870	277.8579231	142
819	2878	438.2225726	72
819	3196	432.1398902	73
819	3435	434.3397194	73
819	3793	445.5651598	70
819	4001	324.5179512	87
819	5355	323.670882	87
819	5530	430.8437791	73
819	11016	438.6911738	71
819	11587	440.9032236	71
819	13067	443.9815293	70
819	16229	438.9056156	71
819	19711	445.5651598	70
819	19795	442.0376545	71
819	19968	434.3397194	73
819	20289	445.5651598	70
821	19632	4399.918658	100
828	8036	268.2654306	134
835	11420	716.7612196	116
836	10205	2975.699523	109
849	7488	185.0445648	98
849	17335	218.439987	85
859	17205	253.0867682	181
862	6895	7944.884262	111
863	13831	661.7880428	65
873	1448	850.073217	99
873	4240	835.3306295	98
873	7628	768.8705433	101
873	11090	806.7118488	100
873	13213	805.0828008	107
873	15919	767.4173298	104
873	17058	835.42218	99
873	19613	818.8866409	104
873	20439	782.1515068	103
880	756	392.8372138	80
889	6913	261.5247238	164
892	4974	4270.486394	15.66885474
892	5576	4306.491087	15.66885474
892	6534	4265.561	16.01705151
892	12004	4396.320193	14.03817541
909	901	392.3784054	179
909	1500	363.2798324	193
909	6697	325.7784959	183
909	8342	368.6228139	202
909	18279	336.0883571	178
909	19608	278.8288073	186
909	20021	341.0613067	187
910	10136	849.3732365	102
924	13432	262.226519	150
932	12696	207.8753466	192
941	3083	1980.950644	60
941	12682	2016.278992	62
947	8474	2121.125577	120
951	901	446.139404	177
951	1500	477.5717776	168
951	6697	436.3946785	176
951	8342	536.4732861	166
951	18279	478.0137593	161
951	19608	376.2541959	172
951	20021	374.8486201	169
952	15072	2406.694885	131
958	6368	344.167163	93
961	4344	1141.406872	31.65828812
961	10599	1121.696156	33.08095687
961	10967	1131.680186	32.36180563
961	16058	1142.365907	31.65828812
965	15194	376.0693485	98
971	20668	1314.383631	101
982	2230	2528.579878	42.1285547
986	7541	619.1479005	111
986	10995	569.872336	119
988	585	675.6260204	148
988	18414	591.8625112	162
992	9429	806.1353533	100
996	17473	448.0625539	74
1001	12512	1238.283144	76
1001	13053	1229.251914	69
1005	18951	850.0852093	140
1013	12626	266.8955733	302
1014	11614	1498.743346	68
1019	20133	1722.961182	110
1021	8941	452.9757146	129
1033	11753	856.6897365	125
1044	747	795.6408442	102
1045	7131	1594.629109	50
1053	572	1263.287598	99
1053	6979	1186.43789	107
1056	19477	661.3130963	134
1062	13583	622.9327727	87
1067	6776	404.5725909	117
1067	18929	390.5674818	127
1072	901	336.7071295	190
1072	1500	398.299024	166
1072	6697	380.7330629	177
1072	8342	379.9383223	187
1072	18279	325.544985	169
1072	19608	299.8393205	177
1072	20021	354.3607295	175
1077	5541	459.441293	197
1077	5997	386.9206259	189
1078	5282	619.4257872	114
1078	10403	637.3970343	111
1082	12728	2058.029383	109
1085	19	10259.91414	90
1085	17412	11772.18834	86
1094	12967	217.5940934	169
1101	2878	478.7515819	64
1101	3196	485.10946	63
1101	3435	492.3763068	61
1101	3793	483.9976727	63
1101	4001	549.7343276	61
1101	5355	556.0444201	61
1101	5530	490.2350436	61
1101	11016	484.0597476	63
1101	11587	462.8685398	66
1101	13067	469.7047194	65
1101	16229	485.0473851	63
1101	19711	483.9976727	63
1101	19795	475.759777	62
1101	19968	494.5531163	64
1101	20289	483.9976727	63
1102	6385	282.9948924	117
1104	7470	1328.655881	110
1118	4277	2481.067886	118
1123	10301	279.1643481	98
1127	4407	1056.809471	143
1127	12848	1022.535789	139
1127	19083	1000.347991	141
1131	8206	675.327903	80
1131	18782	705.9591655	72
1145	7871	350.5732425	156
1147	781	887.0733137	137
1147	2747	848.4781797	131
1147	6819	962.0966202	135
1147	7038	866.8943678	139
1147	11929	924.5924625	134
1147	14526	900.4961055	149
1148	1319	7079.834203	96
1151	5517	248.8089471	75
1152	14011	185.6552304	307
1156	15239	859.9557091	75
1164	6374	2736.160391	50
1165	12344	410.8825357	131
1170	6702	1227.832787	67
1182	10160	210.0923899	98
1191	623	708.658032	44.02173913
1191	14738	641.4376352	49
1191	16042	701.5301549	44.02173913
1191	16732	692.3050474	45
1191	20729	673.2239962	47
1191	21005	677.8592143	47
1197	19172	2369.275637	74
1203	15972	2934.987705	46
1204	20800	204.3861685	197
1206	4741	1151.979346	132
1208	51	250.7088481	246
1210	9297	341.2430321	148
1221	4418	508.740116	140
1237	18283	3559.519109	25.97643606
1237	20893	3562.418223	26.5536902
1238	7357	1461.15369	93
1244	2309	575.7386369	113
1251	3782	1459.488249	101
1256	18156	181.6530054	296
1258	1889	2186.617408	57
1258	11915	2003.576353	63
1265	2357	3249.998131	79
1268	13837	211.0181271	100
1268	14836	217.9646509	102
1276	10136	897.3106296	100
1278	6221	4253.664561	43.0647448
1278	6488	4265.288388	41.21271655
1280	16103	1075.846213	90
1282	9610	420.2799588	120
1286	20832	2902.913593	52
1295	13515	1210.70643	86
1296	17132	9295.170698	98
1301	16842	289.6477754	182
1304	6489	538.190106	131
1308	425	913.6095466	94
1308	3494	947.9060703	91
1308	17767	950.6701871	95
1320	6874	1371.520543	24.31888239
1320	9041	1376.718439	24.859302
1322	13389	445.3703469	71
1333	18658	675.9294644	78
1334	12253	766.1428862	96
1342	463	3564.869241	37.7441779
1348	11598	1528.466281	130
1353	9516	486.3960322	108
1354	781	973.2268125	152
1354	2747	1021.614681	149
1354	6819	1067.078255	143
1354	7038	1132.573484	137
1354	11929	1157.233231	133
1354	14526	1225.802636	133
1355	2562	1067.552473	85
1357	1779	284.2398148	150
1357	16618	284.4311386	150
1357	20034	288.6295273	158
1367	9613	1871.592191	103
1369	6477	2016.280617	100
1369	6878	1964.355915	102
1369	17237	2056.832015	101
1369	19448	2011.080501	100
1375	10407	1264.60211	61
1376	7231	517.9256887	101
1396	14414	2267.268541	69
1411	9260	444.4658281	134
1411	12830	450.1267174	139
1411	16010	409.4362006	137
1411	18860	445.7845584	129
1414	12825	4586.642506	75
1424	15108	451.1980594	104
1425	19294	344.0981668	198
1427	6172	362.8510601	79
1427	12068	428.5254132	68
1433	5879	415.5630608	80
1449	7243	1190.786547	66
1449	21050	1297.612768	74
1470	3625	189.0819802	167
1472	14125	628.4733024	82
1476	3799	525.9647196	49
1476	19340	533.5318673	48
1483	16425	210.8672702	207
1486	5268	1746.440702	61
1487	625	399.2780622	161
1489	515	258.0859468	128
1495	1377	1581.558515	61
1502	5987	859.5205383	88
1506	20593	735.3869034	129
1506	21023	732.499418	131
1516	14907	11161.49387	100
1518	4601	811.315828	104
1529	6526	429.3334899	264
1538	16182	1054.25941	81
1540	16560	1558.589942	8.848282679
1546	16254	922.7880322	118
1549	12200	255.4800517	120
1550	280	2285.73524	29.63817606
1552	2914	588.9214133	174
1552	12097	598.3010301	173
1552	12286	666.5407114	164
1562	9170	4335.552039	107
1562	14918	4334.816033	104
1570	19247	681.7401154	75
1576	2270	993.5130151	95
1581	1488	584.1647855	113
1596	6684	267.4687153	167
1596	19786	279.7304781	167
1596	20782	301.1211901	154
1597	18206	528.2666954	180
1599	19787	905.0474596	104
1600	17643	543.3819624	56
1607	16352	185.7111529	255
1609	19663	723.9461513	131
1618	4362	252.4772708	120
1622	17753	639.207759	115
1627	17968	1800.838368	92
1629	5738	705.5856358	121
1633	901	407.0419969	176
1633	1500	354.3216919	201
1633	6697	389.1010196	186
1633	8342	386.5070498	194
1633	18279	359.2474752	186
1633	19608	298.5288215	183
1633	20021	289.0841715	212
1634	9536	2224.904256	82
1640	8085	243.5134586	178
1642	14490	1201.650142	88
1644	6935	1699.425655	93
1668	19036	751.1326113	78
1669	16018	1945.361449	47
1669	19661	1800.761771	51
1677	8974	390.5636602	77
1677	13572	311.5617045	92
1678	15667	847.8566321	165
1679	10459	417.7803015	139
1680	15651	725.0849446	60
1688	1469	3367.172041	71
1688	7824	3491.772442	68
1692	8032	320.7943038	168
1696	337	4054.173216	27.74696714
1696	1628	4438.561019	28.99386789
1696	4139	4524.151946	30.2968022
1696	11334	4677.740773	28.36356641
1698	1882	1022.98733	48
1702	14278	511.2799872	141
1707	902	1013.764532	61
1707	8408	999.817423	64
1707	10743	1091.765928	62
1707	12886	954.5563081	69
1707	17564	1008.574964	64
1715	12030	418.0746015	76
1719	1118	342.8340497	118
1719	2687	338.5762012	109
1719	4723	245.2893632	131
1719	5206	354.0743144	121
1719	20050	322.9984794	125
1734	14898	1737.480672	111
1746	10999	729.8437149	142
1748	15072	2183.278193	132
1761	9961	571.1720213	94
1767	12549	282.3802749	148
1767	16463	403.9539309	123
1783	2262	328.2709738	319
1783	13192	330.1950097	318
1783	13872	315.8830611	318
1783	14805	330.1950097	318
1788	178	2032.313855	122
1801	9855	404.5395623	137
1812	16123	301.7987485	145
1815	2558	1900.536661	71
1815	18722	1849.532511	72
1816	10066	261.9565323	195
1824	5180	247.6691982	134
1829	4217	1978.156595	49
1839	11357	3137.11334	57
1839	11791	3168.489114	59
1846	10429	990.5797302	129
1848	9995	1426.39264	119
1848	12987	1286.736568	127
1859	4638	343.7626725	199
1863	12649	439.439046	185
1865	18652	1683.151573	58
1867	3658	230.9422246	141
1869	7911	1521.81351	123
1872	2607	2361.437054	62
1880	15073	1535.169792	94
1883	10003	596.7763636	101
1887	15635	238.9866056	135
1887	17938	250.7820884	129
1889	11880	203.9630614	164
1898	450	255.7233249	156
1898	2094	243.3378865	172
1898	11221	284.0255268	159
1898	13591	257.6353521	155
1898	15180	293.9711041	154
1898	20295	204.4891543	171
1902	14784	304.4273528	170
1904	14705	3166.317613	93
1912	9977	339.8177169	102
1912	12932	388.9675532	109
1914	15406	184.5740766	269
1915	17742	288.691394	59
1920	15298	429.6579435	104
1926	11560	723.0031212	143
1931	9779	988.2796527	70
1946	7214	2891.722497	51
1953	17674	328.138864	165
1953	19719	370.3729755	166
1985	2074	2192.182683	117
1987	850	4127.895834	75
1990	701	1333.170647	29.63817606
1990	3937	1362.599647	28.36356641
2001	5360	194.0217637	196
2001	9179	211.7681662	182
2004	11804	5657.828138	28.36356641
2015	6811	241.4509949	147
2025	20138	820.4998109	111
2031	4976	210.6693297	226
2034	769	246.9159703	180
2040	9475	1756.670127	77
2040	19115	1708.802712	82
2044	18904	478.7260889	148
2050	3136	1401.10237	61
2050	8754	1347.464148	60
2050	18962	1288.043527	62
2055	7344	199.8947815	113
2059	13469	388.9600936	153
2066	15918	241.1872243	157
2067	922	187.0610745	235
2067	20503	205.1691417	228
2078	10387	230.0011638	163
2079	3906	1416.366946	90
2082	9597	1557.399274	66
2097	9656	248.3121437	148
2098	9630	403.8143951	176
2100	16935	9643.438325	94
2102	8921	520.5791987	76
2102	21112	552.9193171	80
2112	18271	209.0392044	229
2114	5094	999.7119457	77
2117	20903	680.5884576	130
2118	2878	442.8470526	71
2118	3196	436.7194107	72
2118	3435	438.9315977	72
2118	3793	450.2212324	69
2118	4001	328.786806	86
2118	5355	327.9367162	86
2118	5530	435.4210731	73
2118	11016	443.3158969	71
2118	11587	445.5279467	71
2118	13067	448.6301653	70
2118	16229	443.5303386	71
2118	19711	450.2212324	69
2118	19795	446.6643182	70
2118	19968	438.9315977	72
2118	20289	450.2212324	69
2119	5852	2396.18293	102
2119	16456	2321.052936	106
2123	19478	815.1813494	100
2125	15874	278.359445	98
2128	730	734.6841566	131
2128	8190	894.902125	114
2130	6292	1360.671861	62
2142	18292	1553.530904	57
2146	17476	2184.560384	104
2151	11067	864.7877208	130
2151	11744	900.6803448	133
2152	4765	780.2688445	97
2180	9651	1927.603311	77
2187	4698	3567.791739	80
2187	8829	3567.791739	80
2188	11861	588.6000316	128
2193	9727	11677.13951	100
2193	10321	11565.1305	102
2199	4319	190.9168187	202
2207	11985	293.079885	176
2213	3819	308.9109405	126
2215	5003	196.8170586	194
2221	8473	189.7554115	144
2222	9382	1268.973225	74
2222	19091	1291.092119	73
2254	1132	321.833719	71
2255	9744	234.2548482	165
2258	14952	313.6147436	112
2258	17809	359.079916	113
2262	16315	4266.262866	63
2264	18229	713.1165009	80
2268	19621	749.7868709	87
2274	7520	4301.196861	73
2278	12658	720.610247	108
2290	10406	2048.275861	57
2295	8033	3261.812658	51
2298	901	362.7852857	193
2298	1500	342.6653859	184
2298	6697	347.3573901	186
2298	8342	337.4169138	214
2298	18279	332.7115517	182
2298	19608	262.3794214	176
2298	20021	340.9224153	201
2300	13529	1311.38638	76
2300	14371	1400.563622	73
2300	18667	1299.594804	76
2303	10494	222.2113544	303
2309	19637	1432.768	149
2311	2202	261.6461697	50
2317	5958	1061.927723	90
2321	4761	578.7432974	25.41173093
2322	606	252.965165	148
2324	12161	1608.246751	43.0647448
2329	2880	802.947939	89
2329	3321	889.4881987	85
2365	4295	328.3975282	99
2366	9404	1503.788125	52
2368	12652	857.8054394	56
2374	14724	269.9303679	98
2377	4707	434.4858147	172
2386	13253	3007.178409	106
2389	17373	891.1816372	100
2393	3271	400.138384	220
2393	6553	639.8648214	203
2403	20960	2831.628077	33.81608925
2409	20774	404.2204227	98
2413	4631	1271.460329	76
2419	16742	1523.233894	97
2427	5380	829.140137	161
2428	5220	1081.677089	58
2433	10749	271.9787589	145
2435	4752	775.7878887	96
2435	20485	820.5293531	95
2439	17166	1245.49503	78
2440	12666	961.4286243	65
2443	586	299.9853736	151
2444	17397	664.6914908	55
2446	12100	726.010935	118
2448	11297	2841.674012	176
2450	9683	1122.90351	65
2450	15563	1094.466799	70
2462	8671	596.7365402	136
2473	2178	464.9624334	114
2478	5163	1388.841659	136
2479	16251	1819.909793	106
2480	12077	517.8772063	119
2480	13795	415.8005317	136
2489	19406	463.9071998	128
2497	8271	7924.808005	2.70029879
2498	15367	2024.778816	65
2502	11295	986.3892629	67
2507	7871	327.1817254	165
2517	20789	2600.791099	42.1285547
2519	5658	525.8763002	119
2520	10458	257.9708088	98
2520	17087	258.2977131	104
2522	1353	232.9391608	163
2526	9269	239.3451462	103
2526	11124	224.7726915	114
2534	14953	241.2487773	91
2534	20426	304.5006127	73
2547	13850	1887.387994	63
2549	2190	386.8038773	66
2549	3383	382.1749332	68
2549	4643	392.0726681	66
2549	4924	382.1749332	68
2549	4995	372.461998	71
2549	5183	386.8038773	66
2549	8757	382.1749332	68
2549	9887	386.8038773	66
2549	10350	386.8038773	66
2549	10633	382.1749332	68
2549	11024	386.8038773	66
2549	15168	386.8038773	66
2549	15267	395.2333986	65
2549	20161	386.8038773	66
2560	9972	1018.705374	71
2565	18438	1187.540886	103
2566	221	907.9961044	66
2566	9988	1119.145574	47
2566	12579	933.3431679	61
2567	7458	252.9721777	189
2567	15123	209.1919276	189
2572	4292	485.7067291	127
2572	6080	455.0051667	135
2572	13645	578.6793367	124
2572	14829	496.7563505	123
2576	1883	569.6913916	119
2583	2270	993.5130151	95
2597	17693	204.4930453	137
2599	11526	336.4636089	201
2599	13113	286.2097937	207
2600	593	1583.189308	127
2609	13490	303.1846211	173
2613	9544	940.6146891	72
2617	19428	1744.209964	128
2625	8420	580.5412112	82
2626	2037	217.4689888	183
2632	3296	1132.469645	17.48895434
2640	7435	805.0424923	109
2644	10261	294.5920829	46
2658	15224	425.961435	143
2660	7795	993.5488247	50
2667	3136	1151.044765	78
2667	8754	1563.445754	55
2667	18962	1520.844291	57
2678	10590	1285.030249	74
2682	3323	829.1524281	122
2693	16176	306.7736841	83
2701	3953	2384.627578	120
2706	9415	1034.622148	117
2707	12060	710.1720696	62
2707	18081	700.634935	64
2708	16102	789.8751484	170
2709	1206	1882.816218	57
2715	5344	1048.162017	55
2716	250	502.8368827	81
2717	9515	1510.589248	37.7441779
2717	10538	1493.698722	38.58293741
2726	4153	604.2191353	122
2726	17972	490.513922	134
2729	7243	1190.786547	66
2729	21050	1297.612768	74
2733	8348	186.7945577	191
2737	1919	537.0232506	48
2739	2376	389.9001435	100
2739	14041	347.2288364	109
2741	14358	397.7547166	121
2750	1746	431.999572	121
2750	18612	489.8877391	111
2752	2803	564.8585366	94
2754	12819	1656.886137	86
2757	4090	286.0614228	200
2763	1448	822.6820514	92
2763	4240	929.5574003	95
2763	7628	647.2421436	108
2763	11090	882.0113765	96
2763	13213	871.9488583	89
2763	15919	604.3804608	113
2763	17058	840.4927132	91
2763	19613	940.6676887	93
2763	20439	594.6472087	111
2768	2251	217.0379217	124
2787	7665	270.3458778	198
2788	17561	2760.411184	91
2793	13331	1110.1106	70
2793	17534	1052.509068	74
2800	1597	824.9970955	46
2802	1925	433.8900775	159
2802	8304	428.6529719	160
2804	6255	266.8568303	137
2806	11715	3290.440643	97
2813	15038	318.2109761	168
2813	17583	326.175782	169
2814	2629	1901.530284	37.7441779
2814	4929	1902.139752	39.44033602
2814	21066	1888.657425	40.31678793
2817	1866	1252.862725	81
2823	3428	227.9066085	203
2829	8964	244.0833325	198
2829	16817	229.0632181	224
2839	20313	437.1704071	155
2846	345	439.8465874	154
2846	2627	248.3136607	153
2850	11576	889.7258376	70
2866	17147	653.3414	177
2870	15245	1114.12469	45
2876	11265	302.169158	147
2877	6421	958.1900442	34.5675579
2877	18329	987.8494249	31.65828812
2878	1576	1195.686558	102
2878	2128	1277.480519	102
2878	2443	1368.645486	95
2878	3322	1285.394541	99
2878	12351	1170.252663	101
2878	13911	1130.570576	104
2888	4333	710.6221038	44.02173913
2888	7206	717.091534	43.0647448
2889	8292	2514.709285	86
2898	15519	2245.125873	70
2900	5292	1206.521762	65
2910	8816	283.1074099	34.5675579
2910	14640	273.4291634	37.7441779
2921	5774	1752.115792	145
2921	8141	1705.167326	129
2921	8502	1678.567179	134
2921	12605	1658.376409	138
2925	834	579.2265624	161
2925	1375	480.3966408	160
2929	42	2128.936172	108
2930	12499	465.1910917	92
2931	2758	477.109396	128
2937	5149	353.980804	97
2938	6512	1385.398286	84
2939	653	2911.193911	89
2939	2092	2813.226808	91
2940	9340	1472.480679	159
2944	2190	382.0295117	66
2944	3383	379.9232762	67
2944	4643	389.9713693	64
2944	4924	379.9232762	67
2944	4995	370.038195	70
2944	5183	382.0295117	66
2944	8757	379.9232762	67
2944	9887	382.0295117	66
2944	10350	382.0295117	66
2944	10633	379.9232762	67
2944	11024	382.0295117	66
2944	15168	382.0295117	66
2944	15267	390.4688845	65
2944	20161	382.0295117	66
2951	15450	1173.933876	150
2958	1933	341.2106609	152
2959	799	342.7759799	133
2960	11973	504.7228608	121
2978	12285	203.62077	239
3008	8260	1673.505599	83
3009	20428	345.1922326	75
3012	18952	3271.979865	52
3012	20959	3087.819552	56
3022	5879	407.0982214	82
3030	20745	192.6444072	207
3031	16903	2876.25788	64
3032	17683	864.4197673	79
3043	9141	392.3312783	116
3044	6235	700.2501802	173
3053	17652	3687.807759	42.1285547
3060	8267	1106.807539	37.7441779
3060	19706	1086.885426	38.58293741
3061	7097	408.8163485	181
3061	11154	489.7226325	167
3073	463	3567.593046	37.7441779
3076	11914	357.6668676	151
3082	7923	1361.470336	95
3086	20428	345.1922326	75
3100	16260	188.2005035	232
3103	8711	793.9657511	116
3110	4223	544.7727627	154
3110	12465	510.0640829	151
3111	8242	457.0716204	164
3113	20183	202.0794699	209
3115	9277	269.7765187	157
3115	16277	273.7331455	164
3120	9214	442.8182057	134
3124	432	198.8342005	197
3134	16020	690.6065898	125
3136	9236	544.0548904	74
3137	16677	2077.825445	49
3139	13631	297.0038267	131
3145	15072	2405.345333	131
3149	9073	977.7973326	36.92365229
3149	19218	832.8978508	47
3164	16119	435.6335963	142
3166	18988	611.174809	130
3168	1371	1118.550983	74
3168	1574	1170.956535	71
3168	2751	1163.962247	72
3168	14637	1171.721514	69
3170	3668	317.6583311	161
3172	10931	266.8799262	178
3172	11404	294.8276575	175
3181	7016	481.045974	115
3193	5852	2282.746186	99
3193	16456	2212.932075	110
3207	466	459.5268137	98
3211	518	524.0611833	86
3211	2185	448.6186796	97
3220	18079	1364.714882	75
3224	2273	1513.521541	63
3232	2696	343.8564824	146
3234	5738	532.5751736	136
3249	4362	244.0094002	122
3258	18150	850.2622236	81
3270	6651	2352.760047	84
3273	12549	491.6581453	113
3273	16463	573.5175728	120
3280	595	649.6637496	72
3280	9226	654.0527398	71
3281	5306	385.1434873	160
3281	16625	414.4705371	155
3281	20480	404.7166432	160
3282	18160	876.4425072	95
3287	3251	677.6977991	63
3287	5060	722.0246113	66
3287	17169	696.3198921	72
3295	11945	5156.425352	140
3298	16811	195.2148035	127
3316	3687	3452.494672	28.36356641
3316	11318	3420.887316	28.36356641
3324	3899	183.830414	178
3324	15724	229.0696184	162
3329	10302	1909.696643	67
3333	20598	360.9497709	112
3333	21081	334.2598976	114
3338	6398	3941.883419	82
3338	9271	3881.222343	83
3354	15008	353.3518896	150
3367	8300	2258.723095	92
3368	555	528.2781727	101
3368	11160	493.4239011	104
3370	4644	513.0915777	128
3370	5084	524.8772706	119
3378	5708	864.411083	120
3394	6983	2085.719835	73
3396	13084	1931.909315	121
3401	19467	297.3196733	178
3409	13653	256.1303087	112
3411	9425	325.3111904	122
3422	107	1027.416837	79
3424	2338	1044.588549	52
3424	8472	1027.14499	55
3424	19474	1057.53555	55
3424	19605	1068.57983	50
3425	12137	2172.77815	36.1209642
3427	18546	266.6794258	139
3436	19349	875.1240836	93
3437	12336	1282.336126	98
3440	4575	2718.369432	43.0647448
3440	9116	2745.514938	42.1285547
3442	3011	3080.838662	78
3447	6986	851.9783617	141
3459	11522	339.2361349	107
3469	658	2036.450518	102
3469	10888	2079.346041	103
3475	14368	275.9005441	49
3485	16115	380.5104333	103
3487	2664	1175.232766	71
3492	1793	417.0504759	139
3497	373	1001.339745	114
3498	7649	187.4981924	120
3498	12244	186.2689665	117
3501	8718	185.5031732	104
3510	5125	806.0325586	82
3516	788	2139.13905	71
3525	3254	751.8543362	84
3526	1018	281.6881764	107
3544	20434	473.6521428	116
3554	1887	854.0346187	133
3554	7693	931.0461995	126
3555	3877	188.6388063	122
3556	1448	714.0309953	101
3556	4240	638.2643833	112
3556	7628	598.9699006	129
3556	11090	626.2161058	118
3556	13213	698.5727126	117
3556	15919	617.7709013	119
3556	17058	685.9340599	108
3556	19613	637.6976855	107
3556	20439	591.6589915	122
3559	14587	942.8079631	84
3563	5009	594.2944961	111
3563	16990	635.5966366	103
3569	8462	811.2723518	50
3571	1191	1164.326116	54
3575	8403	1838.14216	88
3575	9013	1723.478603	90
3579	7958	456.6839329	107
3580	15540	622.6028346	80
3589	9032	1957.592707	106
3592	12853	1049.423396	145
3592	13030	1100.5491	145
3593	8258	1020.752248	82
3593	14925	950.7949054	88
3595	18241	1682.776354	57
3609	5928	1097.991021	115
3610	3440	187.4832913	205
3614	13256	185.5970996	240
3615	3491	301.8000701	105
3615	5442	303.26229	108
3615	7340	303.9675485	116
3615	16489	298.122802	110
3615	17262	301.3566582	108
3616	17609	1257.291469	138
3643	18795	197.2175708	239
3645	10203	401.6578259	177
3645	17105	394.9096137	178
3647	11755	286.2696233	126
3649	19523	630.2357624	101
3658	7623	2077.522494	63
3660	13606	1328.545118	107
3667	10545	1659.185256	86
3672	9168	278.5855504	177
3672	10522	267.211686	159
3673	1926	459.6473958	107
3681	822	464.9303608	114
3681	15881	384.6064508	122
3683	13432	361.6958342	132
3684	15309	1950.495396	89
3695	9857	362.7945081	116
3695	10338	338.824936	116
3696	3704	996.2233741	107
3696	18717	919.405337	118
3702	12226	3313.337022	76
3711	20580	491.4466699	168
3713	13314	290.7023817	131
3718	12549	308.0897256	130
3718	16463	442.3687	132
3728	10025	646.2643227	110
3728	21074	617.7859195	111
3731	17628	2973.874045	33.81608925
3736	10481	2078.182244	87
3742	20212	1062.307989	105
3767	2498	1022.985503	124
3767	16213	1133.041278	127
3769	21097	583.6949372	91
3771	2863	208.9342292	159
3771	18107	271.2616534	156
3771	18222	368.5517822	139
3771	19571	268.5373717	151
3772	9718	2098.830896	123
3772	15827	2236.297576	116
3772	18837	2232.006324	116
3778	8582	2243.019593	105
3779	200	2333.815103	90
3779	4282	2220.326958	90
3799	15547	815.200038	54
3805	6639	287.5939237	182
3821	11545	2112.748887	94
3823	8137	1233.692594	131
3826	10613	286.069127	115
3835	12893	1568.178967	88
3840	13481	744.7438779	96
3845	12298	1586.518758	65
3847	4174	1816.153212	50
3850	1256	457.123568	167
3859	4297	203.188438	251
3869	13283	668.0648989	86
3870	6815	1640.825405	64
3874	12512	1737.367695	57
3874	13053	1698.413063	59
3881	2445	317.140971	194
3881	20905	251.6879293	208
3882	12803	840.9413212	138
3883	12882	208.8165773	192
3887	17331	446.2969566	203
3890	4701	486.4765098	109
3891	2893	846.7280333	66
3894	2390	595.7027921	83
3898	13949	746.519215	125
3904	2916	2521.916594	64
3914	4418	539.9459226	132
3923	12875	941.724533	99
3923	14975	939.6050118	99
3927	6205	262.2454155	98
3935	18711	216.4452364	106
3936	550	612.3426772	111
3936	18535	629.6888485	101
3941	5547	537.7420673	83
3942	812	753.6748201	107
3948	2338	1200.404385	48
3948	8472	960.4720765	61
3948	19474	1045.702523	50
3948	19605	1093.093101	54
3950	4942	582.4090679	146
3953	7051	1581.860964	93
3955	15846	183.8759329	155
3957	2475	516.8019004	135
3964	20291	1691.12212	77
3969	19366	284.2814733	143
3978	18454	391.547962	112
3987	7997	554.3056868	172
3989	7411	320.9345957	82
3989	16387	324.1704806	80
3997	550	603.811543	111
3997	18535	620.8150191	102
4010	13653	192.1939591	135
4011	4511	533.3343597	120
4011	9457	481.6080984	131
4011	11650	531.9725864	132
4013	15920	2209.103923	63
4016	2714	669.5634785	98
4019	15999	211.8804438	196
4027	3460	255.968801	166
4037	12279	193.5899009	168
4040	12449	5321.732033	120
4050	1093	257.1800863	182
4050	1566	281.5833296	202
4050	16999	282.8332978	193
4064	1882	1023.520051	48
4067	2652	432.5547978	128
4070	5295	482.7014439	117
4070	12329	407.9337647	136
4082	750	1259.33493	33.81608925
4082	17589	1280.219412	33.08095687
4085	4353	321.5772773	144
4105	21020	790.1146274	71
4112	21	1626.195274	92
4132	7279	272.5487065	124
4135	20302	826.6412315	151
4136	18511	523.8922242	89
4145	11914	338.6232637	149
4149	1448	1028.373949	85
4149	4240	1011.976465	95
4149	7628	869.3096282	99
4149	11090	850.030633	100
4149	13213	961.6805389	88
4149	15919	845.4409702	99
4149	17058	954.6127265	87
4149	19613	1035.131167	92
4149	20439	822.5350382	99
4153	7271	287.2572967	107
4153	18000	285.5690383	107
4156	18615	1275.656225	84
4163	5754	921.7715925	119
4167	20463	603.9074841	93
4168	18486	247.9423205	136
4177	8631	386.9740182	127
4177	9537	387.5616572	125
4179	19814	1400.453601	81
4186	14282	502.4641665	103
4187	17691	2604.004256	57
4189	6186	284.8434946	127
4190	9092	1057.381765	186
4191	4292	396.0851519	146
4191	6080	311.8484649	155
4191	13645	471.7720825	136
4191	14829	368.9148497	146
4195	6221	4228.172623	43.0647448
4195	6488	4265.317506	42.1285547
4203	339	313.2526457	116
4203	1108	327.178574	112
4203	3481	304.9443745	114
4203	8369	323.0511499	139
4203	17802	284.4575822	125
4203	18814	382.2463899	122
4203	20751	450.5388506	100
4204	1309	1379.910068	130
4204	4471	1399.368712	132
4204	9633	1408.518652	131
4205	17383	2382.989639	44.02173913
4205	20014	2663.374651	40.31678793
4208	5437	355.7790927	139
4212	7469	1087.140313	54
4216	13728	616.3547724	109
4218	20420	1257.494115	67
4222	1880	776.5533088	90
4226	12797	1502.722844	94
4228	10583	600.4933275	87
4232	2863	217.4879082	158
4232	18107	272.7677729	157
4232	18222	368.9428864	140
4232	19571	284.3815069	151
4234	587	2224.135027	62
4240	14272	931.538333	71
4241	16905	993.6613564	53
4246	19231	882.70509	91
4265	6297	1135.450432	79
4281	12508	418.0170368	181
4281	14941	413.714629	185
4283	13738	744.1001042	138
4290	1155	502.475349	274
4293	3760	205.2491716	166
4296	10951	1206.380304	86
4299	12652	929.3636941	58
4301	6009	1035.720053	156
4301	8999	1003.094686	149
4306	3163	2447.174473	120
4317	19107	496.5970537	94
4320	10818	406.6244095	168
4324	5671	1144.626671	113
4324	16675	1198.71404	112
4326	2680	709.5520805	68
4333	12429	611.337443	137
4342	12289	3660.249518	41.21271655
4347	2474	669.9450444	88
4349	19901	209.9753279	220
4357	3942	1098.073194	99
4358	12875	941.724533	99
4358	14975	939.6050118	99
4359	18447	531.9878962	96
4359	20534	439.8354055	102
4368	10032	553.7840816	103
4374	4045	1770.886697	17.87759777
4380	2701	1117.15591	77
4382	2370	1501.056097	97
4382	7484	1500.226114	102
4389	11873	353.4170256	72
4399	18752	779.6248716	93
4402	14150	2760.797063	66
4425	3431	954.6462077	109
4425	16722	987.3730308	104
4438	4736	489.8840889	91
4442	1020	498.6875129	119
4444	339	309.2676943	116
4444	1108	327.178574	112
4444	3481	304.9443745	114
4444	8369	323.0511499	139
4444	17802	281.1788366	124
4444	18814	382.2463899	122
4444	20751	450.5388506	100
4449	4067	2192.651895	50
4449	7198	2174.771812	52
4449	15321	2196.953454	50
4459	1498	687.1612021	111
4460	5335	194.5259523	164
4463	1134	218.7649322	197
4467	8831	759.0879596	97
4483	4127	789.5260316	110
4487	18271	206.1055693	240
4497	7276	215.3166419	249
4501	8129	504.7576753	48
4501	14320	462.5882809	54
4504	7705	732.6127088	111
4513	4748	607.2337516	88
4518	16903	2864.760023	65
4519	20807	200.8046993	197
4521	13550	1016.479092	40.31678793
4525	20598	352.439497	114
4525	21081	301.6495354	134
4528	10341	1288.819562	91
4556	3378	633.7370222	83
4557	14385	643.354767	103
4562	14133	1906.339685	58
4562	20997	2066.33983	53
4567	8129	341.2092678	81
4567	14320	385.9927607	68
4577	20619	949.5354847	142
4578	18298	283.2931961	175
4587	9282	724.6161404	92
4587	12053	760.0773617	96
4588	5155	1145.081682	131
4588	10259	1244.99592	134
4589	16811	465.6805744	117
4596	21025	250.8331429	183
4601	20787	821.6823783	122
4603	17239	684.0161762	81
4608	19617	517.5851127	121
4613	9331	999.5091732	117
4614	6385	284.9923087	111
4616	1045	1273.473049	115
4617	808	417.4137936	95
4621	8067	261.7354641	179
4633	7058	390.2363696	119
4645	10855	1323.640004	73
4647	4865	300.5578315	194
4657	16658	214.0451929	87
4668	8429	1066.008339	106
4676	4467	581.8709802	117
4680	9107	264.0381107	109
4682	7077	1241.345063	53
4689	4025	325.4436841	186
4689	19852	304.7296016	191
4691	2189	317.8959658	112
4701	19362	1140.868829	77
4703	12063	589.0279594	136
4703	15153	554.640527	131
4705	2190	386.8038773	66
4705	3383	382.1749332	68
4705	4643	392.0726681	66
4705	4924	382.1749332	68
4705	4995	372.461998	71
4705	5183	386.8038773	66
4705	8757	382.1749332	68
4705	9887	386.8038773	66
4705	10350	386.8038773	66
4705	10633	382.1749332	68
4705	11024	386.8038773	66
4705	15168	386.8038773	66
4705	15267	395.2333986	65
4705	20161	386.8038773	66
4714	929	357.550072	175
4723	13653	213.1756547	121
4740	15805	1823.485308	59
4743	14982	551.5928409	73
4744	2190	360.6377171	74
4744	3383	368.9994801	79
4744	4643	363.6744805	83
4744	4924	362.5939033	81
4744	4995	354.5547359	76
4744	5183	367.0921415	79
4744	8757	373.6290252	78
4744	9887	367.0921415	79
4744	10350	360.7043538	81
4744	10633	368.9994801	79
4744	11024	368.8750924	78
4744	15168	367.0921415	79
4744	15267	374.8965154	78
4744	20161	367.0921415	79
4748	17664	1921.958997	84
4752	492	622.3945151	104
4759	6330	427.9837654	124
4766	901	382.1010748	179
4766	1500	316.1679804	187
4766	6697	370.529196	186
4766	8342	362.9682079	180
4766	18279	344.5380032	183
4766	19608	289.5698331	177
4766	20021	272.4449534	208
4772	3360	1366.367919	46
4773	1665	679.259424	156
4773	6112	643.859887	157
4781	2121	542.3591183	164
4788	15212	304.424661	137
4792	14801	1563.587574	142
4794	1793	509.6919966	130
4795	19015	869.298797	71
4797	975	253.5248973	135
4797	3876	272.8857049	154
4797	17459	270.2038249	153
4801	1758	2428.014728	60
4801	11515	2577.578788	56
4802	20298	231.8723142	169
4805	17474	484.0672026	137
4819	4219	1940.280075	62
4823	15034	317.8890347	153
4832	9236	561.7277301	73
4835	5242	822.023344	61
4840	17620	420.2244449	144
4841	12314	1043.685255	99
4842	9891	268.9090083	94
4844	3617	795.2729035	106
4845	5169	1096.166919	56
4864	17001	1167.036871	96
4864	17067	1090.78526	96
4865	17313	186.2803314	173
4866	20246	1877.13196	123
4867	12680	224.3050974	253
4875	4181	480.7744084	122
4875	16004	506.0021649	112
4879	19735	234.3360214	178
4898	7785	192.40936	138
4899	705	1269.315628	101
4901	3739	336.1073755	91
4905	9374	375.1787135	122
4905	16662	370.4658053	122
4916	14034	843.9100386	97
4921	20430	2895.423245	39.44033602
4922	19395	831.8405494	100
4923	290	267.8804619	189
4924	3795	1863.610221	71
4924	10756	1896.94343	71
4934	18348	1749.772922	93
4945	4019	2976.309982	62
4945	4413	2724.740121	66
4951	4579	894.8273701	108
4957	16696	829.7773672	104
4958	2799	2681.946705	42.1285547
4966	8055	217.4589262	139
4970	11011	1904.196268	35.33572585
4983	8926	945.3850982	151
4987	781	1955.635328	126
4987	2747	1949.731187	120
4987	6819	1846.067825	124
4987	7038	2033.85036	122
4987	11929	2043.606431	117
4987	14526	1684.676794	127
4990	2284	219.9561682	121
4992	16394	421.4897864	133
4994	18229	713.1165009	80
4995	6949	346.8471994	138
4996	14934	269.1211486	115
5000	11899	422.4167865	107
5002	2628	687.5266345	69
5005	10376	1348.759593	98
5005	19758	1381.901204	95
5006	10067	279.1544089	116
5012	14325	1382.425344	87
5012	15158	1439.212915	80
5025	11830	262.8597526	179
5029	20109	1560.080613	62
5042	9769	217.4916287	162
5046	10458	255.0979807	99
5046	17087	252.5282865	107
5050	1471	1279.202552	93
5063	7193	385.8437992	98
5063	18788	493.0827263	81
5064	2694	275.188791	209
5068	2316	984.0481209	109
5069	6353	423.1308833	157
5070	1093	259.6333352	181
5070	1566	282.7553405	202
5070	16999	284.9086713	192
5074	8028	433.8562404	157
5076	7857	383.2878743	133
5076	16426	503.0500047	127
5080	5855	314.6426103	241
5086	18484	270.2630011	158
5092	4558	375.7011489	132
5099	20625	325.0708012	154
5104	2225	319.5831418	159
5105	11798	3689.897947	77
5117	11782	1953.882469	94
5126	19859	1011.861971	27.1437722
5128	15537	388.887879	161
5130	2097	256.3895369	137
5133	18266	213.1325478	105
5139	19883	1002.11677	100
5145	14200	595.8405754	74
5151	1383	233.6743543	122
5151	6515	316.9353901	103
5154	8255	766.3563538	77
5158	9676	418.1537836	132
5161	1647	663.2173931	75
5180	18530	740.2575759	109
5182	9776	585.7081672	72
5184	8130	442.3755179	140
5186	17701	447.4373103	198
5189	3571	292.2078025	145
5191	18794	403.6006918	155
5205	16492	1285.785135	85
5206	16621	648.9166002	172
5224	1793	428.7525662	147
5230	4907	1721.634385	132
5232	1360	501.9417831	50
5237	10958	1025.713671	161
5237	18506	923.6649462	147
5245	405	237.283239	232
5245	13043	216.8615149	231
5249	13435	1273.941104	61
5249	19574	1245.873377	66
5250	3945	2495.199244	55
5252	1155	299.7604985	281
5256	6226	1231.033078	119
5256	12023	1282.618367	117
5265	5215	921.4635399	90
5265	10020	877.4259656	94
5265	13039	913.5870516	90
5265	17036	877.4259656	94
5266	13209	2382.210236	70
5283	11457	2582.088637	27.74696714
5291	20843	794.2236769	71
5292	15475	488.5918157	67
5293	2116	664.6975304	137
5296	9742	271.1403262	152
5302	5777	553.9655291	87
5303	2338	1192.574069	49
5303	8472	953.6892105	62
5303	19474	1038.120364	58
5303	19605	1085.789753	55
5306	4901	427.8241945	124
5306	16066	386.4279905	136
5307	8628	876.3928225	110
5320	6087	1605.218494	79
5322	19645	181.2213838	185
5326	16176	314.5624798	96
5328	18045	202.3699422	133
5331	5246	576.9838648	69
5333	16018	1984.382577	45
5333	19661	1824.454499	49
5347	11851	203.9612332	238
5349	20238	214.1174451	184
5361	15651	736.4066969	59
5365	14477	926.3961514	148
5372	4334	621.9558739	180
5375	12487	340.7580542	178
5376	6017	359.1413466	142
5379	19345	5883.460145	80
5385	7049	701.0862889	101
5385	17976	613.0425101	112
5386	308	1000.54666	50
5387	11889	209.8086976	148
5388	4619	3061.138984	36.1209642
5392	4214	537.642348	67
5397	5650	364.8656331	202
5400	18769	856.8671574	140
5408	3211	333.1033836	130
5413	17508	199.6753611	183
5415	623	710.9119297	44.02173913
5415	14738	643.6378066	49
5415	16042	703.7840526	44.02173913
5415	16732	694.5482628	45
5415	20729	675.4489363	46
5415	21005	680.0832166	46
5430	901	373.8951969	186
5430	1500	334.2282973	190
5430	6697	332.2342413	189
5430	8342	342.2852681	200
5430	18279	320.1005371	191
5430	19608	262.5002553	191
5430	20021	263.8779557	209
5438	13794	1020.904181	28.36356641
5440	3517	4091.315508	19.09611913
5440	11474	4112.003137	19.09611913
5440	17511	4085.13294	17.87759777
5440	17616	3977.378344	19.52047734
5441	19414	555.3547402	125
5449	7928	604.6367041	66
5449	10409	572.4489381	70
5466	4063	1359.32643	89
5486	3520	740.7978114	175
5491	8338	595.1587475	125
5495	2417	699.2699521	88
5497	8832	371.6412415	183
5507	17211	1258.287034	84
5508	16154	187.9523795	120
5515	13244	692.5902539	109
5515	13941	660.1209138	120
5517	6088	250.4805393	90
5523	2954	1531.248258	82
5524	4974	4236.5214	16.01705151
5524	5576	4261.63082	16.37298599
5524	6534	4254.004446	16.01705151
5524	12004	4361.409372	14.66902675
5532	7097	246.1524568	187
5532	11154	361.6317462	167
5537	1862	922.7192415	111
5538	13539	1209.516177	115
5538	17876	1056.300963	124
5544	13642	627.2333924	66
5544	18470	632.2121979	67
5546	8497	345.5364875	85
5546	14855	352.3317892	80
5546	17148	380.7565773	81
5547	1695	710.0903184	87
5555	220	653.2339153	44.02173913
5561	16417	3021.025722	49
5563	8788	408.7146298	127
5563	12745	397.9677481	129
5567	3673	970.0885262	109
5569	11272	730.8914066	108
5573	14095	560.6272332	116
5573	17240	584.3550994	120
5574	15335	860.1306205	86
5604	339	308.3100408	115
5604	1108	327.178574	112
5604	3481	304.9443745	114
5604	8369	322.0168655	138
5604	17802	250.486612	130
5604	18814	360.9656229	125
5604	20751	445.8965257	101
5605	15072	2073.974562	136
5606	8394	775.5277791	122
5609	10066	232.7714273	216
5611	14209	4425.749728	69
5614	17196	191.4170936	187
5620	17949	609.9611255	91
5623	3973	2849.09428	25.41173093
5625	20801	2146.550893	70
5629	902	1009.587784	65
5629	8408	1013.657126	66
5629	10743	1124.367401	59
5629	12886	927.1018507	68
5629	17564	995.3117461	64
5637	7844	291.7846832	112
5657	2608	1992.708797	64
5657	19623	1804.666294	64
5663	13703	602.6906334	120
5664	17982	657.3214797	155
5672	16098	1224.098733	33.08095687
5677	1930	886.2224023	54
5680	11524	1300.174517	79
5685	11905	275.6876601	238
5688	1901	492.5972277	69
5688	4678	449.205811	78
5688	11161	466.1212886	75
5688	19791	448.9411333	80
5700	13371	408.9728507	120
5706	20608	3934.472075	48
5711	8813	792.6960944	126
5717	1284	882.9529233	88
5729	341	384.2239105	138
5730	14532	858.9638053	74
5733	16202	216.0884329	190
5738	11820	230.5236702	143
5747	11107	1359.920552	109
5747	19396	1326.699913	111
5755	6665	819.0321588	177
5762	20099	463.7890931	121
5777	13581	442.2922099	165
5786	6300	942.3990908	126
5786	8393	1034.081214	113
5790	6705	1011.625262	140
5791	6850	946.4069229	131
5817	20237	1092.324115	126
5818	5344	1016.998615	55
5824	14687	617.8126303	114
5835	5098	323.2472596	157
5835	8058	503.0341805	146
5838	2085	6055.688631	55
5839	9996	265.348307	108
5847	2323	2411.402475	37.7441779
5850	67	1442.711876	60
5850	5349	1332.995123	68
5854	1529	1734.4933	70
5854	9102	1864.60038	68
5854	14566	1774.719888	68
5863	15169	478.756405	111
5867	13897	1213.928779	85
5867	19797	1170.776708	84
5879	2726	439.0051465	210
5879	9657	355.0486665	222
5882	4511	565.4434503	130
5882	9457	550.7685713	131
5882	11650	481.6479829	140
5894	18093	284.8804225	200
5903	2878	442.8470526	71
5903	3196	436.7194107	72
5903	3435	438.9315977	72
5903	3793	450.2212324	69
5903	4001	328.786806	86
5903	5355	327.9367162	86
5903	5530	435.4210731	73
5903	11016	443.3158969	71
5903	11587	445.5279467	71
5903	13067	448.6301653	70
5903	16229	443.5303386	71
5903	19711	450.2212324	69
5903	19795	446.6643182	70
5903	19968	438.9315977	72
5903	20289	450.2212324	69
5904	6292	1294.785541	65
5905	15073	1806.200008	90
5907	13780	767.1655585	93
5909	19101	224.4118672	145
5911	11873	413.0579499	64
5915	14257	2249.127256	39.44033602
5921	13922	5189.686596	75
5921	16767	5369.632003	71
5924	17640	560.6747706	77
5934	2854	545.0375886	67
5947	9767	1487.5464	76
5955	16320	224.9001561	231
5956	15254	885.2525341	98
5966	1875	2714.469031	34.5675579
5966	3961	2742.5026	33.81608925
5966	10868	2718.982176	35.33572585
5966	14822	2705.107124	34.5675579
5966	18064	2729.764898	34.5675579
5966	18355	2708.161685	33.08095687
5967	15613	707.4622186	95
5975	14321	1101.240462	65
5978	20965	380.7533587	91
5980	16402	1380.449521	68
5988	18026	259.9455785	163
5992	7129	1117.23615	56
5992	9420	1232.359307	49
5992	13250	1117.23615	56
5995	6477	2166.981959	91
5995	6878	2155.352803	89
5995	17237	2151.647019	92
5995	19448	2112.73939	97
5998	16556	1314.968162	66
6006	6466	357.5969754	124
6008	20323	816.2954187	56
6010	18484	393.3057498	135
6016	9599	1050.651441	75
6026	17978	269.2549651	151
6031	19819	323.8220623	126
6041	7017	257.2010918	256
6046	1330	523.1579187	105
6048	19768	998.1787421	128
6063	18491	1519.416154	75
6065	11758	991.7262088	85
6066	9015	766.2174939	128
6077	4407	1120.370502	134
6077	12848	952.4394884	133
6077	19083	906.0515585	149
6079	4974	4226.517415	16.37298599
6079	5576	4287.847734	16.01705151
6079	6534	4280.22232	16.01705151
6079	12004	4350.982176	14.99500512
6081	18548	276.2956234	174
6087	12837	596.8413811	87
6089	13244	692.5902539	109
6089	13941	660.1209138	120
6095	12963	408.4602494	70
6096	4330	1279.394465	69
6101	15212	304.4300991	137
6102	6358	613.1945802	92
6106	372	197.2198132	159
6106	13204	195.2005255	148
6107	431	364.6515805	129
6107	17566	389.1590544	122
6109	1561	705.9239353	96
6112	2878	420.1403297	71
6112	3196	414.005948	72
6112	3435	421.2953788	70
6112	3793	432.8095396	67
6112	4001	309.1248051	90
6112	5355	308.2867856	90
6112	5530	417.7620111	71
6112	11016	420.609174	71
6112	11587	413.0137526	71
6112	13067	416.089721	71
6112	16229	425.9938344	69
6112	19711	432.8095396	67
6112	19795	414.1481835	71
6112	19968	421.2953788	70
6112	20289	432.8095396	67
6117	20102	1205.929155	91
6118	19432	813.7842863	110
6124	4361	309.0539076	195
6124	4398	259.4913723	211
6124	12258	317.3302682	198
6129	5771	222.2474869	182
6129	12241	260.8217205	167
6130	12549	534.0515232	138
6130	16463	596.9692361	113
6132	2376	408.1443479	106
6132	14041	265.8363471	110
6133	8447	2475.846001	36.92365229
6134	5319	2582.497355	73
6136	12110	196.5015447	132
6146	10842	908.0727425	133
6147	1823	792.6701719	41.21271655
6157	310	813.4565185	62
6157	1957	815.8898241	60
6166	5247	387.6594689	131
6166	19153	386.2692823	130
6171	7049	662.4091367	107
6171	17976	619.1027873	112
6177	13117	2247.958778	79
6177	19672	2222.250443	81
6184	5314	825.5875656	92
6184	14667	853.2013103	91
6212	5242	822.023344	61
6215	5677	326.5347884	184
6223	7446	1354.073791	43.0647448
6229	12199	476.3144279	133
6231	8037	551.727912	129
6234	17259	524.1990055	91
6238	2629	2444.501299	28.99386789
6238	4929	2406.329749	28.99386789
6238	21066	2424.303434	29.63817606
6241	19566	418.0661435	178
6250	2338	1134.037294	48
6250	8472	926.5058361	61
6250	19474	974.661149	59
6250	19605	1038.939502	53
6253	1722	3591.220029	49
6255	18051	295.1330496	102
6256	9155	314.6754998	103
6257	155	1044.690649	124
6257	5646	868.3978287	132
6261	5209	226.0021041	107
6262	20323	816.2954187	56
6269	12076	570.2003387	99
6278	19896	260.7681656	95
6290	1360	478.7428395	53
6309	8702	1654.005555	89
6313	1617	579.4609294	135
6316	2149	1317.061266	181
6316	11838	1326.359218	170
6317	1130	350.099089	67
6317	1593	357.6347706	64
6317	2661	356.9282412	64
6317	19599	288.0783803	82
6319	20678	182.5742834	284
6324	17674	299.5634164	158
6324	19719	242.1849863	171
6329	7827	2178.720223	88
6332	9181	267.5446175	99
6332	16987	274.6482344	105
6332	17122	287.8779345	101
6332	19496	249.2670599	109
6336	5916	183.4776182	234
6342	4592	467.3447557	149
6355	730	680.346121	140
6355	8190	787.3839103	132
6361	5231	1636.42815	101
6367	1695	624.0225231	92
6382	29	841.4637853	76
6384	16826	1985.57377	71
6387	3087	1037.039192	97
6392	13014	809.2660943	162
6393	10435	734.8408569	166
6393	16892	659.0484793	155
6401	4649	852.538218	147
6401	14048	916.2301822	145
6404	9653	261.4673974	99
6410	12060	625.1481984	78
6410	18081	678.0918442	75
6413	17539	190.6440243	183
6414	1190	3983.740667	58
6419	4478	432.8502559	105
6425	14200	577.5418721	76
6426	11508	488.9557576	178
6435	18760	13894.62135	88
6440	394	4748.603022	48
6443	5558	759.5572521	145
6443	8245	841.1034631	139
6444	3621	276.0870877	73
6456	13744	990.8379858	119
6457	1479	1000.538691	106
6457	9452	1089.481463	94
6457	14245	1112.563748	98
6461	10106	320.8506728	105
6468	15342	1056.488188	134
6471	1294	652.0134595	82
6483	10976	1638.563449	127
6490	5215	918.9597688	80
6490	10020	869.7727139	94
6490	13039	900.0539231	82
6490	17036	869.7727139	94
6493	5135	226.8040708	262
6496	8523	1350.035465	77
6503	7645	364.1005293	129
6504	4409	310.0233214	178
6508	8223	238.1295638	137
6509	8551	1169.136577	117
6509	14734	1257.340341	117
6513	8872	299.17907	151
6517	11083	1083.965492	61
6517	16051	1162.770936	58
6530	336	764.5759988	134
6531	13402	350.5380241	112
6531	18309	355.8897026	112
6540	5899	628.6955725	139
6544	13967	516.6242216	112
6544	15710	487.9024761	111
6545	18171	1078.551305	116
6558	19305	193.75993	280
6560	12677	207.5021497	201
6561	658	1346.801357	115
6561	10888	1386.603005	114
6566	8569	190.8552184	170
6570	1339	1335.374242	89
6570	3485	1362.60944	85
6570	6426	1266.540944	94
6570	16760	1327.592877	90
6570	19089	1281.848167	93
6570	20744	1300.885328	90
6575	11963	189.3533141	201
6587	16274	651.1435486	84
6590	1132	410.9659662	48
6591	6890	3889.881105	90
6593	4335	380.1165749	203
6600	4925	1909.318765	74
6600	7288	1877.33507	75
6600	11331	1799.027964	80
6600	15779	1876.837833	74
6600	20786	1872.115878	76
6602	1118	316.9558703	118
6602	2687	311.4113385	110
6602	4723	203.4617513	134
6602	5206	324.8382484	123
6602	20050	306.154492	113
6606	5215	836.4291512	90
6606	10020	790.9606839	94
6606	13039	820.0976797	91
6606	17036	790.9606839	94
6607	9710	455.4635436	194
6610	6598	189.9952443	167
6610	15536	204.6185717	167
6615	14702	588.6441025	79
6631	11001	811.2090351	75
6637	18336	723.2471757	146
6641	2810	206.819897	228
6649	3910	2765.432309	113
6649	4857	2899.326014	110
6649	17839	2568.7521	115
6652	7337	716.9446238	60
6652	16764	687.7087891	54
6655	4340	1740.593175	101
6658	17282	653.8622825	113
6661	5808	216.5623749	171
6673	7642	1194.977719	73
6680	1467	826.8227809	91
6686	1360	507.1083716	50
6692	9540	199.5658906	160
6694	13374	898.1028576	97
6707	3245	1067.080952	102
6717	2863	216.7502103	158
6717	18107	275.4192357	156
6717	18222	363.738954	142
6717	19571	288.8066542	149
6729	12879	313.956422	98
6736	12575	397.5916019	130
6738	12963	404.0048319	66
6739	1334	350.4483386	152
6750	2726	368.6907882	202
6750	9657	382.9094041	209
6759	7427	1010.111908	89
6759	17402	1037.439688	82
6762	14235	535.1333832	99
6764	5283	691.0330113	50
6766	6182	1055.313149	77
6777	20668	1576.975931	97
6803	5916	186.5820971	264
6805	14052	543.8542338	124
6806	623	568.7692972	48
6806	14738	574.1318818	60
6806	16042	561.7950883	49
6806	16732	550.8187294	50
6806	20729	562.5067685	50
6806	21005	559.8244068	49
6808	11199	792.1679671	147
6811	9718	2200.751594	119
6811	15827	2257.476873	117
6811	18837	2288.249924	115
6826	4657	1649.269727	82
6826	6965	1620.906143	82
6826	12236	1600.834529	86
6829	4718	457.660446	135
6829	5005	510.9458775	125
6836	10288	1685.557806	50
6845	2338	1181.323853	49
6845	8472	960.364524	65
6845	19474	1038.020977	51
6845	19605	1085.011371	55
6851	8656	970.7093157	48
6853	14063	578.0743961	141
6853	17394	636.5436103	138
6864	12608	1781.555752	57
6864	14588	1779.25618	58
6870	1268	1071.426046	139
6870	15081	1142.339848	132
6871	8138	1050.970659	62
6884	13466	728.7788808	125
6884	20019	710.8689353	134
6887	594	858.9060451	120
6887	3414	872.3975184	118
6887	5518	836.3552426	127
6887	8343	889.818292	117
6893	19463	1208.896847	81
6896	6115	1615.440189	84
6905	3837	299.1530125	83
6913	14903	650.1331628	91
6914	2681	701.2465408	90
6919	17613	2109.487506	48
6927	4281	421.4696956	137
6931	18328	621.9136208	99
6948	5774	1491.169188	127
6948	8141	1429.375929	141
6948	8502	1403.650857	143
6948	12605	1374.84925	134
6952	354	727.3622365	189
6952	2483	815.5988064	191
6962	14462	378.784503	79
6962	18978	399.9167703	77
6965	20626	363.7180967	78
6967	18963	2089.55496	36.1209642
6967	20750	2087.868456	36.1209642
6968	10407	1264.60211	61
6969	20700	714.2261209	144
6970	4204	990.4040983	68
6970	12584	977.5339676	69
6970	13813	963.9889037	70
6970	16039	912.3044893	75
6979	18144	311.6530664	158
6981	14812	1215.961844	172
6982	18226	1550.194791	120
6983	5337	1635.603588	49
6991	15364	1077.745329	72
6992	2255	678.299548	84
6992	13366	708.1066684	81
6993	20662	902.8645058	137
7004	20376	342.829362	123
7009	15850	808.0648484	118
7010	3513	1101.245764	150
7019	20143	645.4257269	72
7031	8429	1114.013225	104
7039	9064	907.1105108	145
7043	3940	259.6784441	201
7051	14564	2389.849877	93
7053	12125	199.031939	207
7055	12843	252.0446084	107
7057	9192	506.6781606	121
7057	18539	447.4170205	134
7060	14650	697.8277332	95
7061	14584	1086.571124	95
7067	3176	581.1825984	136
7067	5170	538.2249681	143
7067	16997	553.2519185	135
7070	14774	413.4765887	245
7074	8664	542.0166784	99
7078	4755	645.9340426	92
7079	16507	1489.181292	102
7079	17697	1615.139253	95
7080	20756	292.446809	80
7089	221	842.2293104	58
7089	9988	811.4921753	60
7089	12579	869.4816514	56
7092	21075	1478.630219	52
7103	12557	1439.50412	80
7106	20756	307.0478453	77
7120	7853	1154.069356	51
7132	8254	368.4378797	124
7146	8296	917.1128184	51
7146	10348	915.7989349	52
7150	10977	537.2888676	76
7150	12369	518.170274	79
7150	12671	509.314159	85
7156	13125	567.4788066	156
7162	5921	2859.214496	49
7171	10783	1288.260241	76
7181	10108	224.0428162	133
7189	19208	4559.862048	55
7190	7452	2292.923554	31.65828812
7190	14091	2284.062085	31.65828812
7205	20421	966.2027416	117
7217	8771	620.8094639	113
7217	13376	435.2846285	128
7223	21119	676.431318	142
7227	8536	1639.721481	92
7228	11397	4031.356505	93
7229	11871	1784.906907	71
7236	5008	1215.830868	80
7236	5986	1211.152672	80
7243	9917	289.8957157	203
7243	18203	183.4783483	214
7252	5961	1513.78239	74
7257	9475	1797.192806	76
7257	19115	1712.403263	81
7260	6408	427.9756575	106
7261	8628	723.270606	104
7267	20428	319.0651525	81
7271	8815	810.8760051	44.02173913
7276	2558	1734.931233	63
7276	18722	1682.730672	66
7286	937	916.7072169	73
7287	6248	637.1428696	125
7298	5311	1982.834235	101
7303	473	1071.938468	122
7308	9059	3016.823261	133
7313	18051	295.1330496	102
7320	5708	886.8096692	124
7328	1551	386.2353299	156
7329	634	2986.43535	36.92365229
7330	18411	988.1614174	134
7333	7814	1508.190762	130
7334	19037	584.0460625	113
7336	6761	211.8407931	93
7337	5434	1102.687393	58
7337	10062	1108.292907	57
7352	10115	219.4397748	135
7356	2498	1024.992581	122
7356	16213	1146.207619	122
7357	3335	595.8984296	109
7358	8239	664.1837302	141
7360	301	235.4092258	126
7362	13852	477.8622104	123
7366	19882	761.4043463	116
7368	5894	214.6306567	191
7371	17801	510.281295	131
7376	19875	11866.52489	100
7383	8976	705.3689936	95
7385	5155	919.3632023	154
7385	10259	1088.365996	134
7386	10216	1243.172088	106
7386	15795	1152.915253	118
7386	17803	1258.645619	109
7389	10073	611.6986083	57
7390	8772	277.4110992	123
7393	11420	965.7085988	100
7403	4421	195.9551308	214
7405	11173	4191.076037	121
7419	2041	3279.117318	70
7430	10686	2319.169979	63
7431	13371	354.2869919	128
7432	12213	392.9789183	114
7443	19377	1847.641337	81
7444	7033	235.1366083	147
7445	4744	377.0005561	102
7450	9801	244.5271514	207
7452	15532	878.8564997	85
7456	3534	632.0984595	83
7471	12059	1575.947038	83
7477	19663	723.3599826	130
7478	12549	355.5498043	136
7478	16463	434.2176822	114
7482	16006	1251.306325	85
7483	8312	312.4049709	219
7483	17577	270.5909496	244
7483	19276	300.0165694	234
7484	7252	188.2048092	192
7490	18298	648.0272396	174
7498	19985	1061.487256	106
7502	20628	240.809345	118
7506	7476	1091.832727	95
7506	11338	1053.478412	97
7509	5273	1909.342701	99
7510	20783	185.2351928	143
7516	13986	195.5876568	229
7522	4177	2491.374243	65
7525	250	498.6696028	83
7526	18283	3577.894616	25.41173093
7526	20893	3580.7086	25.97643606
7529	1207	908.1481342	107
7534	6102	964.5925921	123
7535	3681	2867.855358	64
7537	4250	215.8905035	174
7544	19739	193.4640579	138
7551	11883	314.8390624	109
7558	12680	263.1428092	236
7560	1448	1013.002126	88
7560	4240	976.3351094	92
7560	7628	721.2625493	113
7560	11090	938.3693864	94
7560	13213	906.0861808	105
7560	15919	777.2978706	111
7560	17058	928.4548932	93
7560	19613	926.1126825	102
7560	20439	736.8600292	114
7562	9718	2091.251495	123
7562	15827	2225.812323	118
7562	18837	2161.860913	121
7564	10972	1228.31927	101
7565	5951	196.4001403	139
7566	19653	1519.267533	19.09611913
7566	20900	1353.108927	23.79021103
7574	8565	574.0163952	96
7574	8850	551.7307872	106
7574	19215	551.9710349	95
7591	18879	1003.436753	26.5536902
7598	17957	1282.019083	64
7603	18671	291.4728626	166
7603	19060	331.7404605	150
7605	628	2408.574857	58
7605	19947	2399.835391	58
7612	19212	1151.402785	130
7613	87	616.6580438	151
7613	10471	413.2618906	168
7630	6840	379.4824351	216
7637	252	1127.101862	131
7645	16665	266.3290709	84
7649	17788	321.8230977	119
7665	6387	615.2356558	99
7672	9955	1065.686416	130
7674	6477	1515.915631	97
7674	6878	1398.431802	105
7674	17237	1475.359702	106
7674	19448	1473.241549	99
7679	15453	774.5393661	120
7685	17550	471.2641705	107
7688	13457	575.3731728	115
7691	5069	315.9333686	190
7696	6172	367.2497177	68
7696	12068	424.9674201	68
7701	3175	763.909412	121
7701	5959	742.389985	112
7709	10168	291.7895647	139
7710	7835	622.4715372	93
7711	3684	198.2801937	196
7713	12842	260.828552	107
7717	8497	477.3515113	73
7717	14855	467.0177496	73
7717	17148	486.9518742	71
7735	13390	960.8579691	39.44033602
7738	14103	327.1691833	162
7738	16047	420.8653561	150
7741	2775	968.0096477	169
7741	3014	799.4650667	172
7743	3591	335.0066841	136
7749	19597	2340.601656	48
7753	16808	365.8227668	137
7758	14907	9509.156304	103
7770	1448	980.7413307	93
7770	4240	1145.614301	88
7770	7628	727.1014425	105
7770	11090	932.9715461	98
7770	13213	1013.27066	92
7770	15919	711.8155742	110
7770	17058	945.6898515	93
7770	19613	1140.315709	87
7770	20439	705.6587556	110
7773	12911	631.2898439	160
7773	19285	643.437178	157
7774	901	340.7751693	203
7774	1500	391.0877239	192
7774	6697	336.4459147	183
7774	8342	368.329607	182
7774	18279	411.3528817	165
7774	19608	301.5423465	169
7774	20021	379.9628563	192
7777	13091	1075.492249	133
7785	19211	228.4048482	183
7790	4938	803.9504525	106
7799	6104	1743.232393	88
7800	14948	183.7730819	187
7804	4645	405.8847282	160
7809	942	2016.093452	53
7809	2593	2050.365461	49
7809	16959	2005.779262	49
7810	7644	661.9264096	93
7813	9920	1105.294644	84
7814	19590	692.827618	75
7816	2863	200.2989713	158
7816	18107	267.6761581	155
7816	18222	360.9956565	139
7816	19571	241.6839311	158
7827	16131	347.3891656	206
7831	901	389.8008443	183
7831	1500	348.5884289	187
7831	6697	346.867025	187
7831	8342	355.1303157	198
7831	18279	333.1815692	189
7831	19608	282.0009407	188
7831	20021	248.9335797	213
7832	19790	213.4266622	219
7833	8565	939.2656555	80
7833	8850	893.3895802	86
7833	19215	954.8593556	78
7836	21155	239.0065546	119
7845	12014	244.5037648	215
7856	3909	257.7520144	177
7860	3925	376.6232272	153
7864	20143	645.4257269	72
7865	19611	1035.370461	103
7867	5849	184.4203126	202
7868	11278	2325.526162	53
7869	7938	356.3193758	112
7871	10325	779.0489972	71
7871	13847	814.1511072	69
7874	8788	424.5975376	138
7874	12745	447.8158785	134
7883	10281	250.7411805	186
7889	18517	403.0523541	113
7889	20898	416.5776239	107
7899	13747	424.2978925	234
7899	20412	382.4610129	234
7900	8522	752.5029359	28.36356641
7901	8771	241.7934187	136
7901	13376	897.5894037	112
7906	10725	2228.542282	86
7909	12985	715.9858911	108
7920	5706	378.9667521	111
7922	10108	267.5328194	113
7924	4089	365.7639175	23.27303253
7933	9893	1650.779201	136
7935	20803	357.1311035	142
7945	8332	1372.470224	91
7945	9412	1465.634238	85
7948	9022	303.9232433	175
7948	14772	269.9917266	184
7950	5338	219.5190012	189
7950	8676	192.4465031	201
7950	11275	236.1716139	187
7951	11390	771.4060736	130
7954	6765	700.7293614	90
7954	8828	773.8221389	80
7954	19924	754.6220575	82
7956	5079	1185.185086	99
7958	8489	963.9378233	101
7972	10622	691.7307368	65
7975	5454	933.3656749	47
7977	862	685.1682221	110
7979	9347	900.1920031	107
7979	13259	943.906314	105
8006	11104	309.5304822	136
8030	20430	2895.423245	39.44033602
8031	17382	292.0177415	131
8033	17354	209.4988085	232
8040	14144	512.6517874	136
8043	10546	2967.901846	75
8052	6293	1239.44193	75
8059	9243	207.481488	151
8061	13673	906.5063286	46
8065	8423	1474.395385	22.76709704
8066	2607	2488.094417	60
8068	13837	216.0570896	100
8068	14836	218.812472	102
8070	15364	1077.745329	72
8083	16265	716.1269126	26.5536902
8083	21058	758.1324825	22.27216015
8085	11461	566.7312489	122
8085	20579	592.7909116	131
8086	5256	948.9025949	73
8097	17955	476.3467595	137
