5	6622	275.4134288	161
21	992	5003.483401	55
40	2700	256.6664683	133
40	9837	249.9883731	138
49	177	1470.087243	107
61	5342	893.0344288	89
67	1523	1952.67617	73
67	4556	1648.752559	78
97	273	455.1357108	102
107	11642	838.2289523	104
116	4154	1857.299416	73
124	3263	848.3771339	90
126	7358	1132.005999	80
134	3459	495.8768912	112
153	2132	4393.176337	44.02173913
163	10391	971.0464553	103
164	4105	572.7409201	152
164	10180	519.4896204	144
183	1846	875.245988	87
198	10132	1429.292757	89
208	4172	411.6658044	182
220	3427	289.750259	177
246	7659	547.8239832	114
249	7161	405.8329655	141
275	6328	460.0826569	97
285	9372	649.5529191	106
285	11209	529.5287314	117
300	9387	868.9098396	64
303	11636	263.9157095	287
322	1513	606.5462348	113
344	8270	936.7340307	94
346	334	312.8074026	205
369	8048	467.2880399	127
369	8263	324.8946694	126
385	9680	952.6430979	119
396	4177	409.7105924	109
403	2497	191.7504717	131
407	8230	3437.336235	56
418	7273	2166.067536	62
425	7460	614.6447968	161
425	8973	530.7605935	163
439	827	838.9582447	122
440	11565	186.4336459	203
444	7209	2709.996595	90
465	11104	988.2798879	100
474	1839	186.25199	256
491	3459	470.41603	113
496	8311	1060.329259	78
502	10391	979.0746582	105
519	10545	1017.044299	106
525	1774	953.5757734	95
530	8635	1899.081213	63
531	8110	251.6093245	117
533	1041	941.327399	108
536	4643	969.0884936	83
546	6630	732.4682516	148
559	6961	249.7372603	181
598	6126	435.4043888	152
604	9557	1302.427791	94
605	6566	389.03382	114
634	5302	230.2013462	148
635	6618	1530.561249	62
667	8165	667.832287	96
669	8713	812.0675976	120
678	3763	246.4394858	136
694	6971	274.87494	90
703	5329	1806.075951	52
734	9427	660.1214867	144
747	4004	238.7151196	229
765	8693	1157.929132	85
767	7849	433.3490949	104
779	352	322.4569588	181
779	7769	224.6799949	180
783	8908	332.4528876	132
793	4103	318.8639701	103
793	5670	301.25949	108
793	9071	220.8761024	130
797	8558	226.4371474	154
814	10116	282.9478589	112
815	7044	211.6861595	130
830	1046	740.5753546	109
844	6726	726.1837895	67
858	6780	247.9508077	145
872	4398	791.0143381	105
891	2275	749.5623276	113
923	5315	249.9281859	186
923	9261	355.301463	168
924	119	362.1409636	103
924	4174	405.2784663	101
924	5587	419.1079872	96
924	8749	264.7878461	118
924	8856	312.6218022	99
924	9121	445.0601635	93
924	9354	336.0093481	112
924	11155	356.0164549	106
924	11406	360.4024224	104
929	5106	267.4277014	113
929	11533	295.2128972	102
964	8070	693.5683043	89
967	717	1565.254072	79
977	1805	738.6400093	133
978	1842	277.6518271	115
1040	9045	266.3409547	106
1045	7205	182.7378728	140
1051	1592	1991.037519	88
1054	9016	211.7691692	170
1067	813	1019.648504	74
1067	5304	830.3324254	87
1070	6213	1475.747738	82
1070	9171	1417.670096	79
1087	9627	553.5001875	111
1090	5066	441.3021325	134
1090	10256	529.7579136	115
1090	10356	425.2429728	134
1123	9299	622.819166	76
1130	1607	2729.405071	42.1285547
1140	7879	784.944822	112
1158	2064	223.7669983	177
1167	7537	1319.405613	123
1188	8694	432.5404342	113
1190	2468	675.0678887	98
1239	4536	1470.121585	92
1240	5335	1450.216911	83
1263	11910	2093.974996	104
1271	4105	572.8406388	155
1271	10180	526.1160963	144
1316	1302	220.111277	232
1316	1494	205.1432389	214
1316	2975	209.6501641	201
1329	10973	531.5389974	113
1347	1302	337.7634955	184
1347	1494	307.7965349	178
1347	2975	345.4027945	191
1348	5082	601.1904019	94
1378	5044	1315.063759	94
1407	6014	254.0898995	133
1407	7272	254.0898995	133
1407	9306	254.0898995	133
1407	9543	254.0898995	133
1420	11326	1551.426409	81
1423	10151	354.3671051	116
1428	4926	353.6753386	198
1430	10661	350.9841882	169
1436	5683	920.5201168	86
1451	1638	1634.342689	67
1451	10203	1825.927972	60
1454	621	1413.941664	76
1454	3260	1341.344109	82
1464	10322	709.0167142	149
1485	4786	891.227152	108
1521	2080	658.2526097	112
1529	8676	493.0993925	85
1546	10771	212.8049504	198
1548	9167	790.2267415	100
1557	4555	2118.787932	69
1562	5182	390.1948469	124
1562	11452	355.3882284	137
1566	4845	184.7790615	174
1582	5939	1811.91933	49
1588	3459	419.6416549	117
1594	4104	1308.561677	90
1595	516	1429.123579	101
1608	3970	535.751849	95
1608	4300	481.2406917	107
1608	5480	486.9580743	106
1608	7049	445.0279756	109
1608	7156	549.3020887	94
1643	6376	381.7480278	146
1659	101	840.8812484	115
1663	11836	1280.948677	84
1667	799	993.5069105	91
1676	10275	212.4899596	171
1678	4431	1014.512811	124
1686	10273	322.9140754	170
1687	6031	228.6109048	129
1687	6658	235.5633716	128
1713	11211	187.262241	144
1726	4748	196.7975907	157
1743	6712	694.5889084	102
1746	1677	226.9545879	188
1759	4431	1045.78883	114
1791	7333	2659.774766	71
1799	11316	181.3500861	130
1804	6557	2038.045819	52
1827	1765	1252.626774	99
1834	5066	416.7933213	141
1834	10256	503.544106	122
1834	10356	435.218888	133
1868	4181	1785.859786	75
1877	11293	197.6225209	116
1883	723	404.3785374	181
1897	9515	397.8000662	102
1901	2246	212.3337859	158
1908	2797	244.2108576	176
1917	11334	490.0493577	116
1922	3374	312.4683464	112
1928	2575	2695.333036	38.58293741
1938	9651	269.618316	113
2007	395	1649.829554	63
2026	1843	873.0148332	128
2033	4	269.1849687	190
2040	3791	1226.548304	107
2064	3428	1255.747961	80
2065	7476	374.7108384	115
2097	5051	193.0761774	142
2099	9853	351.0480556	81
2111	8700	1329.481789	73
2112	9549	1465.613173	54
2114	827	663.221825	137
2122	24	781.5590899	148
2128	11036	1663.075057	101
2171	2385	1527.035695	110
2173	10697	288.2829087	112
2249	8863	3054.02987	48
2265	3316	231.8245786	183
2273	70	796.9806618	119
2274	9420	514.3925054	110
2303	2632	497.9715361	150
2306	2611	641.4485037	99
2306	2921	639.9812261	108
2306	6416	637.3662304	98
2306	7773	787.6839867	94
2306	8652	642.0417639	99
2315	10856	274.4059036	125
2320	2349	329.084775	166
2321	3459	510.6392834	101
2353	3091	294.4424063	144
2353	7444	254.3729113	139
2353	11628	302.5823419	143
2394	9376	498.4372674	87
2396	7824	1936.303955	82
2434	58	494.9341888	105
2434	2297	392.2507593	111
2434	9496	425.0511718	111
2455	4786	846.807929	106
2457	2729	204.725775	99
2470	6565	1036.786619	88
2492	4647	359.7940121	119
2497	8223	181.0061053	125
2508	6103	281.5421145	161
2511	6341	1679.226107	51
2515	1341	270.5211504	151
2520	857	248.6580811	173
2520	10790	223.2341962	166
2532	8312	1175.065168	106
2539	4290	256.161336	102
2539	4489	243.180694	104
2541	6520	580.1569382	75
2552	1667	590.9689598	147
2565	7564	761.8641177	118
2600	6640	265.0852297	145
2602	1089	602.3578626	83
2608	5191	1158.864959	125
2617	7301	188.8769736	151
2632	4805	418.8757122	168
2647	10321	2575.450613	67
2739	8410	963.1667777	114
2746	1685	323.7636867	157
2746	4147	321.4148178	155
2778	4360	849.5918513	127
2779	10235	5844.588654	59
2788	3590	210.4371259	158
2790	11319	1183.016069	98
2811	3116	428.9680278	93
2821	3285	615.1996535	98
2822	1433	1461.111166	82
2828	2486	489.5543579	135
2828	3039	406.7189838	151
2867	2737	196.3686463	233
2870	1385	846.7096007	131
2872	9287	1045.645506	96
2873	1479	347.2771962	167
2892	9376	597.2066853	79
2912	8165	493.1936154	103
2916	3451	330.8513928	163
2921	5950	421.6499731	100
2922	4130	533.2530246	51
2922	5971	569.3368406	39.44033602
2922	10684	478.8759687	55
2931	7490	187.6784477	174
2931	10118	197.8709689	152
2934	4801	251.6600624	150
2941	3459	435.4495704	120
2953	6149	429.3018841	92
2957	7226	205.5662502	122
2959	4929	1220.741074	115
2962	5394	271.9313843	151
2962	5969	388.3204385	156
2967	10829	233.0766877	140
3007	10122	492.5073689	120
3021	130	181.6766199	177
3030	5645	296.9190268	153
3030	11805	360.3526796	130
3033	4400	1776.998996	47
3045	1947	523.1322563	94
3045	11456	533.4153442	92
3048	3424	2610.540271	45
3057	6729	183.5200599	162
3067	660	1017.174619	77
3073	9958	285.3362916	97
3082	9767	396.8197309	135
3089	6661	302.145645	175
3090	188	2105.044669	50
3118	2216	2815.32989	54
3119	8954	340.9427386	160
3121	10433	275.5523382	152
3137	4105	675.1041283	147
3137	10180	590.0462082	157
3140	6021	1548.457757	112
3156	1440	755.4548275	114
3170	8632	270.7899782	150
3178	3497	393.9677608	137
3185	7908	292.0351781	193
3185	9350	191.1132832	190
3189	8631	314.1350837	124
3195	8045	1923.214303	86
3196	11711	1140.977778	75
3204	9715	561.3735986	93
3213	8115	186.7888062	142
3225	508	255.8086343	146
3235	11368	475.88917	128
3243	7217	214.2075606	165
3247	9017	233.9338742	115
3249	11060	775.6217724	100
3263	7557	445.6366812	169
3270	1678	307.0853553	170
3275	1172	549.4915055	104
3334	5772	214.9559249	141
3335	1430	1123.375605	79
3335	3007	1255.279634	74
3342	8301	371.2085766	103
3344	1897	648.4213421	87
3347	6081	750.6142662	108
3367	1220	660.4190493	86
3384	806	2299.748771	92
3384	6056	1985.139728	95
3391	5478	880.8699296	119
3392	494	317.1154312	145
3406	1854	238.3839983	156
3425	1087	215.6995861	176
3429	11280	1498.621526	104
3441	6208	2554.551237	57
3453	4214	280.3127887	128
3462	5545	1362.158382	114
3491	1183	226.5956171	166
3497	844	411.0349874	79
3504	622	275.7766885	132
3547	4905	1905.463714	79
3550	246	231.3963788	168
3577	10253	1190.716747	97
3586	6739	427.2318667	206
3591	10834	994.3776548	132
3619	9555	1119.912832	114
