1	2468	207.9481093	173
2	12891	493.0245271	176
6	18569	836.0633332	75
8	2359	538.60895	58
21	17915	430.6646985	177
26	11076	562.5197738	96
32	14189	380.7663042	156
35	959	754.5126455	66
45	5154	553.9794279	100
48	11753	181.9984456	102
51	2062	1342.415879	108
53	2092	1296.530849	74
58	15997	292.5154238	132
62	10348	555.9336483	88
72	24338	2709.634793	85
78	1451	797.9683901	95
86	2754	1005.667949	121
87	16071	1633.941792	100
92	6316	649.5468164	106
97	11662	260.8393821	163
98	15854	638.5452912	77
99	6610	1874.200807	92
100	19940	911.3688682	115
110	19779	420.8585949	91
115	18459	241.7964243	116
118	16124	350.8337731	122
119	19596	894.6444001	86
121	23046	385.7083166	125
122	11327	449.1397695	97
123	18105	2012.471997	80
124	10636	558.2298818	52
128	7367	1059.945489	74
132	4102	1359.818115	85
133	1211	325.5143892	87
133	2970	371.4412674	73
133	6247	254.4304588	99
133	7814	320.0627307	78
133	8505	284.0208871	96
133	11771	308.3562113	91
133	12006	257.4166938	98
133	13049	313.457354	90
133	16796	269.779034	93
133	16970	304.4464921	90
133	21634	262.8448553	95
136	13982	422.4995113	83
136	21063	387.2788958	95
141	22762	1888.602126	48
145	9654	1070.884483	101
145	21216	914.3445252	114
146	7328	254.5295915	124
158	24105	713.4783546	86
161	2780	1359.488789	99
161	18298	1589.450947	91
162	23498	1943.591913	100
165	7459	597.3939449	179
168	10781	2896.696073	25.97643606
169	6714	2163.683216	32.36180563
175	19665	844.8631464	72
176	11580	1441.615696	129
185	8198	960.1848418	102
192	19860	554.3077616	100
196	21077	193.8186807	205
198	14948	398.8560466	140
201	24365	1704.426252	84
203	23148	1006.454213	76
207	10407	1443.300948	96
208	1864	1080.96451	90
210	5577	499.5282106	63
211	22987	330.8940815	112
217	13395	1399.093173	81
218	12114	821.8766751	101
218	15870	744.1935694	112
221	14207	2186.419038	90
224	2261	730.0074815	89
224	11116	721.071318	97
226	7364	1017.460114	72
226	10650	889.1119428	86
226	11627	696.2860756	98
226	14808	653.5452253	109
226	21732	651.0701663	87
230	2854	550.2623641	132
234	13222	394.4056401	132
236	11661	482.111488	100
244	10920	2951.191741	71
245	8484	1695.206587	78
248	10699	423.0069066	119
249	23804	830.3987608	94
254	9565	293.2859799	145
258	17690	1677.260465	59
260	6425	932.9034948	38.58293741
266	919	618.1043757	67
267	5089	1248.844721	97
268	6604	1201.712524	82
269	4636	1246.804158	33.81608925
271	4742	1055.801101	49
273	2176	665.382374	41.21271655
275	5470	637.2257204	125
281	2112	566.5175699	81
282	10591	198.2891038	199
285	14606	1043.072602	84
287	4081	563.6653893	112
288	3103	4323.975527	27.1437722
291	16977	1139.246363	61
292	23798	2151.77288	62
293	13458	456.4050744	173
294	23088	1450.536014	64
295	22588	2634.787583	32.36180563
297	7629	768.9352575	93
298	11351	233.023657	232
300	1116	661.7453217	110
300	23052	710.7106512	108
301	16845	2201.412634	31.65828812
308	7128	5036.706038	46
310	10209	3379.194085	45
313	11474	904.419675	62
320	3022	290.6124039	147
320	3605	300.8092777	144
325	14234	804.2618814	79
326	3277	491.6683784	117
327	3014	237.7926589	92
328	3613	889.7813922	119
339	9943	1183.274641	42.1285547
340	740	651.7027876	140
342	21343	1673.742634	31.65828812
345	7512	1145.665319	46
346	5544	368.3628645	141
346	9851	388.7794191	143
346	13857	445.1771729	147
346	17038	377.3689848	148
346	19993	544.3714758	142
346	20182	569.799243	141
351	558	907.1610287	51
352	4961	4957.949205	6.796967195
352	7297	4395.762946	6.796967195
352	12179	5004.764074	5.33723932
352	12435	4881.672968	5.957214891
352	12744	3307.069269	6.649207039
352	14663	3275.649439	6.649207039
352	16024	4997.305416	6.224921831
352	17396	4998.958573	6.224921831
353	11045	749.5418781	135
354	4822	3672.197255	33.81608925
356	23828	252.1102414	151
358	23359	454.2963888	182
362	15886	228.9878817	95
366	16929	524.1845615	152
366	19767	548.9134062	142
367	15968	503.2126809	165
371	21226	1151.593447	129
372	7537	2510.625699	66
374	18139	3420.547808	24.31888239
376	17630	833.4148745	128
377	6860	1457.585869	69
377	12082	1527.613226	63
388	1453	2070.091857	88
393	18710	1330.887848	86
394	17005	694.4903716	92
394	23453	622.1879419	107
398	9686	3131.761336	57
404	15220	2601.451156	38.58293741
406	13446	2208.128035	92
410	18096	824.2221155	73
421	2232	505.5303169	96
424	19112	760.3599603	120
429	23707	1704.032728	104
434	12371	2865.781343	63
437	14849	942.5339847	128
443	3835	248.2839366	254
443	22864	184.2535837	243
447	2175	1075.269893	5.827710219
451	23894	2109.719885	34.5675579
453	2181	3519.017015	53
454	2087	801.307328	10.78367647
454	4312	889.8165437	18.27487772
454	4739	943.2130559	18.68098611
454	6241	892.59019	18.27487772
454	23650	919.6270308	18.27487772
457	23328	708.6753497	125
466	2499	609.9837919	128
468	6829	1515.714563	58
470	6508	2090.939125	48
475	3077	1289.229914	137
485	6413	5447.369585	48
485	23721	5862.221602	44.02173913
497	6023	835.8194178	101
498	12555	1444.873407	95
505	16780	565.693708	96
511	5178	409.5640988	122
517	3814	510.14607	115
517	8546	772.9945325	102
521	23978	240.9361938	129
528	17180	1061.807972	107
532	12423	2269.357445	47
538	10719	253.3136658	110
538	11155	234.6228915	101
543	164	2555.147263	38.58293741
544	5745	328.1090248	114
551	8836	408.4624729	141
552	3182	2618.019706	75
553	16626	1062.444036	111
559	21378	3408.792159	63
563	21756	197.7554019	132
572	16450	522.9001477	44.02173913
574	1206	2147.671839	57
575	18813	966.2478409	136
584	5387	289.0128347	177
596	20873	1022.098439	86
599	496	207.5003783	171
599	7249	197.6732133	190
599	10687	189.0087672	195
603	6643	255.4779713	126
603	7499	271.3468971	124
603	8173	245.3828917	119
603	8687	215.3847498	136
603	10236	264.0414575	131
603	15358	190.6498917	133
603	15552	250.5071927	138
603	16362	196.1454731	143
603	19797	250.0207704	135
603	20442	260.9325851	120
603	22404	242.36573	114
606	11151	1011.526557	100
606	17361	1002.150434	98
607	11147	2574.612089	66
610	6432	827.2532994	87
612	11297	537.8837774	106
618	2749	2276.69442	90
624	9484	1889.984661	52
627	10747	933.4791639	84
632	17915	390.8629325	185
633	12327	585.1090586	40.31678793
634	9593	1995.161815	52
636	180	3321.786318	65
640	10271	1802.682273	51
643	7655	2737.445477	43.0647448
644	20595	1085.241293	79
649	24098	920.2208071	86
652	5330	500.580241	130
652	6916	523.8245028	130
654	24342	2263.395389	70
655	9633	448.2997498	94
657	12298	1892.083914	46
658	18202	486.271078	135
662	23429	952.1433613	116
665	2437	2192.840478	47
667	62	442.5810043	127
667	1026	464.2234841	112
667	1054	408.5420992	117
667	1412	379.8210901	147
667	2054	473.059955	127
667	4053	474.943438	128
667	4596	377.9396381	146
667	6913	348.1180938	148
667	6917	369.7487903	136
667	7256	399.8070808	138
667	11700	400.072426	116
667	11728	399.7927497	134
667	11847	422.058752	134
667	11916	395.1831613	117
667	12079	443.0120088	134
667	16438	429.108478	120
667	20619	475.2783275	127
667	20853	394.0556525	147
667	21623	395.6100343	125
667	23600	288.2529476	142
667	24116	424.7057306	138
669	2934	850.2871251	137
674	11760	2740.450917	51
677	19249	193.4277862	310
679	10628	2133.783941	48
680	7658	978.8433934	27.74696714
683	24425	1391.971814	76
689	17712	2174.553663	35.33572585
690	21070	1937.052328	64
691	5541	619.212055	131
693	5914	799.490755	87
695	1744	1732.940151	118
697	21850	1854.852301	57
703	14931	2644.676119	37.7441779
710	21168	782.4299223	151
717	9967	1940.086389	58
718	20609	2363.95373	49
723	938	592.0489289	60
723	20991	524.284574	68
724	19753	1312.844991	172
733	1470	2194.921291	42.1285547
734	12576	1680.376908	91
736	17551	4840.648981	52
743	19278	2754.903013	38.58293741
745	7318	674.7537257	67
747	19392	182.8231888	257
749	19323	744.1078281	66
753	19272	381.8628879	89
756	21005	308.381958	149
768	8774	3354.254275	57
773	17913	997.9488895	113
780	10121	2468.091199	30.97006447
781	8932	405.2716407	140
781	9357	585.4638231	139
781	16301	514.1091202	134
781	18207	592.4010616	128
783	22102	278.1329499	129
788	13551	557.0941727	114
793	16516	743.7917491	36.1209642
795	18192	356.3238771	164
797	3137	1730.58944	120
804	17177	831.5092878	53
808	7191	666.3453696	76
810	6936	1011.323274	79
818	21496	2200.515967	61
823	9388	3309.902011	68
826	5675	1836.595615	43.0647448
828	22726	782.1849583	90
833	18698	923.816049	115
839	3074	1129.982502	81
842	19502	1062.023134	136
844	626	2386.415047	53
847	14303	737.6373503	129
852	15092	1139.236945	105
862	4439	1594.651433	56
865	13861	1083.605804	177
866	21092	381.4000298	128
869	1478	8154.091026	27.1437722
870	19370	1664.179338	32.36180563
877	9509	707.3566894	76
878	12399	761.3541502	89
878	20923	539.7615577	93
878	23656	695.7101052	101
878	24273	760.9951724	90
879	1735	510.6907136	69
879	7452	304.8339034	97
887	21920	262.6788588	230
888	17713	570.9407046	119
890	4587	929.2743047	104
894	4491	1116.890486	66
897	12859	1956.243111	94
897	19256	1757.066401	96
901	1197	1603.650274	80
908	17123	1735.740521	65
910	7294	4778.143416	27.1437722
913	6396	309.2718325	114
917	21565	1377.177255	61
918	7362	1804.096259	44.02173913
922	1033	442.9454912	106
927	1226	1193.863378	77
928	13794	495.1387252	136
930	20145	332.7807973	167
932	3568	288.5134965	154
938	9330	5356.07395	21.78798276
938	22396	5288.691014	21.31433096
941	1745	417.4404943	153
944	20830	283.7715009	98
946	19897	355.3464647	174
952	1757	873.8121431	122
953	5960	570.9088054	150
960	16434	653.4689666	113
966	4398	1145.102316	61
970	20425	1279.834303	84
971	17093	2191.68184	95
974	10273	1911.042961	66
975	12618	780.6586322	54
978	10159	311.6689828	91
978	21699	314.7227623	105
981	3919	220.7251449	74
988	20543	410.9942809	163
998	22254	1920.381978	60
1010	13351	564.2195838	91
1022	3050	753.6680326	45
1023	15823	1344.147443	81
1033	15935	185.3011328	158
1042	10676	1222.762642	114
1043	20731	300.3897799	88
1052	17874	231.754388	117
1053	14659	1304.103323	40.31678793
1054	21042	2121.58167	61
1056	18648	1619.114994	127
1057	23848	1513.087366	94
1059	21938	315.5244474	137
1068	12395	1191.670009	28.99386789
1071	22798	264.7966083	103
1075	13091	2784.386039	69
1076	8611	2383.291636	85
1078	932	394.5029537	109
1080	9600	2484.06883	65
1082	8037	195.9284664	140
1083	14071	475.5723907	138
1087	7444	1063.91118	140
1095	5015	1861.785022	82
1096	9071	2821.078249	46
1097	2399	1736.461142	64
1097	3086	1731.343266	62
1098	12575	217.7188045	91
1106	8924	287.916134	124
1107	13435	452.0763086	82
1108	12323	1228.520562	66
1110	8057	771.1320951	118
1113	1734	342.2924792	75
1114	3621	479.2364754	105
1121	705	1434.060136	23.79021103
1121	5102	1335.596448	28.36356641
1123	10030	1824.645236	77
1125	21778	233.3055556	100
1129	23840	994.9718901	71
1134	910	514.8082861	36.1209642
1137	4422	475.0115258	90
1144	21066	1524.959517	55
1154	3585	375.540211	141
1156	22289	275.6804497	136
1157	4464	561.164365	92
1159	2716	984.5463237	23.79021103
1165	4239	1165.631053	72
1165	21620	1248.08159	71
1169	23091	1226.949044	85
1170	4836	632.7321072	134
1173	24013	638.8901885	86
1174	4486	422.0456124	101
1174	15424	477.6895041	123
1176	7845	3094.874686	48
1177	21162	312.5042187	147
1187	11401	2989.275096	30.2968022
1192	17839	519.7878992	135
1193	3327	1111.810927	70
1195	14291	586.8694263	91
1203	17344	401.4467711	81
1216	1609	544.3215625	137
1218	15587	3123.79512	42.1285547
1218	16985	3040.386768	44.02173913
1220	13752	338.336491	157
1221	24191	2085.681175	59
1222	18678	1463.170788	90
1226	1499	1156.198247	88
1226	11984	1133.482042	96
1228	10069	6001.728199	93
1229	23016	828.7668813	84
1231	17915	346.1120999	187
1232	2321	3278.642276	39.44033602
1233	2303	2071.384343	76
1234	6854	394.1605145	139
1236	17341	2633.690138	79
1237	4462	1340.006869	144
1240	21650	200.2578829	262
1242	7494	1213.231606	24.31888239
1244	24384	872.3178901	115
1246	2002	1352.21054	62
1247	20737	1008.626282	103
1250	20216	1842.457263	58
1251	7273	557.2913854	111
1252	10135	1934.962403	112
1261	13604	902.1257651	127
1267	17653	1836.388771	36.92365229
1277	3526	1447.709878	79
1281	2075	335.5453828	78
1284	14259	940.390438	61
1284	21706	534.7319148	74
1288	19269	1100.483982	74
1293	21475	490.7774958	85
1297	22306	741.1069694	117
1299	7850	642.9673854	60
1306	22467	483.2227052	33.08095687
1311	17680	2259.741135	60
1320	21498	4362.875331	19.95426572
1338	8310	938.6710291	97
1340	17086	4539.691427	84
1346	1848	1168.585747	95
1346	14433	1186.213686	93
1348	6122	314.964054	166
1352	119	5016.586294	62
1354	2449	1182.219142	49
1355	24205	796.6028764	151
1358	6736	325.3667394	212
1364	9383	363.0011954	84
1364	11868	350.0001108	86
1366	62	533.8452491	117
1366	1026	468.1244154	108
1366	1054	468.2962439	110
1366	1412	568.1511406	118
1366	2054	585.9375835	99
1366	4053	680.1203859	101
1366	4596	469.0063103	124
1366	6913	398.7962405	130
1366	6917	434.6898208	116
1366	7256	385.714351	132
1366	11700	476.3144824	115
1366	11728	464.1157872	129
1366	11847	538.9132464	119
1366	11916	478.8155448	115
1366	12079	524.1949264	124
1366	16438	405.0772003	130
1366	20619	558.9643124	116
1366	20853	573.9887559	119
1366	21623	434.1140458	117
1366	23600	375.2570375	129
1366	24116	581.837059	115
1369	2617	1034.982197	78
1373	2759	487.3711892	111
1376	494	832.6128874	90
1377	21247	1668.588182	101
1379	7139	347.9258059	79
1388	15110	807.6708655	121
1389	1125	336.6247218	129
1392	3956	874.9721408	82
1393	1211	342.1402145	93
1393	2970	423.9258906	76
1393	6247	311.5099915	86
1393	7814	340.1818856	84
1393	8505	439.716538	60
1393	11771	365.1204591	77
1393	12006	276.2169463	87
1393	13049	379.5963998	70
1393	16796	290.8586779	87
1393	16970	337.8273797	78
1393	21634	325.979258	83
1394	13595	1697.970819	35.33572585
1403	3461	2190.364344	57
1405	394	2284.045927	55
1406	3819	319.2118233	89
1406	11040	194.2097677	105
1407	15313	794.7747701	97
1410	18281	1533.578414	82
1412	11996	1416.654082	49
1412	19839	1194.251581	61
1417	13973	688.0276871	34.5675579
1418	8711	1240.540573	109
1424	1456	2675.101634	39.44033602
1425	17441	221.8204208	193
1425	21414	471.4282977	170
1427	9773	664.1703523	74
1428	10828	2568.095964	92
1431	14495	1048.198269	68
1432	868	1075.108067	32.36180563
1433	23381	892.877926	98
1435	7354	314.7907524	125
1435	23136	386.0282807	115
1442	12391	199.0532647	283
1447	9898	1504.432382	85
1448	4475	780.9371136	87
1464	1037	923.7413932	133
1464	1150	691.5136582	142
1464	6578	757.6072035	142
1464	7210	739.9775036	149
1469	20036	572.4964681	134
1471	13246	197.7305921	160
1471	13256	390.5147101	126
1475	18982	1113.966296	136
1478	5410	937.4249342	68
1481	3010	2305.012412	73
1484	11929	219.021394	186
1486	12150	3579.030059	48
1488	6852	576.4817544	80
1489	23647	558.8599302	130
1493	2167	776.3115343	128
1493	18579	673.6549094	145
1493	18858	675.5388106	141
1494	9658	414.3750283	139
1501	2565	966.2751677	97
1503	1203	702.1534402	85
1503	2771	652.3237188	92
1503	8129	689.565531	89
1503	8664	708.7485638	84
1503	11058	692.1823947	94
1503	11280	586.6007353	95
1503	20518	798.820667	83
1503	20883	873.6176974	74
1503	21002	786.0500467	87
1505	5648	753.1235104	147
1507	4449	627.2736933	120
1510	22081	1461.748696	49
1514	852	626.6881326	159
1516	16144	1828.439695	55
1520	1977	370.2384948	93
1521	23901	2442.121073	58
1526	20124	1599.114133	92
1529	22126	1362.094486	17.10875968
1530	15139	445.2635136	53
1533	18040	1253.86546	45
1539	21215	336.5213796	118
1548	20902	515.8249275	136
1551	13927	1370.704685	76
1558	20429	1236.535284	70
1571	16848	208.6803355	188
1573	639	1234.618099	75
1574	20099	196.8967709	181
1579	16787	1107.425011	33.81608925
1580	19421	2379.751737	84
1582	6594	1816.872692	39.44033602
1583	2394	198.8285511	132
1586	17394	1848.516039	33.08095687
1589	8083	1422.89213	60
1593	18441	2159.672415	73
1594	11900	349.6229971	122
1594	13118	308.0077745	134
1609	561	1069.982687	111
1611	23401	578.8374972	123
1612	393	289.1365864	76
1612	22067	267.7471431	74
1616	14689	259.0184721	188
1616	15505	297.8670548	183
1617	747	231.1914566	194
1622	3099	463.9031312	28.36356641
1623	4892	656.6706576	139
1631	18143	713.5060697	120
1634	8236	772.19937	127
1640	23944	400.0688928	101
1647	11603	2980.932269	50
1649	574	802.1984603	86
1649	20590	984.4687544	95
1654	14875	1089.728777	111
1662	17846	3487.023072	24.31888239
1665	675	632.5238398	104
1666	2171	1718.48959	28.99386789
1669	4319	2265.60392	59
1671	10506	2984.6804	58
1673	11117	2836.271141	103
1676	2435	751.5983767	99
1680	22847	778.9392199	42.1285547
1681	1058	1254.435518	69
1686	2070	2541.723472	29.63817606
1688	13833	2991.363996	59
1691	12938	379.6803599	159
1696	23492	4968.434026	51
1697	2784	1297.167134	48
1701	2169	1330.466935	77
1703	5589	1455.489275	75
1706	9424	423.2681639	115
1706	14086	422.9256992	119
1707	6814	1283.311471	116
1707	12685	1143.709763	120
1710	17273	3835.826951	35.33572585
1713	16751	3066.921656	58
1714	18364	1049.243753	113
1730	8657	1730.829655	137
1730	13983	1427.340133	151
1732	3553	322.4563589	113
1733	13933	205.2239571	108
1736	17399	1033.212112	64
1739	9033	538.7420004	120
1740	9876	1917.642812	84
1740	18132	1522.71778	92
1746	6806	635.1967241	143
1748	6693	1741.501057	71
1751	12282	814.445749	108
1753	3402	2022.251165	53
1756	23758	423.2392935	155
1758	15560	726.3778822	70
1759	12276	779.9574765	84
1765	743	1432.614408	142
1766	8740	1489.382355	53
1772	24072	393.5638577	153
1777	18467	2775.834954	36.92365229
1793	12990	181.0655381	115
1795	10501	2140.146152	82
1797	8106	286.4275224	143
1798	14833	1605.15906	65
1801	22669	1354.642771	8.1035948
1802	7307	2363.97378	39.44033602
1803	9032	1172.189483	73
1805	20406	1347.89814	108
1809	9176	651.7799471	109
1815	10502	657.6172085	144
1817	12785	271.8735609	102
1820	14115	579.3796088	76
1823	22597	770.9867204	111
1829	7803	1716.570836	76
1834	3970	1433.264116	104
1847	22488	1370.48034	50
1854	23297	899.2876803	79
1860	15263	241.1460591	146
1864	12756	2457.442109	75
1865	9612	1569.619455	67
1867	18247	473.5515654	72
1870	13685	810.1331814	84
1875	19667	216.0142141	118
1877	11179	678.2078216	135
1878	22863	2150.636155	50
1879	3986	472.1882058	122
1882	22323	2571.068072	46
1886	16015	863.5620638	62
1887	6984	1853.770856	111
1890	12735	2446.546021	75
1891	7293	920.2531247	20.85097594
1892	11291	1282.054556	72
1901	18036	1378.349965	141
1902	2530	551.211677	40.31678793
1909	10419	8953.270652	55
1910	20827	904.5132133	67
1913	10194	1843.389808	73
1922	21569	557.7865016	85
1924	3434	313.8175645	80
1925	10784	1218.29996	29.63817606
1929	73	1009.406652	82
1930	3682	1068.54405	43.0647448
1931	551	189.9635363	192
1935	7214	732.283474	105
1941	21848	2318.912672	42.1285547
1942	9345	289.7926603	129
1942	10940	184.3661799	115
1946	11873	1667.629709	37.7441779
1949	8523	662.4848365	108
1950	19081	327.3360994	60
1958	1081	318.0927247	166
1958	12447	292.6772417	173
1958	20912	269.4460942	175
1963	611	467.8927607	62
1967	4947	1241.856887	77
1969	4860	538.3444365	120
1974	8222	531.4383756	119
1975	1265	310.3998165	205
1982	5566	1324.969202	82
1982	15694	1118.192786	92
1982	19045	1101.854968	90
1984	731	519.672579	100
1989	17235	1394.923394	148
1991	20695	1799.332951	1.899707491
1992	21577	4640.776544	42.1285547
1993	1110	1041.08078	67
1998	17316	1316.497836	39.44033602
1999	18905	408.4516038	138
2000	591	1528.20549	83
2001	17757	582.5005395	181
2003	19829	1013.861445	116
2004	8964	235.1919125	139
2005	5265	1332.877788	72
2013	7179	281.978077	213
2017	336	837.6483299	62
2023	13063	522.982963	117
2026	6545	1160.390059	65
2027	16902	991.5466176	90
2028	1262	419.5853065	151
2028	9927	344.2008959	149
2034	3770	561.049111	116
2034	12814	791.1863749	102
2034	22255	740.1874452	126
2035	3680	1340.078307	59
2036	19906	1400.386875	49
2038	14501	2010.526417	51
2041	3470	2596.09265	54
2056	9057	1621.092191	187
2072	6485	397.0599518	108
2073	161	262.4787217	140
2073	20405	448.4221356	120
2073	21611	465.969572	116
2076	23162	990.8054431	129
2078	5792	230.8341972	143
2078	8992	252.2352688	173
2079	2047	384.0259449	62
2079	23646	283.1334808	64
2080	18863	1424.477386	76
2082	16168	1305.721788	71
2082	22779	2334.460475	66
2085	13897	1239.06658	102
2086	6381	645.0923257	111
2090	18834	1078.403624	58
2091	111	671.5827306	109
2092	22420	722.9029897	102
2096	21211	515.8241269	144
2097	4399	592.7908355	88
2101	6875	437.3155318	119
2101	8439	489.2238505	117
2101	10544	502.0261799	120
2101	11067	579.6382822	114
2101	13634	574.8796548	109
2101	13664	571.2588123	116
2101	22046	452.395877	126
2102	3747	2026.75555	34.5675579
2104	21321	552.0496687	105
2105	3449	2694.706866	61
2107	10503	209.4924109	218
2109	5252	526.1250522	128
2110	2637	2413.584692	27.74696714
2111	23642	472.6024043	133
2123	62	486.5833485	133
2123	1026	650.8716073	95
2123	1054	535.2472026	104
2123	1412	565.6821543	129
2123	2054	546.3190311	104
2123	4053	772.0502321	100
2123	4596	519.9558172	124
2123	6913	535.26967	104
2123	6917	610.902917	97
2123	7256	444.6514401	131
2123	11700	578.3926301	94
2123	11728	582.1669477	114
2123	11847	618.396925	120
2123	11916	581.4007935	94
2123	12079	629.163901	118
2123	16438	636.4812221	98
2123	20619	683.4222846	109
2123	20853	551.4128037	107
2123	21623	577.8735309	104
2123	23600	492.1313746	114
2123	24116	549.7140224	127
2124	7479	1293.048999	85
2125	5080	542.0961424	62
2125	5365	298.3658226	100
2125	5431	296.2733412	96
2125	12962	434.6553964	78
2128	20132	639.5971611	93
2131	6013	2416.887169	58
2132	2782	226.8471387	94
2135	3003	2012.924328	67
2137	11286	319.3236352	180
2140	20275	1654.390932	45
2141	14106	338.6440603	110
2142	7410	1295.637395	53
2148	1103	339.8109476	72
2149	5245	210.485977	141
2151	18586	287.8186302	121
2159	6049	2133.882082	65
2162	17570	594.8706239	53
2165	2142	2245.409314	54
2165	7468	2337.87507	47
2167	20644	433.5458354	144
2168	11981	1053.952012	87
2170	18299	1062.303702	101
2174	20011	858.4718527	112
2179	22725	1042.569059	47
2180	3910	2920.380384	148
2185	16812	204.4364853	237
2194	18571	1852.352167	79
2202	12713	3976.236598	92
2203	20942	1612.008813	52
2215	559	822.4056791	110
2218	23748	852.7586391	64
2219	16506	3546.81924	86
2228	12590	3664.977211	61
2230	2851	1659.222128	74
2233	17628	266.9205203	136
2241	14888	1262.728714	85
2247	3759	712.6022145	60
2251	5858	3285.164884	77
2252	17959	893.3975142	74
2256	10933	705.9469545	94
2257	2185	288.4466798	173
2270	11216	593.225677	80
2276	5805	1889.578456	50
2276	13291	2216.710416	47
2277	17121	909.899156	83
2278	7188	2061.767258	51
2281	8168	4622.299644	19.09611913
2286	17254	1206.467999	62
2288	2738	1844.125119	72
2288	21869	1632.518739	78
2289	20389	2201.630566	167
2291	1914	2313.088467	43.0647448
2292	13663	1188.518746	89
2294	9160	1332.311189	90
2295	15351	1259.74776	110
2296	11842	1116.804226	81
2296	22379	1007.54866	73
2296	23451	1199.566701	70
2302	9424	393.8643168	123
2302	14086	491.2134854	107
2303	2261	373.7514479	128
2303	11116	361.214551	118
2308	3378	1503.484961	50
2310	17349	946.8185213	60
2319	8917	1538.907836	61
2322	9265	1170.133114	60
2324	14579	1595.142544	64
2325	16499	437.262293	117
2326	1172	661.7425601	103
2327	11589	664.6926039	95
2328	5323	972.8697206	73
2330	3507	2103.052926	60
2332	22477	1155.479373	131
2341	10009	184.3149338	106
2343	16912	477.1664791	141
2353	6514	2516.602043	138
2356	8565	2603.607569	60
2357	11452	397.9180339	151
2383	18493	1392.967234	114
2386	24345	841.7244033	102
2391	4520	1743.141367	96
2394	8133	2964.922021	38.58293741
2397	19548	1050.474089	49
2400	5362	1188.322563	76
2401	3130	3441.059517	73
2416	3662	4304.354113	46
2417	20171	1866.322234	70
2417	22097	1920.900466	67
2419	20525	699.9627218	82
2421	2470	2956.517598	36.1209642
2431	10437	824.5831401	63
2439	16431	329.3879746	130
2444	2857	1404.370736	59
2450	1428	1861.706236	51
2451	11057	1950.010607	38.58293741
2451	17400	1922.407034	39.44033602
2452	7471	920.8153088	108
2454	12891	402.5075194	184
2455	20789	925.5206816	68
2456	19611	2769.822391	131
2463	16101	213.1111241	158
2467	7095	538.2127122	71
2472	16563	1056.665541	94
2473	4354	2239.334457	30.2968022
2475	17559	2521.566569	149
2480	24365	1762.878493	79
2485	10257	2738.358558	56
2486	23037	1275.672736	64
2489	5317	1552.032378	192
2495	16532	1902.395295	88
2499	16130	343.9186776	153
2501	17435	506.500337	120
2504	11996	801.1586355	83
2504	19839	1168.744717	64
2506	17177	944.6233185	53
2508	14723	1026.798475	57
2508	15606	1044.343463	57
2513	21989	326.9673362	124
2516	14518	932.1539123	90
2519	14124	1242.698005	133
2524	17887	609.5781988	88
2534	16854	3738.326449	20.85097594
2536	1779	1769.630794	80
2538	4043	923.9413762	95
2538	19446	1054.725701	95
2539	19099	2140.349194	59
2542	6437	1767.626045	85
2543	12241	1788.575947	14.99500512
2549	13312	2431.542009	27.74696714
2553	23661	1101.508629	131
2554	21716	724.2302492	131
2556	15468	197.9223403	100
2557	1808	1509.273477	64
2557	4876	1300.401521	76
2557	14561	1519.90684	59
2557	17750	1453.122113	72
2559	6082	1404.549677	68
2566	1006	1002.456082	118
2566	7773	1230.895072	104
2566	11185	1105.397289	117
2568	6882	968.2807074	72
2569	388	955.3373021	86
2587	5181	3572.143215	49
2589	6127	839.8985086	103
2590	14380	892.9881908	97
2595	9809	1507.976149	29.63817606
2597	14626	181.4335597	153
2599	15376	983.0664783	43.0647448
2605	4019	1785.188995	26.5536902
2607	19530	2019.119121	80
2610	22687	321.6026677	162
2615	14372	1265.123238	125
2618	18971	310.9206022	111
2625	15207	1463.206038	73
2625	20365	1434.079053	70
2626	5497	2447.929296	78
2626	9505	3905.448982	77
2633	2400	227.0530451	229
2636	7436	464.533926	75
2640	11415	590.3254714	108
2646	3958	348.2562936	89
2659	18585	1510.930101	68
2659	21250	1497.039026	68
2661	2789	2070.322927	87
2665	2540	961.5837056	2.41927497
2665	11865	1160.790009	4.099896205
2665	20491	1207.454487	2.029189886
2665	21443	1159.730699	2.074282994
2667	19388	221.3221253	117
2671	9370	929.913163	47
2672	23432	288.023118	93
2673	2259	5010.579135	58
2675	19028	808.4885048	103
2676	19789	532.1931002	76
2679	19450	883.6320593	69
2682	6999	181.3974497	102
2688	1441	187.0500013	94
2688	13896	249.6916705	89
2688	17592	254.2153706	89
2694	12407	3413.56342	88
2694	14839	2485.0186	88
2695	319	998.2206505	20.85097594
2695	415	1012.947986	18.27487772
2695	588	806.022488	21.31433096
2695	4889	998.2206505	20.85097594
2695	9637	1001.511894	17.87759777
2695	11128	1001.858057	18.68098611
2695	11298	801.1318037	16.37298599
2695	11610	778.2721225	16.73683012
2695	13831	1001.291739	17.87759777
2695	14940	925.4382394	21.31433096
2695	23143	999.4983465	18.68098611
2695	23757	1001.858057	18.68098611
2696	14220	282.5271926	106
2701	7052	950.4863209	59
2701	14078	801.1865333	61
2701	15572	939.5688311	61
2702	5813	671.617319	104
2706	21740	1677.267999	60
2710	7998	583.6799296	21.31433096
2719	16158	1350.831914	14.03817541
2721	17334	1017.891945	89
2722	13239	307.9470753	99
2724	8117	281.4806066	182
2725	6305	1420.393588	79
2730	16042	539.4008411	32.36180563
2734	7364	586.078366	100
2734	10650	703.1922259	101
2734	11627	788.9291898	85
2734	14808	813.9249537	88
2734	21732	942.1033092	81
2738	8593	988.7401661	82
2738	22449	901.7184169	79
2739	17508	701.8842189	88
2743	1524	848.085392	97
2743	4954	693.6440343	100
2744	19632	703.0130889	50
2744	24115	663.7790621	53
2752	2830	4195.333175	2.82164555
2752	13017	3448.59273	4.010768026
2752	15008	5287.239573	2.948445424
2757	18145	193.9955569	148
2761	14415	1689.462072	57
2766	1776	2104.057321	52
2769	8143	485.3710144	59
2777	193	1389.826686	12.30378567
2783	21836	1121.823608	24.859302
2784	161	230.7447526	152
2784	20405	441.4206118	137
2784	21611	492.9688071	121
2788	23704	656.9243933	62
2789	21024	2605.055265	44.02173913
2792	16703	1023.516675	55
2801	1882	557.2664885	67
2803	3946	371.782139	139
2809	4684	1169.769863	61
2811	21075	2053.282655	105
2821	4247	508.0135983	110
2825	7952	539.4758423	95
2827	1951	668.901773	30.2968022
2837	6999	181.3974497	102
2838	7876	667.513173	138
2844	7640	2509.526173	75
2850	15687	343.417794	144
2850	22418	387.7981906	139
2851	14321	1432.685275	36.1209642
2852	15874	442.9703475	116
2854	22871	1188.220373	106
2856	11566	626.8171254	96
2856	19379	691.2257084	94
2857	517	1997.966043	107
2859	21471	1112.976855	123
2863	19066	592.157457	42.1285547
2866	9347	1642.842345	96
2867	9924	299.7347792	136
2868	16309	1320.397589	35.33572585
2870	8064	1651.904697	161
2870	18135	1951.678354	155
2873	17075	1415.911065	82
2875	12630	218.7690415	172
2884	13022	1137.886852	73
2888	19734	1521.924801	75
2895	6698	2138.236621	140
2909	22500	874.7762511	107
2914	10580	2166.838218	73
2915	20017	206.2442915	83
2916	3737	817.2762349	88
2918	3443	873.0497646	52
2919	23373	2211.937054	36.1209642
2922	2149	976.8910152	105
2923	23101	1073.521079	79
2931	10373	596.6797525	158
2931	22366	599.7334562	167
2937	19907	1367.239993	28.99386789
2942	22461	286.9838515	91
2944	11458	3231.064574	84
2946	16587	401.2849748	150
2947	3996	370.1573609	120
2948	13674	1314.259965	90
2948	22651	1478.813852	84
2950	22028	186.1025459	160
2953	8083	1161.387069	70
2955	14690	692.5025325	136
2960	6162	1636.733629	61
2961	19152	4031.845617	53
2966	2991	1444.912492	59
2968	11064	333.6802283	102
2969	7599	437.5125406	108
2978	17398	754.9498111	129
2981	21315	571.4483937	115
2982	3257	747.2377114	98
2985	12613	655.3141818	90
2989	22919	884.4712586	72
2990	12661	756.0265114	76
2991	10472	1015.768674	112
3000	11013	523.7541338	62
3002	2743	1388.256134	88
3003	1415	510.3671856	84
3003	5796	518.5749452	78
3003	7406	558.2102734	78
3003	10494	602.0463906	74
3007	9252	324.9877205	137
3007	12626	332.9442543	136
3008	19770	327.2910507	125
3009	18429	460.649111	129
3010	12097	287.9446293	149
3015	6415	1555.753181	9.044911183
3019	20089	1642.800353	59
3021	13959	783.5077422	115
3034	19122	195.6097945	122
3036	22804	918.9365516	59
3041	18095	593.1762539	145
3043	10603	1490.165671	37.7441779
3045	7126	650.4887297	109
3049	15385	582.7133126	95
3051	62	574.3137507	110
3051	1026	618.9938845	93
3051	1054	544.3103336	99
3051	1412	560.3866424	108
3051	2054	551.9113365	109
3051	4053	682.3212535	105
3051	4596	466.1271602	115
3051	6913	535.337298	108
3051	6917	593.9294738	109
3051	7256	500.4617287	115
3051	11700	492.1089114	119
3051	11728	505.9822847	117
3051	11847	600.584403	107
3051	11916	493.8276501	118
3051	12079	631.6456135	101
3051	16438	658.0967146	98
3051	20619	749.3127842	95
3051	20853	656.9971504	106
3051	21623	477.0553322	123
3051	23600	424.8586374	113
3051	24116	563.2951887	114
3057	13037	615.3330946	111
3058	2714	868.5759542	76
3060	3192	1476.588446	60
3064	12039	492.2254267	155
3066	24406	5451.248919	25.41173093
3068	6445	1048.0165	68
3077	109	2311.086427	80
3082	3163	838.0264802	92
3093	11947	324.2268615	103
3094	3767	1029.502456	52
3098	1215	420.859049	125
3103	533	1164.074203	60
3104	18668	255.1696617	126
3104	20388	239.1956989	126
3104	20773	251.3263926	123
3104	21566	251.0380314	129
3104	23458	258.5424239	126
3107	2845	2025.739252	65
3108	7623	1308.963796	95
3112	13170	1157.45344	83
3114	17171	220.4076957	115
3128	9385	938.3271711	104
3129	2073	971.2820755	80
3131	8813	821.5670506	88
3137	16957	1449.228405	224
3139	13138	799.9245369	59
3142	24386	224.8471161	244
3146	18127	440.2491774	64
3154	23127	365.1399159	181
3155	8748	592.0131689	77
3157	21105	2127.704374	61
3158	188	1571.867835	2.884348785
3158	2597	1054.519956	3.149408876
3158	10609	1572.44528	2.884348785
3158	11000	1572.44528	2.884348785
3158	13823	1558.641318	2.884348785
3158	15446	1009.286005	4.37934153
3158	17072	1068.315031	3.149408876
3158	19691	1572.44528	2.884348785
3158	19773	1572.44528	2.884348785
3158	20243	1549.272716	3.593361866
3158	20677	1510.537721	4.191005009
3158	21076	1551.08599	3.593361866
3158	21296	1561.337712	2.884348785
3160	13471	1784.07746	83
3162	17814	1351.111738	76
3169	17033	1139.760214	47
3172	2140	515.2314748	166
3176	3152	185.3069064	188
3178	12928	6802.958544	40.31678793
3179	4123	1319.486998	88
3189	1006	723.8858527	146
3189	7773	925.4912644	120
3189	11185	776.4604849	141
3191	12375	922.7051991	43.0647448
3196	4636	1038.040707	38.58293741
3197	8743	1624.400539	51
3198	20667	1809.848794	132
3200	4238	1981.462949	42.1285547
3205	13781	1052.100537	82
3210	12816	390.4830076	156
3216	1340	331.9483079	117
3216	3950	265.9307827	127
3216	10367	339.7545758	115
3216	19500	329.7934993	104
3216	23551	364.5699163	114
3222	13496	1299.226202	30.97006447
3224	8353	1584.325687	71
3227	2983	1078.663856	83
3232	1837	2086.174591	94
3233	17413	406.7231991	96
3236	13357	1129.645083	133
3254	8751	1998.114336	56
3255	1137	1027.122177	16.01705151
3259	18212	1010.424095	123
3261	12890	1146.560211	62
3262	6218	1296.246955	52
3264	15637	903.3195573	69
3269	24104	1589.463995	65
3270	16155	1453.230709	66
3277	18854	1250.604069	80
3279	16211	625.2049928	104
3285	16823	1150.96485	69
3289	4377	1649.548294	43.0647448
3297	1368	1083.412569	110
3297	5234	1508.295983	106
3297	19248	1497.207701	103
3299	16929	352.7355363	135
3299	19767	348.7126401	156
3303	4300	3211.870033	48
3308	14719	534.2528132	140
3310	23234	252.6516787	109
3311	19789	526.0399345	82
3314	8180	587.4457415	121
3315	14871	1159.747079	51
3324	11566	533.6694268	94
3324	19379	863.7214566	76
3326	9675	3405.245937	19.95426572
3337	24021	1492.357023	49
3341	20630	728.8409125	95
3343	19463	3605.542244	55
3345	23158	1519.686634	73
3348	9187	411.1430451	121
3349	15940	3659.458392	23.27303253
3352	15804	230.7423757	182
3354	1557	387.307589	116
3356	22075	1092.191065	53
3358	13866	1681.405374	51
3360	4175	674.4759359	95
3362	1499	1244.850512	86
3362	11984	1254.669634	87
3374	19039	2878.756205	59
3378	19913	2245.902589	56
3382	9394	531.8523589	60
3383	8022	630.2084194	112
3383	8312	466.3991205	124
3383	24206	366.3164105	132
3390	15108	1752.900888	11.02331373
3393	17692	1161.425947	71
3395	15577	1846.355707	79
3396	11357	670.2182737	119
3403	2208	767.4272032	71
3417	12612	231.9143076	179
3419	12010	328.2325014	103
3428	13869	3875.830221	46
3432	22411	2329.498428	70
3435	9445	193.1737556	136
3438	19085	742.7278059	31.65828812
3439	15158	986.4510577	106
3440	20800	637.0393305	74
3442	10730	1007.533518	30.97006447
3444	14864	184.9716543	137
3444	21870	187.9745728	139
3450	14597	1015.971032	83
3455	7936	1509.874462	62
3456	15500	547.7279871	121
3469	8466	406.6147547	52
3473	8124	1852.552515	93
3478	120	837.2651208	47
3481	12559	318.9685519	166
3482	10224	1173.493733	131
3486	14613	2393.374513	68
3489	21442	504.1006884	159
3490	18425	233.2165081	298
3492	15715	601.7153676	89
3494	7872	469.3938053	102
3505	21665	948.1681582	147
3506	20041	723.652554	45
3508	4586	2964.374752	53
3509	7270	1025.380163	44.02173913
3524	5155	1407.441151	82
3529	20686	548.6523756	95
3530	6341	218.4580799	90
3532	19998	294.534293	180
3538	2005	219.4022554	132
3539	4533	425.3189771	138
3542	12640	461.2464314	98
3544	19270	202.6808486	117
3547	24394	982.3868799	103
3551	22078	632.0275439	89
3558	20724	1935.274391	95
3560	20456	1014.99444	79
3567	6284	547.2743222	122
3570	19787	570.3900954	135
3584	4255	527.3370758	77
3585	12950	1473.234095	90
3585	13790	1474.002073	83
3585	19888	1659.322885	79
3594	373	2765.904892	60
3595	319	998.7680372	17.87759777
3595	415	1012.947986	18.27487772
3595	588	806.7437891	17.48895434
3595	4889	998.7680372	17.87759777
3595	9637	1001.511894	17.87759777
3595	11128	1001.858057	18.68098611
3595	11298	801.1318037	16.37298599
3595	11610	778.2721225	16.73683012
3595	13831	1001.291739	17.87759777
3595	14940	925.4382394	21.31433096
3595	23143	999.4983465	18.68098611
3595	23757	1001.858057	18.68098611
3596	8811	1273.844816	81
3597	20731	281.7249461	88
3598	8967	1633.993279	94
3602	5707	354.2698576	103
3618	18928	1072.933099	63
3618	22284	1007.594501	71
3620	23599	4115.953437	41.21271655
3621	21619	1556.1201	67
3637	1342	1683.1742	58
3637	11791	1683.572305	58
3638	10573	322.4397973	96
3639	14343	5223.48724	55
3640	4603	628.2411099	108
3640	23196	895.6954162	90
3641	19916	1492.261941	81
3649	19580	885.6234844	63
3650	6767	1602.302895	65
3661	20586	1313.366734	69
3662	12673	766.1430448	102
3662	17949	980.2094827	87
3667	10841	1178.925073	143
3669	12390	366.2700716	115
3674	6130	810.7035872	116
3674	21079	693.8263251	111
3675	5570	1322.541	24.31888239
3681	10055	1438.556878	34.5675579
3688	22315	664.4747928	84
3691	3197	338.3994625	117
3692	6154	23383.46814	53
3699	23001	594.4193028	87
3705	21425	2112.302109	25.41173093
3706	18952	429.0929078	161
3710	22914	1149.730438	52
3713	6872	2058.697867	65
3717	17360	1244.195091	29.63817606
3721	19970	1617.36258	32.36180563
3725	13925	568.7350002	149
3730	18501	2111.000533	79
3732	161	550.5952727	125
3732	20405	493.7160503	126
3732	21611	502.9113569	128
3741	18683	502.0923966	142
3748	15923	2515.194235	35.33572585
3749	10504	3950.587393	50
3751	12332	367.9339398	114
3752	18042	1885.985228	69
3754	22659	1487.283725	83
3757	16237	895.3161287	86
3760	20425	1796.080238	80
3768	4148	498.2377055	166
3770	12110	501.3926798	90
3770	13840	482.0660464	99
3777	9222	3519.183006	33.08095687
3782	20620	558.0569321	134
3791	12656	628.1978767	85
3800	19930	407.340077	94
3806	7148	970.4236821	34.5675579
3806	17050	910.7865605	36.1209642
3811	15534	1947.109729	84
3814	4623	706.4158066	96
3819	12747	1087.822681	62
3827	10094	394.0563367	137
3831	2011	490.9886845	37.7441779
3831	7407	495.1910207	42.1285547
3831	13459	456.0700499	45
3835	9522	753.1342877	143
3840	6503	3477.095068	83
3842	20540	3567.240887	22.76709704
3845	12171	1820.742187	27.74696714
3847	21841	398.1686939	102
3855	17078	1072.278732	87
3856	11530	1765.5469	99
3858	21210	11051.61586	52
3860	15731	1812.059892	46
3861	13946	191.8651688	135
3868	4221	1126.827427	94
3869	5705	518.1459942	113
3874	13161	1562.58604	65
3877	10059	2676.604396	84
3881	5330	575.9344678	133
3881	6916	531.109423	130
3884	21542	1596.014488	38.58293741
3886	11515	2065.327664	70
3886	14055	1436.474249	61
3888	16101	214.0240229	157
3891	15293	869.0921093	81
3896	17378	2239.839607	42.1285547
3904	1296	1398.688587	76
3910	1532	1865.111492	55
3915	11229	1792.39575	57
3924	9399	270.8812407	138
3924	11647	261.2577482	139
3924	15492	279.3925714	134
3925	11476	972.5216397	87
3926	721	1046.29251	41.21271655
3927	14950	1465.089514	61
3933	8899	691.6709791	110
3937	4666	1888.192554	30.2968022
3939	15900	1579.782881	55
3941	1221	234.4623282	211
3944	3623	202.7691786	173
3946	3436	1838.122268	8.848282679
3948	14296	888.0949746	33.08095687
3950	21084	1286.679242	97
3952	18436	690.5624903	72
3954	3150	852.3110331	146
3956	15510	1595.127818	16.01705151
3957	7606	275.1589105	101
3963	8496	1726.807337	91
3964	16571	559.7223643	113
3969	11590	1232.538506	59
3973	20179	212.3054315	142
3976	10819	2488.338753	99
3983	3467	2368.774094	49
3984	4226	3542.060685	36.1209642
3984	9056	2755.990074	33.81608925
3986	6052	1348.173239	98
3990	7940	516.0471439	103
3992	1071	823.3197015	79
3997	7511	1758.039306	62
3999	24216	213.4123738	217
4003	3190	1144.548098	24.31888239
4005	3619	182.7429602	176
4005	21605	230.1070785	173
4006	15770	483.447794	132
4006	17829	476.9269219	127
4006	20199	417.8710992	136
4010	2864	187.1095836	184
4011	16127	1163.817819	96
4017	5850	188.2755671	221
4020	15954	1392.303156	61
4042	12529	1064.301893	58
4043	20146	673.2398973	98
4045	14647	1434.46995	106
4047	17267	265.9240139	99
4055	9049	1265.120513	46
4057	17941	782.604114	111
4059	17496	2288.870842	71
4059	22174	2457.267275	69
4060	24398	1222.638554	74
4061	11685	2169.057168	26.5536902
4066	2019	1785.562157	79
4072	13341	1345.943396	139
4076	2237	293.5160466	229
4077	15058	1630.340544	139
4079	23702	1279.903952	83
4081	8120	507.4784424	119
4084	20187	411.3424177	103
4086	15886	261.9044097	88
4094	18521	2290.921234	43.0647448
4098	4047	2045.831928	76
4099	12921	4862.485936	33.81608925
4103	12664	435.852412	71
4109	7435	714.1451551	162
4112	9154	1048.033084	55
4120	15368	5805.539547	70
4132	22022	410.4161538	106
4140	23693	1021.193221	105
4142	23080	782.777815	110
4144	19696	428.2482156	132
4148	3259	198.160103	84
4151	13593	402.146644	153
4153	5538	511.6607891	140
4165	13428	1442.934644	111
4168	13809	687.5273149	96
4169	5991	1379.440146	78
4170	13521	1576.353884	51
4172	10201	1235.40651	77
4173	8456	1005.042086	50
4175	22556	1966.344043	6.363253428
4177	20753	606.4718374	114
4181	23204	278.1010313	174
4182	8158	201.1838697	81
4187	11708	3342.708846	50
4189	778	5156.02271	71
4190	1139	1045.045994	95
4197	19314	1319.185981	96
4201	319	798.9018263	14.99500512
4201	415	787.66763	16.37298599
4201	588	628.9928073	16.01705151
4201	4889	798.9018263	14.99500512
4201	9637	798.9018263	14.99500512
4201	11128	787.66763	16.37298599
4201	11298	790.6123206	14.03817541
4201	11610	756.4864387	14.66902675
4201	13831	798.9018263	14.99500512
4201	14940	734.6411235	20.85097594
4201	23143	760.0505207	17.87759777
4201	23757	787.66763	16.37298599
4204	19919	1072.408003	30.2968022
4211	22344	435.0179824	45
4212	19729	383.2167532	117
4214	19343	2442.66875	31.65828812
4217	1160	1834.9119	53
4217	4010	2085.563834	58
4225	12037	1796.782211	78
4226	10772	1368.084923	96
4227	11252	207.275207	214
4229	16450	565.3621238	39.44033602
4235	13466	5398.292586	59
4235	22868	5375.373285	60
4238	18299	1357.911415	97
4245	12520	1157.742068	87
4248	14671	380.7633216	108
4252	15405	1046.127274	115
4255	14899	1302.446769	91
4258	3306	1042.136045	80
4259	17736	1549.821194	37.7441779
4262	15345	2712.025886	32.36180563
4263	507	2030.340552	61
4264	13188	568.4399435	60
4265	5248	884.6026489	89
4265	13554	781.314659	102
4265	15215	932.7669722	89
4266	10785	1109.694366	63
4270	8086	678.9431736	54
4272	3548	219.8642587	120
4273	617	522.3098204	78
4277	11736	560.6466842	132
4278	19513	492.8498145	116
4290	16165	644.8096964	123
4291	18129	1975.100612	81
4293	14540	616.5638851	112
4293	15246	433.3892558	113
4296	15182	768.3094282	141
4301	812	270.6904324	188
4305	419	1148.891126	106
4312	20107	621.870823	70
4313	14000	909.554259	100
4314	16490	4174.447363	54
4319	14767	4077.507759	28.99386789
4324	20334	632.0235032	91
4325	9612	1523.206624	75
4326	17858	358.5773351	117
4328	4602	1305.837459	72
4330	12542	628.0883097	110
4330	12942	1003.788545	100
4330	18907	852.0519593	114
4333	2599	505.5027699	70
4336	7010	220.3262844	105
4339	21841	367.5314603	110
4341	900	1701.89393	120
4354	10520	3159.964721	33.08095687
4357	9340	4323.347713	18.68098611
4357	10574	4838.595014	16.01705151
4363	15375	739.7358237	56
4367	171	1527.67818	127
4369	24342	1987.857447	67
4378	9875	697.9391059	54
4379	21207	889.6741913	37.7441779
4383	3072	224.9609469	270
4384	14025	263.3981649	97
4385	16862	2165.705942	62
4389	17060	777.3404682	75
4391	5406	497.1648123	78
4396	23376	2217.165439	60
4397	22261	3158.50015	80
4398	13179	406.3918262	77
4400	20359	1276.953372	97
4401	9856	737.8640667	86
4406	18086	879.09255	102
4409	15025	1536.661492	62
4411	12063	1165.576335	41.21271655
4412	6511	1447.539074	53
4413	16532	1325.782594	98
4414	17245	765.5709236	112
4414	20290	672.1980716	117
4415	259	2804.928644	56
4420	15409	275.1267704	70
4427	17544	189.3813921	95
4431	2893	1504.897424	56
4432	17867	1027.88617	92
4436	11003	810.0436313	67
4437	9486	19490.99056	40.31678793
4438	15880	1093.373501	77
4441	16527	383.9601022	128
4445	3740	778.5719469	107
4448	1032	1095.36047	106
4450	1757	1108.090789	112
4452	4229	610.7665364	106
4453	8675	678.6503278	80
4454	6170	2926.281048	64
4459	14884	2641.667855	47
4461	3755	947.1987672	42.1285547
4463	21901	1580.204368	80
4465	19577	1691.003292	65
4471	10376	1270.427093	98
4472	8993	4223.444976	48
4477	17073	1072.305035	36.1209642
4485	5381	859.0827386	86
4487	8886	648.2250887	93
4489	1294	824.2130781	99
4490	14623	2994.320044	24.859302
4493	771	2859.704697	60
4498	12152	509.8708581	51
4503	4391	1181.477482	94
4504	32	688.1879679	102
4507	6208	737.0374988	50
4513	7995	1929.13091	41.21271655
4517	23730	300.0810784	163
4518	8391	664.55128	111
4520	12342	726.5165514	77
4527	20502	1103.673325	62
4529	22077	1272.154434	29.63817606
4535	22798	232.9572619	106
4543	145	2948.070058	46
4555	62	544.6735944	124
4555	1026	484.0130501	109
4555	1054	476.1872268	115
4555	1412	597.6325626	119
4555	2054	532.2050343	116
4555	4053	603.0172779	119
4555	4596	625.3809363	108
4555	6913	515.7473257	110
4555	6917	498.7413294	118
4555	7256	457.7848827	129
4555	11700	687.6310313	94
4555	11728	471.5025356	131
4555	11847	618.2981957	112
4555	11916	699.3983898	98
4555	12079	561.5710448	122
4555	16438	639.7302023	91
4555	20619	710.7466273	107
4555	20853	630.0370392	113
4555	21623	480.0268908	125
4555	23600	496.0193312	118
4555	24116	610.4740328	120
4559	20248	1227.531444	72
4561	9150	518.8406159	64
4562	20733	2014.009371	46
4563	8945	920.0440134	108
4564	4603	594.4395068	95
4564	23196	796.7086778	89
4567	3036	3365.314694	45
4569	5826	2298.840305	57
4571	20008	1393.753669	52
4574	14262	1260.890497	7.102411153
4578	23348	953.7432712	98
4578	23790	885.5606993	96
4580	7830	260.95485	90
4582	4622	798.0740732	122
4582	14788	928.9868364	115
4585	21089	932.1286286	85
4587	774	277.9653571	128
4590	311	429.7480764	163
4591	20017	198.7088722	79
4592	7387	2319.753241	54
4597	4630	782.0055005	114
4597	6124	399.6999556	132
4599	1465	1303.048011	39.44033602
4609	8358	474.4204189	134
4611	12293	481.0539101	107
4611	22593	571.8797931	97
4618	8404	1155.135197	23.79021103
4621	432	935.0507772	51
4625	5901	2000.433703	143
4626	15014	447.7003017	129
4627	15794	939.8544225	37.7441779
4628	15494	514.9572223	121
4629	6275	1086.464349	138
4629	9921	1045.135975	140
4629	19431	1052.877172	144
4634	8046	934.4354021	95
4634	20882	582.8373194	123
4637	3842	1223.700487	109
4641	652	1670.885579	72
4641	5022	1633.946583	74
4644	15039	1350.586624	108
4645	24161	2014.399588	107
4646	11500	641.9528691	93
4647	11560	540.7485095	138
4649	14890	1040.984298	88
4651	6875	389.8988902	117
4651	8439	535.7719501	112
4651	10544	503.1922726	116
4651	11067	542.1843934	110
4651	13634	608.0017461	94
4651	13664	537.3840349	111
4651	22046	445.9953462	105
4660	8721	2079.79112	36.1209642
4661	6903	941.761188	59
4661	6989	946.4531265	61
4661	8895	939.8321329	59
4661	11836	903.2426904	62
4663	9729	3180.168805	30.2968022
4667	11071	249.4942233	172
4676	15362	297.8501218	173
4681	14824	496.7322464	120
4686	17642	1382.623246	69
4688	551	189.8309926	213
4694	464	227.4379542	135
4699	257	1522.154602	39.44033602
4701	19994	2181.608622	66
4702	11049	1062.738275	91
4705	15917	387.7851965	97
4709	18026	5305.554219	49
4715	1539	214.1235675	180
4718	16407	638.2090977	101
4720	5818	884.3552366	133
4726	10646	1005.99535	90
4726	15258	940.617284	99
4726	16972	1054.813824	102
4727	6465	1686.091257	25.97643606
4729	11141	828.3618697	90
4730	17106	357.912982	169
4730	22522	462.5893989	169
4731	3776	2058.828429	54
4734	15000	734.707469	115
4735	3354	711.2723195	112
4735	13826	715.6230353	103
4739	10840	1989.4872	109
4743	17958	1248.785694	95
4746	3778	1235.597529	89
4753	5597	464.0483656	152
4755	10018	237.800348	162
4756	16658	667.3207253	90
4765	16837	182.8541433	163
4770	22065	564.2557426	92
4797	13955	229.1103614	146
4800	3804	517.9024113	76
4801	6999	181.3974497	102
4802	16303	231.7215893	193
4810	2034	196.5965873	111
4810	2870	256.4574493	80
4810	4213	272.8466648	83
4810	6770	212.2860514	102
4810	7361	258.707299	84
4810	7768	211.4417276	102
4810	11044	252.1748577	81
4810	11671	252.1748577	81
4810	11859	215.4512276	103
4810	21459	280.250637	76
4810	24167	225.6333675	104
4813	1702	1103.085347	25.41173093
4827	21967	580.7906114	138
4838	9603	1100.585957	118
4840	16240	604.0989371	27.74696714
4841	8148	1460.936786	61
4842	5401	509.204154	40.31678793
4852	6735	602.4021162	172
4858	22976	314.0025504	121
4859	16743	1654.679109	56
4869	10760	3127.343898	42.1285547
4871	23447	346.5933955	124
4875	7676	824.9650638	17.48895434
4876	21726	425.6207972	174
4876	23129	328.1496536	173
4880	3221	1660.858088	30.2968022
4886	17581	2208.721258	39.44033602
4887	5884	323.9665305	126
4890	11584	281.4570891	150
4892	16545	2404.003775	47
4897	17209	1985.226013	58
4898	9694	3004.184947	95
4898	9923	3034.11388	94
4898	10225	2124.001491	103
4908	16724	182.2279338	112
4908	21351	256.8224513	112
4911	11221	1443.955037	98
4914	3821	461.2649881	93
4915	8074	1868.677548	71
4916	21822	1593.151601	86
4917	3882	678.4092155	74
4923	4797	1985.697744	37.7441779
4925	10430	333.3424331	92
4928	17887	772.5141638	72
4932	8807	1344.576909	27.74696714
4938	19110	511.7441346	145
4940	21677	509.9645701	118
4941	12017	1138.646726	80
4942	22385	1578.907117	40.31678793
4946	7614	743.8275645	69
4954	15049	510.0154082	109
4956	8950	288.6750363	140
4956	14499	347.7278842	131
4956	20077	312.5764099	141
4961	23277	515.4530613	93
4964	4550	192.0032543	146
4965	6875	519.7657259	97
4965	8439	530.2461219	92
4965	10544	608.4075266	91
4965	11067	670.032042	97
4965	13634	551.9984947	96
4965	13664	658.4023613	99
4965	22046	470.8255545	117
4981	4672	480.3879308	100
4981	6147	302.3148038	112
4986	19013	261.9688884	110
4989	17482	2102.289773	85
4989	18485	2103.151148	85
4994	822	612.2049843	89
4995	4714	1218.580462	163
4996	226	2262.920859	56
4996	17832	2240.261121	54
4999	8613	490.3256915	349
5000	23203	501.6548001	258
5001	13553	2457.663484	39.44033602
5004	4445	2382.623177	48
5010	4494	987.5549046	87
5011	12362	319.7995143	114
5013	17596	1546.946671	120
5014	14030	1774.909833	35.33572585
5019	1210	877.2302694	114
5024	15495	1739.687433	60
5032	17271	2611.137782	74
5040	6027	181.6255149	215
5040	16903	224.1039387	169
5044	920	823.2838881	112
5048	2305	266.2997785	105
5054	9575	2888.652471	35.33572585
5056	748	958.4342489	83
5057	20206	735.1252993	30.2968022
5059	1440	1302.279793	66
5063	19621	235.37313	155
5066	5021	2200.008856	73
5069	188	1519.657038	4.37934153
5069	2597	1044.825883	3.21939574
5069	10609	1520.654226	4.37934153
5069	11000	1520.654226	4.37934153
5069	13823	1506.900351	4.37934153
5069	15446	999.6440064	4.37934153
5069	17072	1058.618612	3.21939574
5069	19691	1520.654226	4.37934153
5069	19773	1520.654226	4.37934153
5069	20243	1499.162354	5.107707762
5069	20677	1461.53019	5.701020867
5069	21076	1580.736614	2.884348785
5069	21296	1512.699289	4.37934153
5074	1025	553.2426105	132
5074	21030	383.3857919	142
5076	22516	3203.991409	33.81608925
5077	10112	1144.04749	49
5083	3044	1064.552119	94
5089	1128	1663.810774	63
5090	10970	1427.485962	51
5091	5792	295.3320766	151
5091	8992	406.0556073	138
5093	7188	2030.112788	49
5096	5160	2530.824339	57
5105	18320	19156.55001	46
5106	1156	1217.696875	97
5111	5594	1702.194174	134
5114	7855	2736.707203	17.48895434
5119	21545	1988.703945	65
5122	5811	2549.185714	36.92365229
5122	20108	2729.263843	33.08095687
5129	12702	2395.935659	56
5130	9273	2615.144403	119
5132	20796	480.503077	91
5134	20191	999.5693027	95
5135	7876	624.0321857	134
5141	3388	329.960455	101
5142	9528	981.5720479	101
5146	15267	563.1006936	95
5149	3523	1090.653735	147
5150	15072	2736.303157	26.5536902
5150	17194	3845.579495	28.36356641
5163	19713	1404.54557	105
5164	5308	3203.772965	70
5167	6510	4987.272704	78
5174	1347	2408.336452	42.1285547
5177	3849	1242.863693	71
5179	2567	3237.885959	64
5180	8634	1495.418189	25.97643606
5184	13036	184.0960247	289
5194	5689	1698.487029	97
5195	4884	718.5170366	116
5201	12952	1560.956785	66
5203	13686	1418.605216	25.41173093
5209	9002	600.392676	145
5211	13889	360.5515063	123
5216	7470	442.481373	74
5218	7679	1382.406484	52
5223	110	826.6025803	98
5224	17463	1566.484526	76
5228	11763	1381.942627	32.36180563
5241	15770	528.2245754	138
5241	17829	558.6787437	106
5241	20199	379.4755423	143
5242	2575	1111.806262	87
5247	14684	2187.809522	30.2968022
5261	23018	215.3824375	187
5261	24042	334.5770493	151
5264	13673	867.5436395	119
5271	18658	352.4794681	90
5286	1235	1866.267222	11.51868239
5286	14604	1917.40724	8.848282679
5293	23338	1213.179202	58
5297	21410	793.8501769	37.7441779
5302	3420	1269.674803	57
5302	21485	1421.036821	50
5303	9334	490.0182221	116
5307	7257	6711.069487	46
5312	13964	810.9923817	66
5314	16911	491.986049	112
5320	11845	1556.98767	61
5322	18827	261.0779016	130
5337	1432	687.944787	83
5337	21126	695.3372385	82
5340	11278	1157.315319	70
5345	19776	3395.469732	29.63817606
5346	18209	760.6333567	68
5348	3918	1872.505385	48
5356	2927	389.3562794	114
5357	9373	627.5556963	119
5359	1131	270.5559137	142
5360	23410	2132.943253	71
5364	4831	458.5050625	80
5365	1427	1662.146413	78
5372	12497	1595.441049	63
5377	8887	1958.086539	46
5383	15096	2763.946758	70
5384	8203	1495.020177	77
5391	18939	351.132776	95
5395	10562	740.6468392	105
5401	23984	1095.617666	133
5402	9399	282.2647946	133
5402	11647	265.4257233	125
5402	15492	339.0476168	125
5404	13714	460.0832859	158
5405	1036	186.5899803	210
5405	19225	234.8046463	157
5407	10614	674.5195326	62
5418	8255	748.0392056	97
5422	23024	1460.663076	95
5427	7509	438.0047654	134
5428	1006	1067.060516	116
5428	7773	1271.484401	106
5428	11185	1255.926415	114
5430	9288	2184.720267	52
5439	7580	576.0706935	46
5441	9255	1709.768305	104
5445	12025	3262.636657	71
5446	756	963.0854826	79
5447	19817	863.1952622	155
5454	196	900.6605802	110
5454	770	909.4929297	109
5456	4149	573.5115423	152
5456	14429	673.3382344	139
5459	23135	458.0567289	78
5460	1844	346.6052746	117
5461	12880	509.9155151	116
5465	24213	440.2206722	129
5470	17251	733.2753082	93
5476	24124	1351.352407	20.85097594
5477	13683	1416.083244	33.08095687
5481	15092	866.563746	120
5484	19044	366.8715252	151
5490	939	3408.169487	79
5493	23433	1398.998564	72
5496	14796	1194.368221	129
5498	5228	1312.362844	96
5504	15868	1098.828003	144
5505	18416	902.4171849	69
5506	14762	1012.105214	95
5510	727	1052.587017	103
5512	17647	263.4323277	129
5519	2985	505.141105	152
5520	21418	959.5429752	119
5523	7285	722.3299146	125
5524	7964	464.8551499	119
5524	22322	503.3965084	122
5524	22550	589.9770503	105
5525	568	1058.4583	23.79021103
5533	7194	968.9063706	145
5537	17757	401.5912874	177
5538	3722	2657.478038	99
5540	5894	1063.776973	99
5543	14044	249.1684044	190
5547	3469	666.3107078	96
5551	2161	2194.635647	72
5552	16522	2287.786294	73
5560	8854	392.9826006	141
5560	16045	405.2394759	127
5568	14753	1056.330101	22.76709704
5570	11077	3529.559462	77
5570	21585	4707.882879	72
5573	19201	2646.398836	98
5574	18823	3951.333106	70
5577	1543	225.8378438	175
5580	20649	4488.073728	80
5585	418	351.209515	144
5585	5424	326.7128057	146
5587	20139	270.8257698	175
5587	21835	441.729914	154
5589	19201	2123.690706	106
5591	20129	2171.788805	52
5594	11432	1220.269897	27.1437722
5597	8854	303.3825211	158
5597	16045	651.8322089	111
5599	19362	450.0932016	93
5601	18881	423.5029953	102
5606	12363	586.839216	104
5609	16505	7394.947669	67
5611	755	1033.873706	36.1209642
5620	12373	2094.312529	53
5625	803	375.4755509	170
5628	12357	396.9573964	116
5629	8384	931.1100167	84
5632	20658	2437.020422	60
5636	2608	547.5507915	163
5638	17723	595.0077581	131
5638	23331	512.9702469	142
5641	4661	1033.065706	116
5643	4347	1782.15368	67
5645	6475	1166.464135	50
5646	11087	420.5482911	154
5646	11368	483.3154711	140
5647	9592	3223.938987	80
5651	8287	181.5915314	166
5653	21338	1637.521264	47
5657	6320	1745.392919	75
5664	15911	2865.132598	68
5670	6397	306.7507499	122
5670	8847	370.0257076	112
5678	8794	961.7110986	68
5679	11907	4713.613649	23.27303253
5682	14032	420.4934274	64
5685	5352	553.5446787	195
5686	17537	535.2394536	79
5692	11450	4413.844847	59
5710	12099	362.5588785	128
5710	23739	307.2947404	129
5712	6557	294.5526084	163
5714	5387	260.9120013	166
5715	10172	1011.260544	100
5724	3136	861.5924481	42.1285547
5735	1045	525.6515829	86
5735	13486	394.6774162	92
5736	15553	1842.760198	13.73299768
5740	20323	528.2551071	125
5742	1117	1143.60013	101
5742	8079	1267.429408	96
5742	8731	1183.686251	104
5742	22249	1082.048769	100
5745	8563	893.2697193	67
5745	22838	912.9950351	67
5749	23363	2031.092228	31.65828812
5757	4887	379.0279816	101
5765	1117	1168.173028	100
5765	8079	1236.634504	98
5765	8731	1146.493809	105
5765	22249	1113.112621	101
5767	16441	667.0507248	108
5768	9988	917.7155544	105
5771	14513	266.6994728	200
5776	1803	1178.692099	76
5778	8370	808.5008992	74
5781	3024	741.0018487	80
5785	11462	1742.472226	40.31678793
5788	2395	2277.864208	86
5790	505	678.84823	55
5795	7609	1024.10554	83
5801	19762	526.4197617	101
5810	5210	568.8917149	93
5814	15021	708.8711735	129
5815	15230	646.377131	87
5821	4693	759.6732134	141
5823	21503	186.3157275	97
5825	3423	935.0466962	17.87759777
5827	22342	299.9639068	146
5829	17459	290.1782678	150
5835	6611	548.5329617	56
5838	17861	1484.137602	85
5845	933	2643.25363	71
5846	13151	349.0214796	137
5848	9365	8473.466509	74
5849	4283	509.1782879	116
5850	12591	327.0524707	123
5853	24293	1737.904675	66
5855	19104	244.888398	144
5859	17391	1364.094746	61
5866	15737	753.2817894	109
5874	3509	521.1664082	57
5875	9857	1425.458703	59
5879	17673	2324.843773	94
5884	8271	3804.566643	29.63817606
5884	8678	3104.379386	32.36180563
5899	6630	740.9965084	99
5904	3824	596.0617053	148
5904	6037	607.7622763	137
5904	19300	623.0798458	141
5908	12030	539.224967	70
5909	7894	471.4523283	83
5910	13376	367.813814	127
5913	8573	1406.204066	83
5913	14838	2399.637725	77
5917	8192	654.6641229	69
5919	62	628.0756127	112
5919	1026	500.0596082	110
5919	1054	468.1032326	113
5919	1412	596.0928087	124
5919	2054	585.1758277	104
5919	4053	583.2552113	121
5919	4596	620.8763391	112
5919	6913	502.6921859	115
5919	6917	543.252799	116
5919	7256	472.6957403	124
5919	11700	647.9367098	113
5919	11728	518.5895179	124
5919	11847	614.5627556	112
5919	11916	659.3713743	111
5919	12079	598.1837311	114
5919	16438	653.6783169	99
5919	20619	682.7880817	106
5919	20853	572.8018036	123
5919	21623	420.4686247	131
5919	23600	482.5597744	127
5919	24116	562.5281187	129
5929	18637	2978.800719	43.0647448
5937	6393	1298.583199	91
5942	12950	1669.858084	78
5942	13790	1634.569866	77
5942	19888	1785.582076	73
5952	20607	795.6928902	121
5954	7107	2557.206305	36.92365229
5959	10495	460.9475636	105
5965	10776	858.3341367	95
5967	23019	2843.100771	44.02173913
5973	10625	842.0480392	162
5974	20957	680.2649142	52
5978	8739	1681.81485	57
5981	16456	202.6858075	183
5982	22232	1260.601392	74
5984	5954	980.6201962	70
5985	9955	1437.676674	12.85669654
5986	11519	1264.48567	46
5988	17358	333.4250843	142
5988	19869	431.5299686	132
5989	2188	610.4993489	97
5998	22603	5437.084059	18.27487772
6004	8871	344.8179471	106
6006	35	267.4480729	158
6009	11842	1410.150776	84
6009	22379	970.4131234	82
6009	23451	1173.177575	75
6013	5110	262.6814454	272
6019	1088	2003.215455	30.2968022
6021	15708	714.5090529	153
6032	14727	1703.807155	58
6033	887	1081.545116	89
6034	10012	1040.809684	78
6037	18304	5613.708941	34.5675579
6048	18584	1622.370798	97
6049	5794	1558.422223	19.95426572
6054	1649	395.0316579	149
6055	2525	2161.155092	67
6057	3600	2679.086666	60
6060	21327	465.9149623	48
6065	6497	409.13482	101
6067	1519	1942.721285	46
6072	1689	1334.749539	83
6074	22989	578.5746737	128
6075	11932	1967.895193	86
6076	13895	853.667614	22.76709704
6079	5690	834.7090571	107
6079	23920	1024.419489	105
6081	5248	862.5601512	72
6081	13554	1149.69018	64
6081	15215	961.5929749	79
6085	20223	2005.607911	62
6088	18427	1356.174642	76
6097	20964	905.050319	102
6100	17524	849.9461563	92
6100	19999	1033.830669	85
6107	4067	350.5635538	88
6107	8926	454.7000181	93
6108	9343	208.4820794	132
6111	2354	2139.865937	86
6115	146	3090.315372	57
6116	9096	680.9166285	101
6117	16740	2358.822704	68
6119	24056	4284.299073	47
6124	8898	1861.877124	63
6130	1211	415.9297923	76
6130	2970	462.9899275	66
6130	6247	350.620844	81
6130	7814	286.9208489	88
6130	8505	452.7868283	65
6130	11771	465.9733915	61
6130	12006	350.1616292	88
6130	13049	405.2658832	63
6130	16796	322.103564	89
6130	16970	370.3247478	85
6130	21634	326.8231988	84
6134	10820	1942.439794	77
6135	17697	649.0361977	81
6139	7296	722.6860657	55
6142	9110	790.6367923	126
6148	18241	1354.701084	45
6154	3125	3301.029986	71
6157	6875	377.1401685	115
6157	8439	491.2328796	109
6157	10544	502.9784587	111
6157	11067	447.6428777	124
6157	13634	483.8728227	106
6157	13664	439.4569214	125
6157	22046	422.2753548	131
6158	17549	829.2949493	120
6159	966	866.2732796	80
6167	18261	6255.119909	25.41173093
6169	8493	189.2152078	112
6169	11161	207.3725747	114
6169	12513	186.9605352	110
6180	21058	1312.888357	94
6188	20879	487.4466938	18.68098611
6196	18701	530.3939133	123
6197	1331	2687.983337	68
6204	447	406.1120288	107
6210	20110	353.3201033	101
6217	6637	454.4745021	129
6218	2935	3985.916462	61
6218	3051	3737.711152	63
6228	10281	2354.008623	70
6234	1997	1453.267536	72
6235	16166	813.6414994	48
6236	14898	2403.108539	50
6240	2830	4214.701562	2.527993006
6240	13017	3466.383922	3.673214351
6240	15008	5306.374504	2.70029879
6247	22617	2643.195921	75
6249	4708	850.6983432	42.1285547
6250	13630	901.2725824	70
6258	16777	1062.869587	90
6259	22751	1189.689622	51
6260	2741	1559.359994	63
6261	18000	988.4299892	21.78798276
6261	23110	1604.812073	17.48895434
6262	17583	631.6440618	79
6268	3929	1635.584866	51
6272	13116	1277.443125	73
6273	24406	5542.262641	25.41173093
6285	6268	317.8320363	138
6287	20158	1847.309753	72
6296	4153	1279.89047	76
6297	5834	231.4234151	92
6299	12460	968.5326134	123
6301	9816	1533.990445	77
6302	15229	315.4451872	136
6305	9399	265.2362747	128
6305	11647	269.6210099	124
6305	15492	274.302861	131
6310	1157	1526.261734	98
6314	10813	1600.936952	12.57720313
6321	578	1016.956216	137
6323	11290	1154.885321	58
6327	4239	1470.65322	56
6327	21620	1418.388762	63
6331	810	684.2717457	57
6331	21723	452.7031854	59
6334	23238	15304.78487	70
6335	8925	529.0414565	181
6338	23985	225.2634482	118
6340	1268	1292.757577	51
6341	17113	431.593542	80
6343	19560	1602.38031	91
6349	4634	964.0096958	112
6352	13241	6574.424898	55
6353	21495	3088.464548	36.1209642
6357	21918	1707.228803	38.58293741
6358	2276	290.8785679	141
6370	8407	1825.058435	42.1285547
6377	18718	2402.989032	17.87759777
6381	11599	1312.166004	86
6381	20533	1045.712238	97
6384	23806	899.8005197	102
6387	9461	1085.321799	92
6405	12446	1851.259857	49
6408	7896	1595.870376	14.03817541
6411	9146	1604.996341	31.65828812
6416	12196	937.6266478	95
6416	18213	794.0175184	100
6421	20216	1233.596945	65
6422	8263	560.4557997	96
6424	2362	2357.96847	55
6428	11183	694.6301063	68
6430	17590	238.5631962	162
6432	4696	787.3560742	127
6433	11342	267.0992807	218
6435	16719	484.2297308	67
6437	6365	244.5444541	173
6445	9285	2063.440539	59
6455	23014	3017.2265	59
6456	9053	418.1509363	120
6462	8988	1147.803602	56
6468	6780	509.0338634	120
6470	18317	2515.373086	46
6471	10998	893.4719935	61
6476	19857	1067.619386	100
6481	1649	694.4951666	135
6482	19018	1206.297517	71
6488	784	930.2689495	71
6489	3536	5024.057732	73
6493	11782	875.341444	128
6495	23484	2141.874036	30.2968022
6511	2484	903.6999073	69
6511	14854	1204.150147	59
6512	6065	220.3275995	185
6513	5006	1506.577785	61
6514	21510	808.2440965	112
6516	14469	950.6548253	44.02173913
6517	2001	2039.49273	32.36180563
6517	2020	1934.613365	34.5675579
6517	14814	1494.346846	31.65828812
6521	23348	978.2880579	96
6521	23790	770.4755885	118
6522	11182	2957.278843	30.97006447
6533	4843	277.012277	132
6548	2670	1317.644126	63
6556	15537	252.177821	135
6562	10447	1350.527565	24.859302
6565	734	1811.492664	105
6566	12683	2012.456438	42.1285547
6568	12027	882.433436	98
6577	11917	701.3418959	112
6577	13302	824.3944106	117
6577	14366	828.7241062	125
6580	10298	1748.63097	51
6584	21183	694.3585275	28.99386789
6587	62	574.2121863	110
6587	1026	510.5388142	108
6587	1054	519.7513217	103
6587	1412	602.042934	121
6587	2054	554.0417481	110
6587	4053	603.2414098	117
6587	4596	549.5246989	118
6587	6913	456.9957694	117
6587	6917	495.3560907	115
6587	7256	453.2926125	128
6587	11700	632.4214871	106
6587	11728	543.3397517	120
6587	11847	575.7127114	113
6587	11916	638.9182596	111
6587	12079	532.9543139	123
6587	16438	700.7862571	91
6587	20619	713.9114565	95
6587	20853	573.1596025	116
6587	21623	478.5498529	120
6587	23600	494.5928028	119
6587	24116	601.8407487	118
6589	6499	3511.452753	32.36180563
6590	9330	5332.846565	21.78798276
6590	22396	5263.213378	21.78798276
6607	4703	344.3559052	95
6612	4615	235.7285859	120
6614	22649	239.9379179	113
6615	12173	3313.366529	63
6619	15727	1165.264085	31.65828812
6625	17950	250.3767819	119
6630	8046	594.017271	111
6630	20882	816.8122656	97
6634	15371	1330.158115	100
6637	20262	603.3713504	166
6644	6219	1693.808323	85
6652	18433	898.9464057	59
6654	12510	470.7058537	160
6657	3273	726.0488883	77
6664	5852	5064.932159	97
6665	15313	677.2261999	92
6667	5789	1935.276542	53
6672	3891	937.2317914	73
6676	9128	1395.008442	119
6682	1866	268.2695559	106
6687	19584	891.8787189	58
6690	16206	1391.022613	72
6691	1812	749.6453831	60
6693	15190	946.6047879	43.0647448
6696	62	490.7928476	112
6696	1026	484.7078095	101
6696	1054	379.4790861	109
6696	1412	492.943548	122
6696	2054	478.1888706	104
6696	4053	468.1129945	122
6696	4596	507.2304175	109
6696	6913	368.5948717	118
6696	6917	482.280397	114
6696	7256	409.120321	121
6696	11700	673.9428639	103
6696	11728	439.5275694	122
6696	11847	517.6795341	109
6696	11916	675.823784	103
6696	12079	502.028279	108
6696	16438	641.982948	93
6696	20619	569.028998	107
6696	20853	489.2795783	119
6696	21623	435.0291529	130
6696	23600	478.6492113	121
6696	24116	456.4525731	130
6698	1138	927.2382038	58
6700	11858	664.4957264	79
6703	2729	712.2658271	98
6706	7923	460.9553212	78
6706	22714	301.1734766	91
6714	1084	1386.370145	88
6732	14275	922.760546	140
6734	8398	793.579216	117
6736	16101	423.0972303	139
6738	11354	2091.6238	121
6742	17715	2060.06691	64
6745	18458	1044.768852	76
6751	17420	1231.549263	50
6755	14413	944.1514883	74
6762	13734	617.1484557	132
6763	4242	1690.214144	75
6767	19150	1002.749796	89
6774	6103	1643.235214	133
6777	17204	1589.732229	140
6778	2997	768.4609414	29.63817606
6779	2815	3069.465233	38.58293741
6783	5125	339.0889491	141
6785	19922	21655.05515	16.01705151
6786	12715	233.5692894	134
6791	23514	821.4222181	96
6799	14006	316.9051208	141
6800	7329	2361.956402	51
6802	14773	222.8184369	139
6803	9533	458.1131229	122
6808	18109	2616.180429	59
6810	14264	1786.835693	67
6815	7038	7147.710979	46
6819	13919	4078.717913	44.02173913
6823	1948	750.5481436	96
6834	12471	1655.750798	36.92365229
6835	6351	1302.422689	48
6838	19200	482.4496589	151
6841	5477	639.3753241	132
6842	9216	571.5421996	115
6843	503	393.5565055	86
6843	10923	379.9827487	101
6846	20770	6149.434615	56
6852	20036	747.8500381	117
6854	12114	829.49455	118
6854	15870	845.5596892	113
6856	8685	840.7217071	45
6859	3064	871.2062945	110
6860	10734	845.3099438	92
6860	19048	544.8197599	101
6862	21839	580.6209767	115
6865	10114	2200.718387	68
6866	6111	434.9021412	38.58293741
6868	3642	2258.810341	58
6871	13674	1260.169148	86
6871	22651	1448.288637	84
6874	14297	353.283886	70
6877	17330	440.1209134	148
6878	20085	1556.861453	50
6880	15295	1530.456828	58
6881	13312	2625.11698	23.27303253
6888	14777	718.9261038	102
6891	12615	4598.98187	56
6894	6188	2374.96325	111
6901	13045	1393.012842	105
6907	18630	2820.618966	98
6915	6439	4067.094849	94
6918	2099	959.5785041	110
6918	16459	960.4718852	110
6920	20633	2509.025906	23.27303253
6922	2371	258.0581555	116
6927	2280	226.5662224	127
6932	2066	3758.338611	31.65828812
6933	4691	1364.243144	70
6934	21846	489.6784165	138
6936	1222	3690.208619	13.73299768
6936	5222	3272.880072	11.26827626
6940	15380	1147.175912	89
6941	8626	1536.071087	56
6942	2009	1015.509415	124
6943	5908	797.615414	107
6948	2345	237.7207182	160
6953	19702	742.5544163	118
6961	7966	1691.481511	59
6964	12966	1772.904006	144
6965	10232	942.8166051	114
6966	11424	1475.042533	97
6972	2820	284.5278491	223
6976	2622	199.1971967	130
6976	20841	280.0081867	129
6977	4296	255.1596027	96
6977	18164	201.1237344	104
6979	5771	1290.144495	96
6980	5242	853.8384976	83
6983	12966	2012.274087	137
6987	16396	971.2982842	106
6987	23462	1396.811039	98
6988	83	1808.562163	61
6991	13252	1168.030016	100
6994	12961	1404.364425	91
6996	23298	881.2087039	115
6999	15684	204.6668931	58
7000	1161	1209.923829	77
7001	15810	1097.893967	45
7002	7279	612.4398275	124
7005	10126	2040.591254	73
7007	15712	1773.347325	37.7441779
7010	7199	451.1206804	102
7010	13528	450.9399802	97
7013	3123	228.3176248	99
7015	23749	1413.464646	50
7017	5084	359.8589275	101
7020	22837	2088.019933	81
7022	1733	443.7278498	157
7033	876	285.5165049	182
7033	5103	332.1590758	174
7033	8339	286.8961333	181
7033	13411	258.234452	202
7033	20500	270.6411726	186
7035	424	1693.315165	14.99500512
7035	19728	1693.315165	14.99500512
7041	12002	286.8614974	85
7047	19666	3845.891899	48
7049	19060	711.9874691	101
7050	22073	2499.778855	80
7060	15622	601.6880703	158
7061	4760	197.5216796	191
7061	14914	280.7830264	176
7061	15906	246.8326711	167
7061	21658	201.4750015	190
7062	6975	1759.287785	38.58293741
7070	8854	279.347821	159
7070	16045	419.653335	129
7079	23164	1623.537026	40.31678793
7080	3217	1390.437485	76
7083	6796	335.9596449	251
7085	1698	3587.538478	14.35013486
7086	7044	957.6133413	94
7088	21522	1704.359661	96
7092	18728	780.8196376	98
7095	7088	3139.142752	27.1437722
7097	20553	1254.808187	62
7100	18128	652.6586706	80
7100	23678	555.7103432	75
7102	13870	985.5402591	48
7103	15692	1072.343619	104
7106	1808	1540.942142	66
7106	4876	1425.580635	69
7106	14561	1557.545251	59
7106	17750	1583.301008	63
7108	15078	549.4086101	144
7111	3349	293.5895942	140
7116	21696	2222.208691	114
7118	9676	571.9557488	124
7119	3166	1091.930303	107
7122	6875	338.6485389	124
7122	8439	424.8411922	126
7122	10544	420.9905821	128
7122	11067	517.6935612	104
7122	13634	375.5444521	137
7122	13664	515.015805	105
7122	22046	342.4583533	127
7124	2856	3145.423251	81
7126	14128	6082.203694	40.31678793
7129	8828	1083.498916	52
7130	9725	466.4208182	117
7134	19137	276.109219	180
7138	11995	188.6386095	110
7142	7867	3256.660787	58
7144	1299	1027.564413	16.01705151
7146	2574	3104.844219	23.27303253
7149	17705	406.956224	140
7155	17683	2612.205326	49
7158	15786	8183.460508	60
7161	8508	2443.467833	29.63817606
7161	13407	2428.364975	30.2968022
7163	10749	1867.26983	68
7168	9455	731.2006514	127
7169	2191	17558.65439	72
7172	7288	1209.854484	85
7173	5697	1127.69649	61
7175	3032	831.4607994	58
7175	7245	663.7013666	51
7175	21779	842.2751768	56
7176	62	471.2966336	136
7176	1026	473.6313161	116
7176	1054	409.5546663	122
7176	1412	524.7647092	131
7176	2054	535.7153554	114
7176	4053	577.1525883	125
7176	4596	428.5802664	146
7176	6913	454.3708766	124
7176	6917	479.2342263	124
7176	7256	447.8936662	133
7176	11700	462.7909311	117
7176	11728	507.7357942	130
7176	11847	502.9118693	133
7176	11916	456.5806595	118
7176	12079	509.5732865	133
7176	16438	473.6383385	122
7176	20619	610.3166718	121
7176	20853	503.3114009	129
7176	21623	434.3999417	131
7176	23600	384.6472077	137
7176	24116	519.1455898	139
7179	22758	1679.600805	90
7180	17512	330.9088981	273
7183	22247	1879.207664	71
7186	17578	586.6574495	142
7195	15986	182.3142304	92
7204	672	288.5242183	100
7211	3814	587.7703185	106
7211	8546	874.4494983	91
7216	5371	313.1738587	128
7216	15265	319.1172771	127
7218	5928	2517.697072	30.2968022
7220	21510	771.0026962	103
7221	6999	181.3974497	102
7230	19724	397.4219778	134
7233	2982	283.4330948	126
7234	4364	194.7725969	179
7234	4741	184.9854254	190
7235	12688	1088.063372	86
7237	17087	466.1924724	77
7240	10786	1945.580985	94
7241	24291	1644.196074	46
7242	18814	1068.634972	67
7244	21561	1888.267164	77
7244	24202	1883.832497	78
7248	9985	18914.39151	50
7250	5621	387.8504725	133
7252	764	263.4894163	122
7252	2544	253.7922065	128
7252	5645	247.1393532	141
7252	15381	242.0531242	144
7252	18321	248.9748535	131
7255	6010	608.5524534	58
7259	19842	1539.761948	65
7260	2287	6666.608768	20.39769385
7261	3130	3230.596976	76
7262	12977	639.4955229	65
7265	14680	1005.196235	47
7268	20866	2101.907006	71
7269	7767	571.8494104	83
7271	13542	1705.537652	98
7276	12225	715.5854194	91
7278	22800	702.9567977	127
7284	18732	959.3954421	128
7287	12157	276.4351679	103
7290	18539	331.8984249	86
7294	1452	2709.853098	44.02173913
7295	12285	1354.259978	68
7300	8769	545.1402681	163
7300	9824	424.3451	152
7300	12023	516.5079821	167
7307	4643	1648.779055	37.7441779
7312	16326	5296.468204	46
7315	12115	183.8880202	178
7315	12534	242.8162669	170
7316	2322	1968.017829	74
7317	22974	1957.829659	66
7318	12052	1094.387966	71
7322	10734	752.4581352	101
7322	19048	512.3293316	118
7337	12643	605.7765439	89
7341	519	523.4693222	142
7342	16975	196.8615729	82
7344	7680	545.3498249	107
7345	5338	229.6221683	165
7346	11313	1289.701739	63
7351	20062	443.6773168	84
7353	7478	361.0432567	101
7353	12624	412.9405724	88
7353	20792	415.8437077	90
7353	21072	409.0123352	94
7354	3590	1233.051826	96
7355	9656	1262.162615	77
7359	14459	303.83508	94
7360	18402	295.2109967	136
7361	2553	1128.99019	107
7363	21136	562.5668627	146
7364	11763	1387.134609	32.36180563
7370	7775	743.5867066	105
7374	5126	1818.47479	56
7390	14631	286.1212899	134
7391	3770	949.7176834	99
7391	12814	1139.893265	85
7391	22255	1074.122199	86
7392	22349	1493.96487	67
7393	9260	332.5033555	104
7393	21346	298.5819429	118
7397	953	207.1327476	118
7402	14600	445.3127211	147
7403	8066	1216.622953	94
7408	14792	1764.622256	83
7410	23521	960.9087171	137
7416	23789	227.9795741	140
7417	18343	1818.254211	75
7422	2167	936.62942	129
7422	18579	870.3861965	133
7422	18858	796.3581643	143
7423	11803	637.7093944	120
7423	17907	693.7013747	123
7423	22024	712.1164158	121
7423	23214	706.5025876	126
7430	1942	1847.415215	113
7432	9067	3350.644001	39.44033602
7435	12363	651.4159328	103
7436	21163	1595.612471	78
7437	2228	962.1064015	100
7444	4982	689.9914102	69
7444	7570	548.1134928	80
7445	62	637.9729265	104
7445	1026	452.0609913	116
7445	1054	384.7386708	128
7445	1412	653.956455	107
7445	2054	703.6795791	86
7445	4053	550.9716855	113
7445	4596	574.2839057	110
7445	6913	491.9067087	111
7445	6917	525.7228421	110
7445	7256	605.1018801	108
7445	11700	543.7413985	113
7445	11728	656.9447568	98
7445	11847	731.9693893	93
7445	11916	545.5180221	113
7445	12079	692.5335464	102
7445	16438	518.5247977	110
7445	20619	572.2950494	113
7445	20853	549.3852995	114
7445	21623	656.4891336	97
7445	23600	659.3939215	98
7445	24116	653.6406736	106
7446	9708	1236.030861	64
7446	10433	975.7947621	63
7447	19534	2433.776272	44.02173913
7450	15356	768.0439639	101
7452	1070	696.2425849	126
7454	6588	3112.966596	42.1285547
7456	7266	842.7205884	100
7460	21521	840.4069764	99
7461	22872	1030.529374	36.1209642
7477	6411	374.7240098	125
7480	20079	220.8779704	225
7486	13499	866.6354713	68
7491	7518	1407.998042	99
7493	825	1536.465947	81
7496	20087	1263.582892	100
7499	9901	851.9165904	110
7506	688	3391.950447	83
7508	19489	277.6952016	117
7511	12696	331.58978	121
7513	14960	3932.667588	69
7518	14048	1371.171224	91
7522	2069	2102.867636	43.0647448
7526	17245	828.285258	102
7526	20290	1068.601685	90
7528	2514	3375.598684	10.78367647
7531	2896	483.6073494	91
7532	8538	1342.862345	110
7545	20002	931.8726447	86
7546	10310	698.9033593	81
7552	13956	394.9486337	58
7556	1935	544.7562347	51
7556	23587	423.1245337	47
7561	2673	513.8275977	103
7565	2512	3549.736506	78
7565	16121	3558.490301	78
7567	13369	2511.615906	53
7578	10101	1068.161722	50
7580	20620	516.5816889	131
7581	21411	3425.683767	31.65828812
7585	23090	1273.075796	120
7586	15455	447.3323383	109
7590	21742	255.4450106	99
7591	22581	1503.006259	46
7592	12517	428.0358597	80
7592	14365	421.3684686	65
7592	16065	445.0780173	76
7598	8392	260.7702412	159
7601	5480	1066.747728	111
7603	10004	1320.701344	96
7604	23781	4388.420117	47
7610	14963	504.5772312	84
7611	9225	707.0135536	122
7612	2272	1313.435196	53
7619	678	345.0753183	90
7619	4866	462.8844979	90
7619	12206	475.6339974	89
7621	4637	420.421235	116
7624	10796	419.0882968	121
7624	12768	423.803799	111
7624	23367	535.8324477	99
7631	14011	847.8629324	111
7635	15998	3277.290647	24.31888239
7639	18828	2319.992338	25.41173093
7640	20603	360.0189142	99
7641	8357	596.8471987	91
7654	15485	4332.647011	52
7656	19037	914.7058607	150
7658	1506	529.5979665	110
7663	17123	1705.121597	67
7667	12756	2370.840182	71
7670	17324	546.9840477	117
7670	21781	512.4421483	110
7673	567	535.4278633	71
7676	16293	371.5796753	151
7678	14063	1908.300272	65
7679	9301	747.6888509	94
7682	13079	1203.370661	66
7682	22052	928.085663	73
7683	15814	3541.534507	57
7684	7168	1605.043993	82
7687	619	1305.663649	176
7689	110	662.6396799	102
7691	3706	1727.203341	119
7698	3106	273.1237625	212
7701	13893	257.2554892	114
7703	20308	1863.983011	73
7705	657	1109.035028	140
7709	4507	254.3053288	140
7710	23393	485.8675162	165
7714	7857	698.7679235	78
7716	7556	680.6556312	137
7717	9174	912.6035543	56
7718	3770	624.7985358	120
7718	12814	852.910049	91
7718	22255	852.8822716	99
7723	8207	1684.960689	4.57614157
7723	21529	1534.62661	5.701020867
7724	20749	2290.532145	38.58293741
7733	254	2239.273655	64
7737	17597	1287.738106	34.5675579
7747	17896	1368.825328	103
7751	18859	304.7671804	246
7752	905	1272.660663	102
7753	23533	1299.024392	105
7756	15467	596.4299946	75
7764	14653	1499.288808	93
7767	3735	1650.239815	84
7767	15952	1350.415678	95
7777	7023	466.7036751	76
7778	11911	1655.208692	57
7779	4701	917.7763228	99
7779	8891	894.173932	100
7780	10921	1092.595352	114
7783	15604	905.0573463	110
7785	5361	324.4076595	124
7785	22631	573.0078442	125
7787	5330	511.7800015	136
7787	6916	540.7583472	116
7798	14723	912.7786251	52
7798	15606	879.0520831	53
7802	3702	587.0826221	116
7802	15755	525.8998275	113
7802	19416	523.7057304	115
7802	19457	486.3047217	125
7813	7885	500.8144166	55
7817	5694	759.7666961	63
7820	15582	190.5147828	97
7821	9470	1854.493895	74
7822	5080	341.6368966	103
7822	5365	270.2043744	107
7822	5431	335.1497387	97
7822	12962	355.1041245	96
7824	22439	366.1645918	187
7831	1517	382.6267017	88
7831	21051	339.1407753	95
7832	13666	1137.304237	38.58293741
7834	1036	209.7156237	162
7834	19225	276.4092874	163
7837	6963	1196.581463	79
7841	7232	238.7588589	109
7842	23567	2112.920119	57
7843	1117	1184.274389	92
7843	8079	1277.307514	87
7843	8731	1223.693612	90
7843	22249	1157.492208	91
7846	23637	797.9235121	149
7850	24010	796.5667251	88
7853	18950	651.5834606	100
7856	20568	905.7861795	44.02173913
7857	16542	1556.237406	59
7863	347	630.7236259	80
7866	19738	2944.295779	69
7872	13757	2182.94543	60
7873	10734	998.7377667	85
7873	19048	543.3276362	110
7880	8254	709.9854497	71
7884	225	668.9150893	36.1209642
7891	8709	323.6312151	79
7895	18586	271.0555918	144
7900	19857	1164.158671	92
7902	1182	1113.036085	96
7913	11102	471.6012739	74
7918	9119	1046.9362	120
7918	14519	1061.573718	115
7922	10824	1749.751142	17.87759777
7924	20104	725.0602119	125
7935	6631	441.0323264	117
7936	23565	443.1328007	55
7938	8085	4408.763761	3.673214351
7938	14809	4467.569455	2.884348785
7938	14856	4424.006434	3.21939574
7938	17643	4388.894497	3.754841337
7938	21937	4361.792566	4.284138454
7943	13421	1579.973649	70
7948	5809	1001.867378	85
7951	2192	238.9941817	147
7951	5376	351.7225432	134
7951	18033	370.009529	130
7951	18606	387.7020824	125
7965	13975	379.5236477	167
7971	5711	2144.062168	4.781785462
7972	5673	2007.168789	57
7981	22686	500.9024024	80
7984	22325	633.6399916	77
7986	18499	2051.183743	63
7988	14607	1142.542285	74
7990	23499	243.4504754	226
7991	21309	1558.248277	64
7992	9562	737.5827993	59
7993	22128	1092.214368	50
7996	209	216.7627356	89
7996	19876	255.327069	82
7997	4841	1508.468512	67
7998	4104	1385.724437	91
8003	16072	4295.974049	79
8009	2529	259.5248161	99
8018	10456	581.5914434	152
8019	16967	1988.239707	75
8021	4217	507.6307685	132
8022	10711	572.6150255	144
8026	22546	865.5160589	32.36180563
8029	11761	439.7535974	108
8030	20546	3436.236799	66
8031	21019	692.0578205	116
8033	23982	7435.656712	68
8034	17318	1566.108687	76
8038	3683	3735.833755	90
8039	10901	989.9475557	44.02173913
8041	24023	239.0587637	166
8044	12540	2413.544074	64
8045	15886	226.2784598	96
8046	16981	209.564595	171
8053	2652	377.6228845	86
8059	17730	3652.588006	65
8064	2360	1440.111072	88
8066	23480	5213.875937	28.99386789
8072	17700	1108.002386	101
8073	5836	1529.573203	59
8073	10318	2018.561241	59
8075	19651	1268.637367	83
8077	10993	1306.271667	94
8077	21739	1297.066033	94
8080	21036	995.1698445	67
8092	9118	445.3589328	107
8100	2474	742.0970702	44.02173913
8102	5248	763.0194838	94
8102	13554	668.4128773	93
8102	15215	831.8598098	87
8107	3704	1721.097864	71
8109	7115	932.6711351	133
8115	228	286.1800671	117
8116	11587	790.2302015	79
8117	1200	403.0777697	88
8117	3962	520.4505182	94
8117	14054	487.0531507	104
8117	17595	398.2353386	100
8117	20483	435.3486188	104
8121	17184	1277.922093	31.65828812
8123	1	1424.347467	71
8128	8659	1343.136432	106
8129	14784	1769.655524	33.08095687
8132	14953	394.4922298	174
8134	14145	3014.260132	48
8136	14736	230.1348979	155
8136	24275	206.3957103	148
8137	19192	245.7669489	205
8141	11139	399.5221213	105
8145	18662	711.9964888	153
8146	24249	215.5262228	171
8148	5366	643.7087191	51
8150	8171	287.8195115	88
8150	18169	186.8255191	117
8166	18728	665.368372	102
8167	7221	1198.119358	91
8173	14201	1734.82916	171
8178	14536	1533.295527	65
8191	13925	668.2944285	146
8193	10180	1023.386099	51
8196	24048	1143.099037	65
8200	14672	2102.202334	69
8204	12204	21343.98426	49
8207	10083	1515.546734	101
8207	16409	1438.71135	103
8208	3867	2201.986545	62
8210	22841	883.8251788	91
8212	22282	2322.393104	57
8214	514	667.7425838	65
8216	15131	1372.720968	52
8217	4371	850.3739458	89
8218	12568	442.6321201	155
8221	20720	684.3603614	191
8223	15748	2483.375427	100
8224	6875	415.1135482	113
8224	8439	523.9781386	112
8224	10544	579.8643321	112
8224	11067	506.2869472	117
8224	13634	507.3342948	114
8224	13664	501.8097086	118
8224	22046	517.0522619	117
8226	19617	454.6481158	120
8227	5593	551.4365223	76
8239	2421	2936.115069	76
8249	18031	1210.59685	110
8250	11439	1353.782382	151
8257	20641	1197.262473	96
8266	18911	1058.474752	54
8269	6028	1500.860009	62
8271	13710	2553.739518	60
8273	18899	5202.641435	27.74696714
8275	21257	744.8527086	108
8278	429	615.4772275	110
8282	22692	1346.299648	68
8283	15597	1688.095299	45
8284	23706	927.4537161	89
8285	6717	535.9946792	117
8296	3781	4185.622475	27.1437722
8296	23223	3965.051478	28.36356641
8297	9065	211.1492445	389
8301	5502	4081.123738	91
8301	12083	3348.240754	97
8302	17305	521.9920074	132
8313	5543	610.7331412	137
8314	16192	402.6583798	127
8328	14195	4133.929147	60
8333	20648	614.8839699	131
8334	1189	292.660541	170
8334	9120	318.349249	185
8337	13386	2724.974037	36.92365229
8342	12575	252.5564633	71
8345	2191	18580.6054	69
8347	12029	675.5812421	66
8349	5204	1319.610195	59
8350	12021	19841.23917	57
8356	6791	1168.489939	74
8360	8041	2933.352229	0.04944973435
8362	10607	691.382001	128
8363	21313	197.1319778	108
8372	4572	482.2773792	117
8372	24054	484.8906843	117
8378	4753	464.3760004	143
8387	19168	1903.940227	54
8393	22112	847.4836552	72
8399	12335	1117.700382	27.74696714
8400	17999	700.0413668	115
8401	15090	544.9836209	45
8402	6491	2195.942826	60
8402	19717	2840.188316	61
8405	4286	4430.857256	15.32822746
8411	11115	348.4158032	97
8414	11672	1317.148251	59
8415	6840	977.9466062	104
8417	9253	434.8620405	114
8417	22466	396.5461685	118
8427	834	453.3509034	127
8430	14708	339.5345182	165
8433	19297	3084.261357	49
8434	4968	3430.667581	18.27487772
8435	5136	856.3789379	82
8441	22975	1286.785876	71
8443	7184	243.0333914	51
8443	22365	296.754686	51
8445	19962	220.3211934	224
8452	24393	1008.280827	54
8453	1053	1467.011763	88
8455	10397	391.7694706	122
8455	22098	444.6902135	120
8467	4314	1363.031146	91
8468	6421	185.179117	222
8468	7430	207.0177241	209
8468	11373	206.5419678	213
8468	13388	203.9739277	188
8468	18275	259.8852808	188
8471	15143	571.895153	107
8471	22017	431.1297498	111
8473	18876	3161.997605	43.0647448
8480	13881	1079.990365	86
8482	23292	1358.975259	94
8485	24062	269.1140588	149
8486	17061	1860.050081	129
8487	22869	833.2748277	108
8491	10706	1906.625366	65
8492	4176	1843.938886	70
8493	9598	1715.77867	64
8497	4592	2504.287109	79
8499	12927	196.0554842	252
8520	16053	1132.121896	70
8528	11834	562.1199137	84
8528	16968	453.0882033	101
8528	21390	587.5954763	84
8533	19231	251.6818714	181
8534	11146	777.9344958	57
8541	10796	515.7255376	113
8541	12768	535.7064549	113
8541	23367	577.6727984	101
8544	20197	378.1817234	130
8550	1284	1544.901395	38.58293741
8554	14193	3855.369774	71
8555	10076	575.357848	83
8558	18479	1344.033933	58
8561	18053	272.7312108	154
8561	23420	258.2370159	156
8562	10591	208.9632155	218
8566	3735	1713.267246	82
8566	15952	1410.278604	95
8571	3373	2655.121158	86
8578	16226	2529.30217	43.0647448
8582	21188	700.7326414	98
8583	5377	2116.060757	106
8588	7303	789.0489997	55
8591	16714	719.0749272	98
8592	3387	211.0632927	79
8592	7686	213.8613929	81
8593	18928	1171.527834	61
8593	22284	1159.137639	65
8594	14155	895.0321066	116
8596	19135	408.6439376	51
8600	20446	214.5185879	168
8606	23965	4062.2494	70
8607	11798	2656.863526	46
8617	13980	668.299904	85
8619	2471	728.8721294	131
8619	5681	796.155505	117
8622	18778	360.6687734	140
8629	3700	1140.610195	60
8632	23212	468.9093185	85
8636	22859	1861.636903	14.99500512
8638	20898	679.4762016	66
8639	202	204.8143775	187
8639	1860	216.9518686	184
8639	23899	211.3055693	186
8648	2153	639.7393308	108
8648	15027	638.7748059	100
8649	22314	1296.822841	73
8650	4241	259.6752504	102
8656	17619	878.04695	92
8661	1400	2364.214575	70
8662	13068	1110.372947	83
8664	209	240.0152684	82
8664	19876	252.2955449	75
8668	19506	444.6525336	172
8677	10391	729.625786	48
8679	19700	917.8751905	54
8680	12781	3102.466673	65
8682	19827	635.544792	102
8683	16396	870.236072	98
8683	23462	1432.538836	88
8695	1525	596.2518328	153
8695	1918	641.8569706	146
8697	1011	3492.468256	26.5536902
8701	10452	504.5990802	112
8701	19063	450.8604185	112
8701	19154	449.1401979	114
8707	19419	954.5075323	64
8708	24325	404.6402655	90
8718	62	444.3926634	118
8718	1026	361.8885294	122
8718	1054	466.9781389	118
8718	1412	392.9522514	139
8718	2054	463.6442832	121
8718	4053	498.1539068	117
8718	4596	368.9013595	136
8718	6913	349.7124315	139
8718	6917	515.3964913	110
8718	7256	369.0534425	131
8718	11700	365.3838584	127
8718	11728	500.8357678	115
8718	11847	449.0669998	124
8718	11916	366.3009119	127
8718	12079	467.4305679	123
8718	16438	381.4228991	133
8718	20619	433.7391538	124
8718	20853	514.4089826	111
8718	21623	345.1864744	133
8718	23600	335.669421	118
8718	24116	412.5233828	133
8726	3560	285.6336648	137
8729	15287	719.368292	125
8735	23109	926.2654953	97
8747	2243	1110.728935	33.08095687
8753	15687	407.7686818	136
8753	22418	557.5667701	126
8757	19957	2297.964062	79
8762	5447	735.1223419	127
8762	7377	337.3936872	137
8766	20799	1053.681503	83
8767	17741	301.9764944	87
8770	8708	736.3161443	95
8772	10459	555.9561071	92
8773	21352	888.4318936	83
8776	22820	408.0547246	143
8782	8717	1010.412221	99
8782	21107	947.7540418	105
8792	3926	426.3809917	59
8797	24144	2567.961525	44.02173913
8799	7715	1652.008984	128
8800	2099	920.2276111	103
8800	16459	972.8134111	111
8805	10625	753.2967354	156
8808	23001	758.4332765	70
8809	12419	1120.469518	44.02173913
8811	9683	1496.104268	83
8818	4672	284.2007039	122
8818	6147	265.1829637	143
8823	11935	666.7024908	111
8828	19427	928.6481925	63
8834	17948	221.059366	116
8834	18400	252.7946487	108
8834	21172	233.8664334	112
8834	23165	259.8953656	103
8835	21131	1019.707337	132
8840	1557	540.2889341	135
8841	2919	390.8181151	178
8843	6177	2641.533589	27.74696714
8844	6957	1158.779121	102
8844	11848	1161.819415	99
8845	19271	1239.789566	61
8847	20985	512.3660108	125
8848	23465	308.5456924	146
8849	14595	5262.859961	65
8853	9090	1303.813935	64
8854	16464	839.5886798	95
8855	23705	4951.472617	45
8859	8156	10301.20216	43.0647448
8862	3830	2009.024085	64
8862	16425	1760.278023	68
8863	14341	635.5991432	74
8870	7098	1390.137182	17.10875968
8879	11123	698.8700303	170
8883	10043	1801.397241	35.33572585
8888	3749	1014.791373	103
8889	10077	1641.569165	95
8891	17973	3639.598926	65
8892	20815	3171.221037	83
8894	18725	1956.897892	115
8896	14143	939.6649151	65
8898	3586	1373.591575	32.36180563
8898	17474	1397.723505	30.2968022
8907	23147	2153.474569	78
8911	17079	578.2453146	81
8912	14592	1845.230582	102
8921	11120	640.0087538	75
8924	15102	1326.647776	108
8929	10712	3077.271127	86
8936	18336	684.497474	115
8937	5670	1418.438246	112
8940	15235	635.2809352	133
8941	10263	1127.728038	111
8951	11966	658.4189025	112
8961	22445	181.4166729	204
8962	13873	6564.434421	49
8964	16720	239.5336004	163
8966	8442	1252.11737	94
8969	2916	2022.158769	60
8971	14481	3237.985352	8.1035948
8973	1366	301.0846699	151
8975	8510	287.7307159	146
8978	11312	742.4216614	110
8984	20956	396.6373322	101
8985	21685	210.8332217	201
9004	20620	869.0200184	121
9008	14036	459.2714473	128
9008	15522	416.0366762	127
9008	22155	495.0662315	129
9008	24418	519.0549441	117
9013	10999	4979.147457	41.21271655
9014	1528	676.4826311	141
9015	17431	572.5638366	145
9019	11634	303.9920601	88
9019	21606	277.926429	92
9021	12986	218.9318758	237
9023	9981	365.7575053	91
9024	3040	380.5180895	165
9026	23249	2508.795747	47
9028	12470	934.5199764	81
9028	19094	1170.042948	74
9036	9669	386.9182404	126
9039	6352	942.8322592	85
9039	14965	521.2524841	96
9047	3890	1213.276796	39.44033602
9049	1634	1292.958553	81
9049	7204	1273.329735	82
9050	8530	932.9409908	47
9050	19196	1219.012354	50
9051	4765	535.9804986	109
9052	8555	1109.643082	58
9052	13851	1104.669758	71
9052	21757	1254.343279	60
9054	9444	1215.049649	152
9060	6236	1315.549109	88
9068	22787	2128.910102	90
9069	4984	1651.692063	50
9071	4191	311.5373704	180
9073	8688	1075.260893	103
9074	9342	3080.456202	80
9075	19244	202.2920953	168
9078	15853	326.9737292	169
9079	20139	422.1708758	158
9079	21835	619.9386896	150
9085	4506	544.4444595	121
9088	20099	347.0447264	172
9090	10530	478.871784	121
9092	1196	498.7194105	107
9093	12224	1271.433669	111
9094	22025	337.084903	102
9098	22730	1919.706657	30.2968022
9100	12771	590.1891452	112
9102	62	460.3322069	126
9102	1026	479.3777846	118
9102	1054	455.14984	120
9102	1412	427.1286023	143
9102	2054	496.7697944	125
9102	4053	629.5899773	110
9102	4596	412.8610673	130
9102	6913	404.7548826	125
9102	6917	466.2117033	128
9102	7256	414.2376043	139
9102	11700	463.5079542	120
9102	11728	491.4857396	119
9102	11847	477.0114141	133
9102	11916	463.5272703	120
9102	12079	509.454156	122
9102	16438	479.5534008	111
9102	20619	637.2264865	108
9102	20853	469.7117002	132
9102	21623	459.4236782	125
9102	23600	415.3067496	121
9102	24116	444.6002412	148
9103	20123	2406.321577	105
9105	19679	727.7997107	62
9110	18840	5038.116565	48
9114	6270	311.1869682	173
9121	9552	1652.595481	85
9124	7381	4359.278152	65
9127	1950	763.4466693	79
9132	23558	1236.169978	97
9134	13485	772.2158029	103
9136	18498	3717.05172	43.0647448
9146	62	525.8503297	118
9146	1026	452.1158776	113
9146	1054	487.76874	108
9146	1412	654.716395	101
9146	2054	544.2905444	107
9146	4053	552.9355315	112
9146	4596	546.5098885	114
9146	6913	407.1588616	120
9146	6917	460.1159259	115
9146	7256	432.8613032	123
9146	11700	519.3811292	103
9146	11728	425.3815004	137
9146	11847	540.3450968	120
9146	11916	513.9740344	104
9146	12079	516.9785555	127
9146	16438	555.6419933	100
9146	20619	672.7656907	96
9146	20853	593.6295997	108
9146	21623	434.1499213	123
9146	23600	458.5322843	118
9146	24116	610.9705929	112
9148	11430	1827.503017	40.31678793
9153	10229	740.5936585	120
9154	5081	182.3166266	206
9160	14463	831.7799603	102
