8	3296	391.0122218	78
28	6253	272.5128062	252
35	6314	735.0272702	75
45	5059	407.1521669	128
52	6056	331.194967	178
53	4552	2118.47842	41.21271655
78	7719	595.9710547	121
86	9734	267.3211301	178
93	5697	1159.11766	68
98	8573	287.8333911	104
99	5097	682.449355	126
110	7221	474.6059937	90
124	4161	281.1390765	121
126	4076	856.6170346	110
128	2198	607.7165157	107
129	3257	265.6096185	139
131	6874	683.3008109	107
132	3888	1046.945006	93
136	1836	652.5267047	63
141	6029	1491.201757	57
149	3907	1442.150535	104
162	3581	1483.56976	109
168	50	2178.251823	41.21271655
169	9431	1798.646158	48
176	9171	1298.323363	137
178	6017	3378.863472	71
185	1937	836.1174723	108
192	8885	370.644316	119
204	2199	1317.3017	58
208	4943	653.3425908	99
210	1291	308.4956191	84
217	2066	859.6646976	105
239	4852	781.6596591	151
244	5095	2883.243471	90
245	1834	1360.377306	89
249	7572	839.1629753	100
258	7275	1051.5631	92
271	7332	1047.725059	56
273	64	645.2704628	40.31678793
274	4895	920.4921032	44.02173913
288	6446	3736.762352	34.5675579
294	1167	1224.576248	71
297	668	616.6729635	116
300	9582	604.3912379	114
301	6484	1486.681688	62
308	3724	3718.405317	67
310	7660	2456.013988	69
318	8367	537.2593395	130
325	6825	471.0803586	104
328	889	747.0802929	126
330	6563	249.8282308	192
339	5111	773.6591073	72
342	7379	1248.527873	50
345	2127	874.886487	66
351	2808	646.8414628	76
352	211	3698.079214	25.97643606
354	1643	2579.75181	56
356	6555	265.3516053	172
367	984	412.4900518	164
374	5588	2315.952947	42.1285547
375	8086	230.4257913	109
376	138	363.9541529	159
377	4134	1533.135864	64
386	712	1537.461039	81
388	1956	589.8196728	152
395	6818	1004.814459	84
398	8569	1493.340903	87
404	172	1704.133084	61
406	8312	1323.830753	109
409	5569	2392.296945	69
416	7967	923.6117745	108
429	225	474.7950052	156
434	7729	2498.254613	60
449	3559	1538.42856	54
453	5828	2823.01832	63
466	1808	197.24837	198
468	1455	455.145889	141
473	9477	3018.505147	149
482	2867	1303.162431	55
485	4946	1080.204116	113
498	955	766.129635	112
528	9254	776.9589501	126
532	9005	1954.508428	61
548	5120	736.9247342	82
556	6010	260.8782498	199
574	3946	1605.202455	71
592	7482	312.7618788	206
595	3970	328.1986482	159
608	4426	1776.077698	91
610	1285	415.5443399	117
624	6390	1815.273075	48
636	3411	3182.194868	64
643	1054	1827.237586	66
644	7214	727.002927	106
654	1764	1996.974969	80
662	3997	754.4969618	167
673	2329	491.696227	86
674	1382	2844.481319	63
679	1106	1651.330561	63
689	4750	1878.476399	41.21271655
690	4637	1004.61216	106
691	4894	193.4006295	205
697	3585	1759.046336	59
703	1081	2111.32509	39.44033602
718	6421	2174.912847	54
733	9364	1897.378444	51
734	5598	884.6668549	123
736	5179	3271.926188	80
743	5389	1431.377401	74
744	1336	247.9427302	148
752	1335	682.77803	108
767	2987	244.0790483	174
768	3144	2654.526661	60
793	8996	568.9520599	55
796	7999	284.6203767	177
797	4737	615.6724913	145
810	1089	741.7179644	84
814	3548	561.5286768	130
818	8166	1996.496598	73
826	3422	1048.389302	82
831	2166	1495.722051	93
839	5958	761.7276468	104
840	4495	186.926569	216
844	7259	1789.399234	61
862	7308	249.4812606	176
867	9457	3253.849887	61
869	6327	6306.811753	41.21271655
870	8365	1481.658225	42.1285547
876	1816	201.301673	209
877	9348	393.2816093	128
878	4684	374.4867821	133
888	8683	798.2191573	107
910	6806	4122.512105	34.5675579
922	5215	448.5275185	105
928	6130	402.1266158	152
938	3793	4741.555135	28.36356641
970	2529	1252.747543	86
974	2315	1150.377075	95
975	4824	881.9656316	37.7441779
977	8098	1788.998437	99
978	5029	479.1388915	83
984	8535	800.431301	89
998	7725	1794.159363	65
1012	6622	6871.830591	80
1023	2307	690.5516377	120
1032	6800	3784.199179	67
1033	7627	525.8399995	114
1051	8050	237.7282235	162
1053	8295	918.6458506	66
1054	1366	1162.585378	98
1054	2521	1234.057475	96
1054	5103	1245.944657	95
1056	5161	1245.524808	147
1057	2144	1224.773307	98
1063	2781	190.3674937	261
1068	1899	547.3388783	83
1072	5295	1930.319527	115
1076	7230	2160.395037	93
1082	7727	287.7359094	121
1084	8651	710.5148859	100
1085	8956	1028.402403	72
1095	2467	1326.170313	96
1096	8172	2711.227823	53
1108	2481	666.7946263	105
1121	4717	1150.915756	37.7441779
1137	5226	201.1116049	132
1144	475	1092.601166	75
1148	7901	247.105352	207
1154	3098	290.8352104	122
1159	2320	727.9018167	40.31678793
1165	2917	507.5175808	126
1176	803	2557.55518	61
1177	4916	295.4901242	119
1187	4074	2609.186258	39.44033602
1197	3463	1694.008655	74
1202	6261	385.4527549	177
1218	8357	2333.022248	56
1220	7796	325.6398107	167
1221	6483	2090.471371	55
1222	7906	664.9227997	134
1233	9350	1382.809179	103
1234	2953	383.2724717	130
1236	304	1419.085389	115
1242	836	889.2339884	40.31678793
1250	4172	1670.114595	58
1251	2733	266.8443256	158
1252	4965	1997.290231	107
1261	8035	181.1413077	253
1262	1192	725.9526298	70
1267	3626	1620.41737	33.08095687
1291	5484	433.3044066	162
1294	8471	1209.799544	69
1299	1747	256.5868685	119
1305	586	277.969499	148
1306	442	346.4466167	53
1311	2047	2260.275398	60
1319	5809	749.4552989	126
1340	4878	1272.003207	137
1345	3745	225.1538745	169
1346	8855	834.9977843	113
1352	3994	3744.329522	86
1354	513	934.0329818	62
1355	4557	735.8358564	137
1361	1224	571.034734	102
1373	2717	294.7164526	120
1389	1224	549.7065411	102
1394	3947	1710.413552	39.44033602
1403	4730	1552.013269	81
1406	6642	244.2407742	95
1407	4099	921.0767008	86
1408	2021	1017.487835	129
1410	2089	1571.494609	83
1417	8294	624.4757583	34.5675579
1423	7079	1304.328897	116
1428	5904	1466.049456	133
1429	2693	1179.147553	78
1430	316	5060.131784	68
1432	2308	985.3865684	37.7441779
1433	6588	793.7704049	104
1442	596	466.1843986	203
1447	3176	1186.555289	108
1448	1810	878.8600826	80
1469	7088	382.5550953	138
1478	1436	663.886146	75
1481	4353	2227.179854	95
1486	2672	2297.821516	73
1510	2535	1090.211179	64
1514	6615	468.7897014	184
1516	1852	1096.322556	84
1520	3580	226.332823	111
1529	2835	972.0392849	38.58293741
1530	7197	524.0779829	57
1533	8248	1185.079515	60
1542	2220	1326.303206	111
1542	3041	942.9740976	110
1542	8200	1047.339878	105
1548	9495	405.003209	136
1551	7470	678.5765305	111
1562	2133	1849.70757	70
1571	1502	557.1616506	128
1571	3555	375.4202101	144
1571	5024	627.9083719	126
1571	5871	347.0256107	139
1574	1207	528.7157413	132
1574	5553	574.0908369	132
1574	6716	553.1186187	136
1578	8028	197.2956608	202
1584	122	617.7399325	108
1586	1087	1290.792338	53
1589	3896	860.0212551	87
1597	6665	201.6571024	224
1611	9015	410.0006022	134
1634	3148	263.598794	173
1647	7290	2069.100914	75
1662	735	3004.092288	31.65828812
1666	5120	958.3899768	71
1669	5679	1282.91638	69
1671	8612	2525.270837	69
1680	1097	606.7478955	54
1681	6705	1014.591091	104
1686	4590	1909.459609	44.02173913
1688	3158	2291.309306	75
1695	1973	280.3048446	264
1696	2042	4980.01017	51
1697	9772	886.7395317	72
1702	7670	2830.339421	75
1703	3327	724.694528	120
1709	9671	244.4997355	163
1713	6282	2455.859664	75
1717	4015	424.3525711	132
1720	5134	484.9822167	133
1736	35	1091.97027	55
1739	5273	231.1041727	147
1740	6069	1821.369443	85
1748	2974	1327.249155	87
1751	4281	803.7347229	135
1753	4447	1615.527606	70
1759	220	450.5783095	106
1765	9438	1523.557782	132
1785	507	652.8055881	114
1790	5767	243.058668	155
1795	4408	1329.994471	89
1801	6385	1225.775074	21.78798276
1802	8841	1561.542055	63
1807	1987	317.2335987	195
1820	4859	307.1974225	97
1831	4764	345.9760359	135
1834	3438	356.0413641	202
1843	3252	645.8384024	115
1847	6790	1188.908343	60
1865	4460	1390.081523	77
1867	7324	476.5885419	65
1886	4631	273.0331337	113
1887	3236	1344.12928	125
1891	7159	626.0223154	34.5675579
1902	3031	264.5165158	82
1910	8204	567.2219185	89
1913	1402	1456.075049	99
1922	7473	325.5339694	130
1923	5788	202.5053679	238
1925	7047	994.6227754	41.21271655
1929	284	1136.779373	76
1930	8708	746.711592	59
1935	9212	503.3730719	124
1936	4109	466.8220412	147
1941	6270	1496.173098	70
1946	450	1228.245003	54
1950	5102	262.264113	68
1992	6717	3579.582722	59
1998	761	1187.056088	44.02173913
2003	5036	582.561711	153
2006	1639	1931.136515	56
2009	1925	906.6873964	83
2012	7342	266.2253086	143
2019	3015	1016.408167	108
2032	1793	1353.418428	58
2035	6542	298.9270803	140
2036	5641	1230.520116	58
2046	9773	638.1422132	106
2056	3373	1594.029088	182
2062	9334	281.410786	147
2066	8940	769.1206299	76
2079	6023	444.1070474	42.1285547
2081	4339	206.9545506	194
2084	1154	532.3699975	124
2087	3770	186.7938386	246
2092	2149	636.0467458	91
2106	3646	350.8903393	169
2106	4992	347.2692401	178
2107	4692	235.780067	198
2115	3726	258.6827966	156
2124	4446	1197.572192	88
2125	174	534.1923249	57
2128	9613	562.9618536	97
2140	261	1568.53582	46
2144	1004	206.353087	180
2150	5150	1144.804358	117
2159	719	493.8529592	165
2165	2834	2000.706778	58
2194	9184	1765.61652	70
2203	5593	1425.466446	54
2218	3052	593.9628458	78
2228	2979	2964.21836	62
2245	9813	1963.186601	101
2264	8340	759.6190027	88
2278	7438	1743.345286	59
2281	161	2328.981758	67
2284	5602	506.1549969	148
2284	7632	407.5294387	195
2284	9535	420.4717085	167
2288	7928	1961.953978	62
2291	5670	1918.290288	49
2292	9423	781.7093117	108
2294	1093	1044.364246	108
2296	1434	1071.120371	88
2296	6232	845.9323283	101
2308	1533	664.6853492	104
2310	4121	856.736985	61
2322	5780	1253.24252	55
2327	6646	200.399434	139
2337	7431	344.2946257	210
2356	7281	1926.457832	79
2367	758	368.2395192	159
2391	5177	1444.062304	103
2394	8697	2530.850716	52
2397	5857	1010.773979	50
2401	3949	2229.118384	85
2401	8082	2353.66479	86
2403	2433	299.31413	216
2412	6574	394.9663494	152
2416	3899	3372.432584	65
2419	1774	533.9762839	92
2421	5474	1952.47287	50
2439	7846	305.179656	137
2444	5123	827.4869141	84
2450	3185	1102.703146	87
2451	9676	1730.1881	46
2452	3251	542.2293746	148
2472	6777	814.3693349	105
2473	655	2021.983347	39.44033602
2475	5272	1113.205419	192
2485	2665	2253.114088	73
2495	1289	1632.71518	94
2500	90	631.4762088	94
2515	3088	726.6015228	38.58293741
2516	5274	244.7128807	150
2524	3974	390.1894865	113
2534	6486	2861.840712	38.58293741
2538	8196	422.4767135	135
2539	8932	1476.436958	84
2543	8734	716.6756453	69
2549	7458	2261.049836	32.36180563
2562	2678	735.0673884	136
2562	8494	667.2093109	130
2563	9263	948.6149291	126
2568	7495	1049.796747	72
2583	4873	1137.250327	115
2589	9190	474.5687314	117
2590	6325	754.2680939	105
2595	4337	1056.884855	51
2598	3506	208.4085534	248
2599	3882	707.8471171	76
2605	3221	1732.847032	28.36356641
2615	6113	1094.403671	132
2628	1855	653.0096332	74
2636	8678	267.3096726	106
2637	8054	560.2829882	163
2657	1515	928.7651489	105
2659	3188	1047.283923	88
2665	6493	1098.526391	7.260242512
2673	1064	4278.164394	70
2679	5592	569.5416085	100
2695	1317	952.3972495	19.52047734
2701	1865	671.3273447	82
2702	3093	449.9472223	116
2706	2285	759.1741154	93
2710	708	345.9035862	54
2719	5690	1162.601371	29.63817606
2721	2885	639.9619506	132
2730	2701	387.7309358	60
2739	7280	286.0592927	134
2743	7097	697.0271437	109
2752	9807	4207.79159	15.32822746
2763	4572	547.7861201	153
2767	5984	894.5649621	78
2775	3721	369.7841305	166
2775	8627	382.2381497	166
2777	3928	1226.748437	22.76709704
2783	5053	920.0762394	38.58293741
2784	3075	279.2951223	149
2784	5483	381.7389555	141
2789	2137	1875.512519	65
2792	5512	412.8514219	107
2795	1601	3089.16387	78
2811	6844	1517.655276	123
2815	4847	2782.778708	86
2820	4226	190.6176123	171
2827	6200	637.126449	26.5536902
2851	5770	1000.514922	57
2852	5165	443.023391	122
2857	2444	1550.860597	129
2863	1362	369.0312277	79
2867	3082	284.8069246	148
2868	4716	1045.896143	45
2871	6512	195.7001258	263
2887	3579	831.5182841	96
2899	8089	2742.980673	68
2906	9421	495.2296176	101
2918	1105	469.7773349	98
2919	7162	2081.307484	43.0647448
2922	6922	463.1931229	126
2923	657	792.211382	102
2931	6172	214.6223494	236
2953	3896	856.5582799	90
2955	1027	417.7166606	197
2960	2748	1263.131108	77
2961	3608	2365.549968	93
2966	7463	810.6593479	79
2978	2027	459.5565999	129
2985	8121	229.6964437	136
2989	7968	427.637444	109
3000	4972	370.7015718	85
3002	94	1102.273461	100
3003	6550	404.8714122	91
3015	6373	1357.87392	16.37298599
3023	2062	710.0011971	111
3036	7563	752.9992795	71
3043	4335	1176.043453	49
3060	2159	1192.995701	69
3066	2511	4414.512053	37.7441779
3068	1411	538.638565	103
3079	8913	1420.284819	95
3093	3661	245.6862117	120
3101	4821	457.0789525	145
3103	2811	657.8209021	106
3104	151	301.131343	122
3108	4751	1064.264142	111
3123	3489	637.6903298	123
3128	1381	542.9163929	138
3139	4278	509.1059153	90
3142	8469	237.0398967	221
3146	8559	237.2593528	131
3148	4064	1185.747077	99
3153	2360	400.059572	130
3153	4195	514.8311866	131
3153	8048	651.9369476	117
3155	6944	265.08014	125
3158	9662	1353.871066	11.02331373
3179	6038	1131.754793	91
3191	7215	820.3997844	44.02173913
3205	4453	702.3760505	89
3218	9593	854.6345518	187
3222	4579	808.6020675	62
3224	406	438.7059686	143
3232	3343	1140.347212	131
3236	9040	683.373025	173
3242	9633	279.3285685	84
3255	4597	899.9377887	19.52047734
3261	6653	691.9081864	93
3264	1840	523.2874149	108
3269	2872	1510.277186	59
3279	945	396.7991675	126
3297	3291	995.8845058	142
3304	9106	729.9075896	157
3314	5815	336.2689074	140
3324	7628	585.4583505	104
3326	2742	3593.727372	23.27303253
3332	2298	433.1342279	158
3332	3754	387.2223237	161
3340	6652	196.6280811	239
3345	3756	786.7161231	112
3349	4420	2756.648308	42.1285547
3374	3079	2358.08063	77
3378	4941	1896.344348	66
3390	8211	1632.552678	14.99500512
3393	8521	771.0569102	95
3403	2218	541.4851126	80
3414	3392	1221.064072	76
3426	3132	222.8897725	196
3428	7709	3091.27992	60
3432	1904	2380.728243	76
3438	3037	676.2808351	38.58293741
3440	6355	494.7143688	84
3442	7605	899.1480597	47
3443	8304	596.8669076	97
3478	2237	708.0898937	66
3482	2497	849.5783102	154
3486	943	1718.46603	82
3507	5664	794.8610426	119
3508	1506	2598.864806	63
3509	579	1013.117495	45
3528	2322	206.8735595	136
3542	8278	348.8639515	127
3548	8411	186.1597422	235
3551	8937	364.0653045	120
3584	1676	258.6511081	126
3591	7244	2127.868544	101
3596	4540	871.8534881	98
3621	4818	984.9846836	98
3639	3378	4571.18914	62
3640	6678	514.6770324	113
3641	953	1394.172297	84
3643	5011	495.3924893	131
3644	8478	640.756304	151
3650	4182	1470.433874	65
3650	7435	1427.827114	64
3661	8837	1113.394759	85
3662	854	419.9742144	111
3664	5912	442.4878662	160
3667	5170	929.7790181	147
3669	7887	285.9245906	160
3674	8621	595.7502429	140
3675	7176	1179.363712	30.2968022
3681	3577	1012.503051	54
3688	1868	582.83854	85
3703	2229	201.957679	401
3705	7073	1567.335917	45
3710	8522	515.5532003	99
3713	8208	1795.843911	81
3721	2863	1254.752109	53
3730	725	1303.424527	97
3732	3075	349.8067343	143
3732	5483	387.8955901	135
3738	9045	505.9995355	125
3741	6940	684.6253817	119
3744	40	202.7505032	142
3748	6608	1847.926832	63
3749	5271	2996.643629	66
3751	8012	183.5198471	140
3752	9408	1027.626458	111
3760	2529	1702.279379	76
3771	3135	196.1885118	214
3772	1557	344.4550633	227
3777	5402	3033.616391	45
3800	388	324.8408404	118
3806	7198	913.5952058	31.65828812
3814	5496	400.028858	139
3835	1210	430.163623	187
3841	1096	2441.672705	71
3842	8624	3236.904859	27.1437722
3845	4599	1268.46618	38.58293741
3855	6503	650.6382374	111
3856	5877	1031.925154	129
3858	9193	8212.606914	72
3860	6478	1064.613285	74
3862	3951	420.9107156	150
3867	2156	326.2423659	152
3868	5800	1556.085705	68
3872	2678	706.8632363	136
3872	8494	619.4842313	136
3874	2559	1187.399232	83
3884	383	1438.531045	40.31678793
3896	1031	1374.716052	73
3925	6286	318.5568181	129
3926	3257	245.0825688	131
3931	545	376.443349	127
3934	3508	189.6352861	255
3934	4523	186.2967641	233
3934	8975	197.9285413	235
3937	4765	1169.658062	62
3939	6198	1156.817119	79
3944	72	479.4450595	135
3946	1948	815.8855359	50
3946	3024	759.1416187	62
3948	7343	807.3292124	42.1285547
3950	8493	832.9476228	108
3950	9761	808.5207353	124
3954	4007	488.6788255	186
3956	5636	1488.462378	25.97643606
3962	2688	912.6969732	103
3969	8320	1019.105325	72
3976	3492	1798.250953	117
3983	2341	1871.073073	59
3984	2841	2998.461446	49
3986	8293	1110.909205	110
3990	7156	283.2299618	150
3999	6623	196.0500517	206
4003	2942	871.0882059	41.21271655
4004	7687	399.8621057	112
4011	7353	945.032808	116
4020	913	934.581371	72
4055	7633	820.667641	80
4057	1662	279.769381	183
4059	3358	1612.182541	82
4072	2181	670.7777861	162
4094	80	1727.484551	63
4095	3089	1388.560631	65
4103	360	312.4553985	86
4112	917	988.6197975	44.02173913
4120	3892	2873.978445	115
4126	5441	230.7665491	139
4142	2300	821.1903202	86
4154	2156	464.2615523	153
4169	493	953.8270194	103
4170	5459	1144.838127	69
4173	7034	764.7029621	74
4177	9069	476.0074107	133
4189	9223	3797.797596	89
4190	7333	942.5136521	113
4197	1879	1082.370504	109
4201	1317	755.4404215	17.10875968
4211	6690	265.7470633	55
4212	7597	323.0581041	122
4214	5735	2230.25609	36.92365229
4226	4947	905.2057652	113
4228	4159	1147.420347	75
4235	7389	4751.663669	66
4236	7023	384.6491071	176
4245	1991	804.09158	111
4259	500	1278.711479	50
4262	2393	2679.283321	33.08095687
4264	4612	353.6632428	110
4278	1111	414.3407716	123
4279	9296	1947.987811	53
4280	461	511.1837544	174
4285	6496	797.6868045	109
4302	4869	270.67878	244
4303	5410	462.8597989	115
4312	2956	633.2156466	75
4313	5713	343.671817	169
4319	9206	2896.55027	51
4323	5378	1770.839772	56
4324	9123	257.4221122	121
4325	4460	1295.99265	75
4330	6487	303.5154668	171
4334	8853	294.0891297	134
4341	5033	1117.446653	119
4357	6300	3740.918042	30.2968022
4363	1655	703.6032415	55
4367	9383	1071.715907	144
4377	1223	838.553215	160
4377	2373	871.7624715	158
4378	4936	294.7674294	101
4389	7888	676.284718	103
4396	3459	1190.523864	93
4397	3738	2279.635695	95
4400	8508	699.8113647	131
4401	1875	352.2041375	104
4409	4220	780.359984	102
4411	531	1131.703404	42.1285547
4413	1289	1082.097136	104
4415	7963	2442.683235	74
4431	8202	1210.822185	74
4432	8749	423.0045738	131
4436	6702	825.4135674	71
4446	9061	837.5086711	128
4448	3419	351.0695933	159
4454	9420	2384.38222	70
4459	7524	1973.341493	64
4461	3700	939.9451314	44.02173913
4471	5775	895.2288937	123
4472	6285	3114.026962	76
4485	9422	640.3655339	113
4487	8954	447.6302784	143
4490	237	2645.29133	42.1285547
4493	8705	2189.177209	76
4494	5740	1527.714912	102
4498	1857	585.9370882	40.31678793
4503	6389	858.1845511	99
4507	6911	658.9670262	52
4513	2898	1641.08715	51
4518	8163	329.8163425	136
4526	5906	399.1604086	59
4529	7751	1415.222773	21.31433096
4543	7695	2342.077676	65
4551	9598	1842.314295	79
4559	899	1060.619986	87
4560	6271	514.058734	117
4564	6678	376.8293291	133
4567	4393	2364.014133	68
4569	8917	1472.075218	82
4571	7735	1421.44269	50
4574	353	895.3371378	29.63817606
4585	5316	486.0686182	120
4599	2606	958.2524856	53
4618	3414	995.5760314	34.5675579
4626	2501	513.3198833	134
4626	9786	433.7984001	135
4634	7708	304.7478822	154
4642	4307	1131.519281	99
4645	2747	1147.58171	127
4646	5938	351.5392526	123
4658	4439	2590.996587	98
4658	9585	2150.715686	99
4659	693	229.672443	226
4661	194	906.1944103	65
4663	8773	2622.275221	41.21271655
4670	7823	1148.501239	77
4676	8939	247.9781128	168
4699	1461	1135.242559	58
4700	1666	477.0207802	133
4702	5878	498.4247147	119
4709	6631	4459.080465	58
4726	4354	1225.610304	90
4727	6346	1642.177331	27.74696714
4729	8549	538.730078	97
4743	6940	1015.700487	117
4756	424	406.8827553	133
4759	5401	203.2697233	188
4774	9733	1551.122205	67
4777	8273	600.7890281	114
4813	2058	915.8447804	49
4814	1380	187.4518108	230
4824	6854	384.3821131	96
4827	9789	265.3386377	160
4838	9608	551.0817396	151
4842	7084	413.9899511	53
4847	228	793.4291991	67
4859	7409	1239.113142	78
4862	4125	500.3685417	206
4869	1803	2092.810961	72
4880	3755	1491.342315	34.5675579
4886	5842	1693.506702	52
4892	9679	2055.595335	54
4898	5033	1167.029218	123
4911	7329	557.6524668	130
4917	9275	497.3688974	98
4923	216	1902.882292	42.1285547
4928	3974	417.4341705	94
4942	9247	1248.354126	57
4964	5623	270.2308941	135
4986	4781	213.9746062	118
4989	8585	1204.463289	119
4995	6440	650.3210626	199
4996	3107	1951.236458	60
5004	491	2165.732409	58
5014	933	1735.95425	48
5048	1675	217.0154654	107
5054	9153	1539.742657	76
5056	5859	263.3547255	151
5057	8431	685.8235523	36.92365229
5066	6370	2160.999908	76
5069	9662	1358.70394	11.02331373
5074	324	472.1290528	138
5076	5397	2670.153293	51
5077	6185	1067.946074	49
5084	4848	207.0681271	196
5089	1271	1409.206821	73
5090	5555	1326.647986	50
5093	7438	1654.097442	63
5096	6892	1431.172682	92
5106	5342	722.543726	117
5109	70	184.0565147	156
5109	5500	231.8075331	134
5111	6369	1437.278509	131
5114	9601	2419.243952	26.5536902
5119	7701	1873.960923	69
5122	1432	2737.673476	33.08095687
5130	2954	1642.783825	146
5142	5414	803.4341774	94
5145	5175	741.4155558	106
5150	6551	3173.340495	39.44033602
5164	5417	2029.986799	90
5167	4710	3876.836367	87
5174	8156	2194.97029	49
5177	4273	965.1946391	88
5179	129	2745.487021	81
5201	5137	1108.760615	83
5203	2083	894.6017593	66
5213	725	1028.246804	105
5228	8935	1234.531055	41.21271655
5238	3498	1306.142587	73
5247	5657	1759.860693	42.1285547
5259	1460	197.3265199	163
5265	5602	324.758486	169
5265	7632	441.7303817	156
5265	9535	273.0293374	182
5286	8778	1458.442567	24.859302
5288	3000	474.5465679	127
5293	4555	205.7842811	167
5297	1569	529.7929052	56
5300	5846	301.930787	133
5301	9511	1716.327671	66
5305	2646	633.8172355	107
5307	3514	4483.254106	60
5322	4951	660.1775807	99
5326	2641	217.9208271	176
5340	9308	978.4936456	91
5345	6471	3289.557482	28.99386789
5347	1895	271.9284057	193
5354	5749	238.2948762	136
5356	5279	207.6098864	125
5371	5748	252.7904462	120
5372	7982	1401.082965	69
5373	7349	412.1166639	125
5407	1191	376.4805663	97
5418	7934	404.3923617	132
5422	503	967.1446449	106
5426	6802	217.5908792	208
5435	2313	948.2130794	120
5441	6413	1199.87948	124
5445	4300	4183.423299	75
5452	1641	316.6138667	186
5458	103	248.7652585	134
5465	618	998.9293724	122
5477	6008	928.196898	65
5486	1207	738.2962828	119
5486	5553	776.1939447	114
5486	6716	737.2574072	118
5505	2996	559.9021032	106
5525	6028	979.8846374	30.2968022
5531	1916	240.5124583	231
5533	7396	517.689863	166
5540	7885	796.7612938	126
5547	5630	511.2765503	93
5552	2585	1757.000376	77
5569	9202	1296.394279	61
5570	176	4124.74804	82
5573	4603	2608.610852	107
5574	9806	2836.783845	89
5587	1333	296.7179054	177
5589	4603	2052.617627	104
5594	1370	1015.21819	38.58293741
5609	2925	8770.322399	64
5611	2375	527.356116	76
5613	2018	260.1051664	149
5618	4325	2631.525837	41.21271655
5625	1410	335.9850031	195
5629	9576	591.3292166	109
5632	940	1195.904583	97
5643	1067	1315.019909	89
5644	4256	258.1220412	223
5645	3194	994.4467627	60
5647	4927	2671.221288	91
5651	5614	185.8277632	180
5653	5791	895.2371716	92
5655	7337	4901.052313	61
5664	6827	1646.719261	91
5678	7754	863.839835	68
5679	4701	3764.09995	41.21271655
5692	4566	3586.459314	71
5700	2093	852.8976679	120
5736	4445	1533.453773	20.85097594
5749	5084	1826.874131	33.08095687
5760	3681	2227.521177	75
5767	8024	261.6839897	159
5781	9200	492.0995727	124
5782	8685	191.0999827	205
5783	5702	441.6940876	137
5795	1582	1124.129375	84
5815	5643	195.1067957	148
5825	1957	754.2435283	25.41173093
5829	9311	329.7417205	145
5838	8490	1082.263969	101
5848	2657	6409.123393	89
5850	2385	336.5132	161
5853	2001	942.2388105	93
5858	529	259.0826357	200
5859	7924	1179.562024	68
5862	9603	594.3186973	98
5866	43	434.2896199	122
5870	8338	424.3793211	141
5874	9667	233.5094178	109
5875	8203	822.1076163	87
5879	1142	1877.373017	106
5880	7522	1064.697242	99
5884	7178	3126.106637	42.1285547
5893	2317	668.3968923	119
5913	4509	1430.415131	104
5914	8127	3302.532095	56
5927	4025	306.656131	253
5928	6402	5282.148523	135
5940	4404	1791.50764	123
5944	1427	200.0447707	173
5954	9672	2237.724025	47
5957	6584	509.500194	146
5967	338	1828.044267	63
5974	6862	520.3400886	74
5983	1495	1884.096218	114
5984	7700	534.6707038	120
5989	8988	407.4852811	137
5991	1358	191.7937345	183
5991	2530	241.4944605	178
5997	2980	617.6739479	172
5997	3195	606.4204374	179
5998	4493	4161.270368	36.92365229
6009	1434	1056.881984	97
6009	6232	732.4222171	103
6019	848	1389.363651	51
6037	9546	5650.78378	32.36180563
6049	7995	1189.787325	36.92365229
6055	7883	2566.045577	59
6057	9152	2586.67407	61
6062	4846	701.0644885	72
6067	309	1681.181644	53
6068	92	743.4514513	144
6074	7287	546.160224	126
6075	6488	1337.566254	104
6076	2225	595.0461321	42.1285547
6097	527	469.302211	148
6101	4926	381.1696774	123
6108	2569	780.2380532	70
6115	9048	932.6283612	101
6117	4450	1954.883362	81
6119	8095	3348.234745	63
6120	2678	538.5044919	145
6120	8494	539.2740432	138
6124	4163	964.1884938	96
6135	2218	516.2261764	98
6139	5086	543.8026476	71
6148	774	909.2007913	70
6152	6223	328.250101	217
6154	4988	2851.885067	90
6158	1356	619.3406517	129
6159	8721	496.1959775	107
6167	1298	5327.419204	39.44033602
6188	5605	467.5245596	27.1437722
6194	8713	181.7906717	206
6197	6575	2145.090815	77
6210	3504	305.4657087	100
6228	6866	1886.41016	83
6234	4014	680.0194367	117
6235	170	552.6262003	60
6237	3263	569.8260561	96
6240	9807	4196.759005	15.32822746
6243	2419	1095.164931	104
6247	4082	1898.959152	91
6249	5088	909.7268506	48
6251	965	4028.091363	90
6258	3847	756.8732666	109
6260	3345	627.5220113	109
6261	3036	1009.765167	41.21271655
6263	6125	389.2334293	192
6273	2511	4484.13144	37.7441779
6285	5703	222.9990406	150
6287	1921	998.2106758	97
6289	8339	1995.417868	81
6299	8711	341.7173327	169
6301	7022	893.9862921	113
6306	6434	909.6968976	98
6327	2917	608.0412443	125
6331	6560	548.8409983	58
6332	2525	5078.813524	44.02173913
6340	8682	987.8136409	63
6352	638	2492.811176	108
6353	4189	1645.772426	68
6353	4601	1760.300007	64
6357	375	1383.993704	48
6377	3199	1944.817774	30.97006447
6390	2678	763.62679	133
6390	8494	711.1513642	121
6393	3708	955.564101	91
6400	1371	2096.454389	37.7441779
6408	9028	1131.586966	32.36180563
6411	5916	1504.884184	33.81608925
6422	8899	339.8193531	116
6424	6965	1885.860041	57
6435	7111	395.847711	83
6437	4235	240.8469361	182
6462	239	712.0275184	88
6464	5225	648.5027196	207
6470	135	1714.498888	79
6482	7804	1028.642718	79
6495	5621	2205.990113	28.99386789
6497	9336	206.6178238	230
6516	3911	693.3720958	67
6517	6745	2135.6902	27.74696714
6520	8105	1011.259569	96
6522	6313	1635.649039	73
6531	4479	230.0080047	137
6548	5230	672.0052215	95
6560	6692	1378.618099	69
6562	8616	1296.515221	25.97643606
6565	8530	1346.382762	120
6566	8823	1671.586542	53
6568	4885	348.6761413	134
6580	4958	1325.36583	66
6590	3793	4738.005263	28.36356641
6594	4643	409.4545524	123
6604	1245	306.7555862	200
6619	2947	686.6446802	70
6634	505	977.9464601	122
6644	6163	717.0297931	127
6657	3319	462.8735628	97
6664	3318	4682.499606	100
6667	6228	1674.216694	50
6672	1649	749.6973991	94
6676	5671	1250.747085	124
6679	2814	692.1228314	103
6687	6086	663.6018939	72
6690	263	1075.388199	79
6693	3309	852.4116892	57
6700	824	301.4440825	129
6701	1645	1926.042776	93
6722	903	933.6592945	139
6755	2216	704.1740947	96
6767	604	819.299491	129
6777	451	580.6643097	192
6778	7382	604.1136118	54
6785	5832	16675.78376	33.81608925
6791	9799	784.0353138	97
6795	7377	318.5204231	222
6803	9427	384.9684401	124
6808	8206	2097.075494	71
6810	2837	1392.004786	84
6815	4292	5043.290568	71
6834	2682	1327.79251	50
6835	1754	1269.527354	48
6841	5564	682.231715	140
6843	254	324.4993457	101
6846	2318	3912.985577	78
6852	7088	435.36779	130
6856	6316	354.0740189	88
6862	9702	360.8716583	150
6877	4796	343.4009021	160
6878	5360	1016.810494	75
6880	3715	1370.440438	63
6881	7458	2584.302027	25.41173093
6891	6679	2652.573592	93
6894	8137	666.2025257	174
6907	3372	1574.91029	131
6911	3225	1336.946246	43.0647448
6920	6954	1987.897396	29.63817606
6932	9677	2918.557227	46
6933	9050	1118.693716	72
6936	6635	3009.556659	22.27216015
6942	7644	518.6571933	160
6945	6613	1477.485474	71
6947	7959	1057.606829	162
6961	7430	1030.802485	97
6966	7462	1575.050769	92
6980	404	733.3507959	79
6984	5329	257.7127851	215
6990	7618	2726.360707	33.81608925
6991	4381	659.3480379	136
6994	3337	1133.173594	102
7000	9611	693.2704813	111
7002	2745	267.0847398	182
7005	7336	1310.030011	101
7007	5593	1405.534259	60
7025	8531	3741.851051	28.36356641
7035	5896	1523.703559	18.27487772
7046	6420	1294.359058	69
7047	1742	3138.610052	62
7062	340	1612.814099	40.31678793
7080	5586	703.6913872	104
7083	4629	210.2532904	282
7085	3206	2990.660204	21.78798276
7086	2810	1020.355164	90
7088	973	966.724489	116
7094	4027	741.232929	151
7095	2523	2921.957026	30.97006447
7097	6989	1254.274775	49
7118	2296	355.7876158	166
7119	7682	622.780554	126
7124	1227	1588.110336	125
7126	646	4426.298845	64
7142	6282	2458.797801	74
7144	5023	810.3773566	50
7146	6561	2772.918589	38.58293741
7158	1946	6668.851525	57
7161	7832	2368.57343	32.36180563
7163	9091	1397.280221	96
7168	8664	812.2081289	113
7169	5124	13788.55732	84
7178	7756	456.7284473	147
7179	5921	1092.364765	109
7183	1898	248.2977133	156
7201	2902	968.7871348	90
7204	808	208.7466155	127
7218	6692	1625.98663	61
7231	5817	684.3599321	99
7235	1153	616.9592273	120
7237	368	233.3964751	155
7240	8613	1038.420042	128
7241	3395	843.654481	92
7242	5627	887.3805654	73
7252	6871	408.255559	84
7255	7637	499.2600139	74
7259	3671	1366.375377	72
7260	3540	5630.051092	26.5536902
7265	1294	712.6708906	79
7268	2566	1491.215515	85
7271	2390	677.3929969	133
7284	262	473.3190533	150
7287	160	222.8704345	123
7294	6808	2181.840871	58
7295	6075	1413.749224	82
7300	7177	225.5464538	149
7307	2330	1395.131013	55
7312	7853	4064.198018	62
7317	7243	1634.586063	75
7318	8379	449.657941	129
7332	9177	902.3571302	94
7337	1420	196.983784	132
7349	8661	904.4030375	86
7351	3680	222.3813127	130
7364	8935	1271.902153	38.58293741
7402	5090	186.2925749	191
7403	6733	628.9578684	128
7407	5753	286.7779866	158
7410	3081	658.6731305	162
7417	6675	1632.386452	65
7423	8219	326.3814179	173
7423	9566	236.9220032	171
7428	2896	247.8608698	242
7432	4700	2829.566306	46
7436	4254	1239.118783	93
7446	8119	1093.525119	68
7447	9668	2113.815222	52
7450	3050	1032.392806	69
7454	484	2514.014877	56
7461	223	1069.494661	28.99386789
7477	9793	245.9862755	148
7486	4888	696.7735195	88
7506	496	3767.958384	102
7512	6839	4948.950417	63
7513	6848	3789.058708	74
7522	473	1908.277214	47
7528	609	2934.410722	19.95426572
7530	2297	1686.396446	84
7545	7737	601.0944843	109
7546	5765	309.2282075	146
7561	9073	323.3230971	114
7565	5698	3489.313905	74
7567	5994	2088.793476	63
7578	2217	813.3651897	64
7581	3040	2368.225674	58
7585	5644	789.2038149	141
7586	2445	788.4010211	73
7587	518	837.2892594	160
7591	3783	1334.449131	62
7601	7937	314.2486104	157
7603	6	313.7402777	172
7604	3587	3371.174238	63
7606	3619	954.1145959	120
7609	6277	1082.311946	99
7610	455	520.8262816	105
7635	9639	2484.369003	42.1285547
7639	6590	1963.912659	35.33572585
7643	8150	199.0071324	160
7654	2478	2731.813436	78
7673	1135	364.0968232	113
7679	6363	1012.143828	99
7684	7462	1529.030075	89
7703	7175	1513.077857	82
7705	4556	489.9356833	181
7713	9162	233.7015109	224
7714	5237	547.5891359	97
7715	1297	207.658914	154
7723	1869	1392.938369	14.99500512
7724	501	1962.298545	47
7733	8409	1220.66504	101
7737	9187	754.9878978	64
7758	6571	357.3526918	103
7763	6809	209.1850872	207
7764	2436	1070.858343	107
7770	8023	828.0342496	88
7771	8929	181.3204343	134
7777	6962	363.9386981	91
7779	1062	444.2458088	135
7783	5152	766.3111123	125
7810	1604	667.3870308	102
7817	7378	778.6591641	73
7821	7422	1446.366335	86
7821	9713	1334.417596	89
7832	2138	1158.096894	37.7441779
7834	6589	206.5974485	166
7842	2070	1701.665498	72
7848	6678	303.3192434	130
7850	8955	628.0452462	113
7853	8558	666.4043595	92
7856	9730	449.5305465	77
7857	6663	1293.473404	86
7863	7502	648.7155252	75
7866	1286	1955.65965	98
7866	4329	2017.451566	95
7872	7617	1306.633605	88
7875	2678	1013.284982	134
7875	8494	873.9374598	132
7880	3914	491.4006787	99
7884	4484	634.6066388	42.1285547
7898	8428	487.1380068	118
7902	3646	384.8835707	165
7902	4992	310.887055	179
7918	3055	640.4043456	155
7922	9753	1595.102859	24.859302
7923	9230	638.3498956	117
7928	8160	1080.646112	43.0647448
7938	685	3869.065355	11.26827626
7945	5545	189.6919453	219
7952	7798	2936.441733	64
7962	7331	736.3116777	85
7972	8758	1972.127994	57
7986	5347	1233.755742	102
7991	5733	1474.36279	66
7992	6742	678.7289429	67
7993	5375	594.3716398	80
7997	5683	847.662615	86
7998	769	761.2115859	127
8015	2809	1819.189705	48
8019	1790	945.4773343	117
8024	9614	3387.989175	79
8030	3423	879.0247431	147
8031	6107	469.7420585	162
8034	1593	581.7366127	115
8038	1225	753.2846027	215
8039	5681	635.7212121	80
8044	912	1864.636388	78
8047	6037	1057.274987	37.7441779
8058	7778	785.9379629	110
8059	5239	2552.040638	91
8066	3281	4871.048575	37.7441779
8073	8224	968.9279011	98
8080	878	707.4673557	89
8084	9590	3101.803295	61
8090	612	672.1974286	99
8100	2818	511.4310394	73
8107	6976	1163.739279	87
8107	7839	1262.624163	83
8109	2549	638.5357799	145
8128	906	729.1796105	132
8134	7764	2396.410538	56
8146	1519	189.483464	186
8161	432	1780.835049	97
8175	4122	1720.290811	73
8177	9544	1289.776796	109
8184	7098	389.9504566	132
8193	6810	769.0015804	72
8194	6805	3779.807183	79
8200	1659	461.273038	148
8201	6912	726.3657895	103
8208	6668	1499.95458	78
8212	1628	644.8062482	136
8217	3869	545.7786802	112
8218	3809	232.2879968	209
8230	5107	329.7428685	131
8235	1181	200.0347708	183
8236	2045	335.7372948	155
8250	1038	897.3975298	172
8257	2784	877.5082748	113
8268	6943	325.0497757	193
8273	5699	3054.703561	53
8280	4133	307.5456988	150
8282	3362	881.9497321	100
8284	9156	882.1686615	64
8296	6674	3449.984869	39.44033602
8306	3110	2797.296946	89
8313	7656	426.8468763	175
8328	1516	2381.784702	80
8329	6254	1040.971819	118
8337	2368	2169.046853	51
8345	5124	14155.82943	84
8349	1758	696.7924421	99
8374	5151	714.4636924	99
8387	1079	1227.693077	79
8393	8861	463.808092	96
8399	5754	713.7443881	57
8402	3773	2153.81225	72
8405	3688	3816.471792	23.27303253
8415	3130	586.5367145	116
8434	3339	2850.598932	28.99386789
8443	6519	356.5291387	52
8453	2873	260.2012737	189
8455	8188	290.3262803	160
8463	8510	2177.30326	96
8473	4666	2262.153309	70
8480	5622	328.6995779	138
8486	8413	1142.501295	167
8492	1039	1663.556528	78
8493	1914	1520.688579	71
8493	8832	1532.903906	72
8497	4060	1818.775662	96
8500	4224	894.9884544	82
8520	5751	1050.169182	71
8547	5862	755.3731542	51
8554	4883	3314.643166	77
8566	9644	1867.660644	76
8571	8007	2743.565517	97
8577	9717	1001.0595	85
8580	2125	927.6989041	81
8586	9054	979.1876127	106
8596	1281	272.2728042	75
8606	1732	3279.654211	89
8607	9602	2551.57798	52
8622	5241	203.0992353	137
8624	1543	232.7041141	229
8624	6179	198.8796362	203
8642	6133	335.2024892	169
8645	633	232.4558187	152
8648	1494	614.6666357	99
8649	5861	884.608478	103
8652	805	3540.59346	84
8661	1595	2115.932752	77
8662	7979	880.3332819	83
8668	5979	236.2648104	204
8670	1854	820.7467871	96
8677	1918	669.0119826	57
8679	6407	815.4709689	58
8682	4867	723.1391799	119
8687	7602	1142.201975	79
8695	2761	227.1039586	197
8697	6729	2790.747831	42.1285547
8707	8146	632.531321	83
8735	9729	549.6008444	124
8737	7155	1009.929966	91
8747	1536	794.518793	50
8748	1070	835.7174208	107
8754	5135	212.1661593	165
8766	7204	895.1198513	91
8767	7133	356.4336219	82
8797	8970	1668.207038	65
8829	5657	1757.422447	42.1285547
8855	5385	4592.57404	49
8859	9568	7244.240815	67
8860	2744	202.8036532	165
8862	697	1773.255658	80
8870	2574	1305.394571	21.31433096
8891	4525	3147.103812	66
8894	2374	1632.262116	144
8896	895	418.3002308	122
8905	9368	2662.540813	115
8907	366	1106.969031	115
8936	3290	585.2647813	113
8937	2754	782.8145227	135
8941	6139	860.9625432	124
8971	3668	2955.485618	14.66902675
9007	7619	196.1654534	226
9022	5367	366.1890187	150
9023	5495	344.0474637	91
9039	364	846.1929171	83
9049	2160	792.1369034	117
9052	6586	991.0432643	70
9054	1901	398.7056598	193
9059	2203	222.3442393	148
9065	5890	185.1120544	211
9079	1333	372.5230086	170
9089	9465	581.9980369	178
9092	6948	417.4928778	119
9094	9745	256.1996933	127
9098	2563	839.3217979	70
9099	3949	2339.36097	92
9099	8082	2574.871422	88
9103	7195	1554.928403	133
9109	5129	207.9786674	181
9110	6026	4297.503668	54
9132	6700	835.2347	114
9148	9648	1090.008643	74
9160	7304	695.7006173	112
