6	3536	957.9653804	64
8	18345	500.8861732	58
28	16174	396.2671157	206
31	7377	1317.652068	178
35	14131	693.44823	70
35	19807	603.7575231	74
45	20082	649.0157559	85
51	13618	1472.130171	111
52	13256	337.690709	138
63	8877	416.4809191	127
71	7920	210.08537	159
75	4852	710.5988636	117
76	9048	524.2060594	152
78	1101	816.1648752	95
78	3332	785.5594403	100
86	15969	968.0830754	122
87	2237	1767.595365	94
90	16309	281.3801931	185
90	18000	360.9824436	200
93	7048	1335.344197	57
98	273	642.3070699	74
100	14891	821.2244971	128
113	7410	600.7613347	85
113	19341	456.3632585	97
113	20389	346.8640395	100
120	7050	701.9259259	64
123	6103	1864.119573	86
124	14548	557.7693699	55
128	13824	947.2697859	86
129	3422	723.4715513	68
132	14254	1322.261575	85
133	13865	182.1083355	116
136	14695	325.2323838	104
136	14881	325.7179716	115
140	2216	976.40167	101
141	13276	1811.567808	50
142	12985	1675.505946	91
145	12572	778.0110819	131
149	8656	3292.56517	56
149	10631	3364.301258	56
157	14831	1995.331748	146
158	16803	764.7216796	73
161	14407	1586.455227	96
165	16549	619.420733	185
168	8284	2949.049272	23.79021103
169	1170	1769.836718	37.7441779
175	10650	731.4841989	86
176	14636	2270.065829	119
181	11219	852.0112937	100
185	4168	1067.563188	97
187	8911	1179.699041	116
192	9183	502.5439054	103
204	7401	1514.87674	55
207	7420	968.8542025	118
208	18325	1126.049991	80
210	6387	411.1951218	74
211	8896	181.2524821	122
212	4763	987.1144543	101
215	4601	916.0627741	87
217	20352	1143.236407	74
218	2411	712.7425222	100
218	10316	569.7152203	119
218	16158	726.5450024	111
221	5850	2259.385265	84
224	452	1022.37592	74
230	13857	810.652591	117
236	14752	416.1921568	101
244	10	5568.762243	49
244	11481	5700.336485	47
245	8335	1579.609124	83
248	5936	414.4832994	114
249	3825	810.2082808	101
258	12273	1523.955369	63
260	17506	795.3165875	53
266	4005	650.4090688	72
267	8859	805.5853256	113
268	3609	1151.868949	87
269	3136	1128.035145	20.85097594
271	13788	1155.694764	38.58293741
273	18785	714.4824871	36.92365229
274	1112	1002.995211	48
274	5015	795.7284725	51
274	5069	885.6224325	51
274	6948	1038.5923	46
274	18829	1011.988349	47
274	19651	966.8187149	49
275	6482	578.4580222	137
281	18831	491.9698995	94
285	1134	1096.65294	82
285	2257	954.7488116	84
285	18054	1030.937424	85
287	5175	464.3976553	110
287	15728	623.5937269	103
288	8672	4298.601045	26.5536902
292	9976	2189.200999	59
294	6478	1447.983167	60
295	12371	2546.045901	37.7441779
295	18228	2171.026222	36.92365229
298	9370	205.4521669	251
298	13220	283.0147963	239
299	5487	377.625491	137
300	8657	719.7293333	100
301	7333	2049.064461	23.79021103
308	701	4663.133447	44.02173913
310	11982	3445.172481	45
313	3728	759.6392615	81
317	17857	1031.974255	90
326	19308	366.9160593	105
330	8400	1256.259713	100
333	3830	581.727008	304
333	5330	293.8856505	332
342	10318	1662.174013	31.65828812
342	14081	1642.529327	32.36180563
343	10306	412.4906406	159
345	10048	1239.598326	39.44033602
347	1231	744.4935956	117
351	9914	934.7923396	51
352	13568	4901.563318	7.421581234
352	17292	5017.238481	6.089597444
352	18696	4960.762228	6.796967195
353	9261	589.8087441	146
354	14338	3706.77643	35.33572585
366	18869	496.2083457	125
367	16887	595.5514884	154
371	7813	1153.278407	130
372	1488	2904.793961	69
373	14026	199.2812201	179
374	8370	3370.972729	18.27487772
376	15132	678.7111778	135
376	16771	663.8526064	129
377	1095	1502.030527	62
377	2736	1597.177947	62
377	5785	1524.190881	66
377	12168	1604.784057	63
377	16772	1658.319691	59
377	18625	1621.611925	61
378	10254	230.25348	130
388	3631	1990.294537	92
395	2787	1244.277986	65
398	972	3295.694451	54
400	15296	410.8659203	143
404	5284	2364.450535	43.0647448
405	858	3279.338859	157
406	7371	2093.33854	96
406	8876	1999.77289	97
406	20431	2062.439402	97
408	3579	1340.725343	84
416	5089	1264.61118	113
416	9114	1277.019482	109
416	12501	1304.045722	105
416	16605	1280.044727	105
421	11814	502.0732259	78
421	12202	642.5047407	76
423	16699	260.6127256	251
429	3173	1692.681708	106
434	2068	2828.240152	64
437	3255	1117.33272	119
441	7044	297.1916319	143
443	19412	202.0746882	272
447	8369	1062.774732	5.827710219
447	18746	1019.762319	8.283674685
449	8952	1667.934138	46
451	1691	2285.973336	33.81608925
453	13128	3318.843499	58
454	151	752.9052741	23.27303253
454	674	729.5393033	23.79021103
454	1765	864.3905447	24.859302
454	4789	884.6187393	23.79021103
454	5067	889.0410044	23.27303253
454	5231	885.4235225	19.09611913
454	6618	900.2060635	22.76709704
454	8748	788.5160151	27.74696714
454	10273	876.7562177	24.31888239
454	14217	765.956612	24.859302
454	14960	889.0410044	23.27303253
454	16691	813.5110498	25.97643606
454	17398	838.3148001	20.85097594
454	18327	777.0225888	24.859302
454	19697	889.0410044	23.27303253
457	13314	657.7694362	130
466	853	527.4611788	136
466	4846	505.8145673	139
468	14971	1415.493083	64
470	6675	2093.205532	52
473	13451	3622.829567	142
485	4996	5509.043614	46
485	9230	5609.885068	43.0647448
485	15349	5829.182912	44.02173913
485	16808	5778.997456	44.02173913
492	1850	1331.91365	104
492	14475	1587.744454	110
497	3407	830.034674	109
497	3659	795.2713565	110
497	9263	780.9384299	109
498	8837	1470.350583	95
503	8832	555.3890244	194
503	15506	557.1560448	200
505	2033	569.235134	101
511	2676	502.6617867	117
517	1931	809.2814215	104
528	12376	1082.357753	107
529	5982	867.0874089	96
543	14412	2650.215323	59
546	1898	719.6570924	181
546	15468	525.5676253	194
548	5221	1150.51833	57
548	6748	1166.897935	56
548	8168	1070.914739	65
552	2201	2532.469502	78
553	358	1104.488273	125
554	6219	1075.140129	106
556	9111	402.1511814	137
559	5581	3244.801179	78
562	14070	2503.080655	77
572	1374	415.6475308	73
592	4595	288.4971194	198
605	16584	204.5532277	185
606	2508	903.4818161	108
607	13121	2647.552778	58
610	3971	702.3566446	84
610	14890	884.1510737	81
612	2833	351.1121398	138
615	8300	594.4688694	181
624	11018	1917.833071	47
633	4609	568.8736109	42.1285547
634	440	1855.950061	58
636	10196	2930.240823	51
640	14951	1749.569713	53
643	8774	2285.788553	53
644	10033	1457.260376	69
649	5773	933.0150305	83
649	6990	925.2271739	81
651	10230	394.4195768	130
651	13989	382.9589838	131
654	6091	2624.740731	68
655	3071	508.4980906	92
657	5035	1900.641681	46
658	18175	641.2118263	142
669	15474	687.051338	147
670	16228	479.5482027	196
674	4612	2981.263394	48
674	12060	3435.261826	52
679	2570	2301.686633	41.21271655
681	15351	663.7043534	122
683	6540	1099.690681	95
686	3850	522.9039518	95
687	13829	211.360374	122
689	14962	2112.136835	38.58293741
690	7638	1929.472847	60
691	9610	745.9149311	115
693	16812	648.5166875	105
695	7405	1647.636178	126
697	8070	1884.40125	55
697	18347	1832.976319	50
703	14343	2809.397497	31.65828812
704	18083	210.349309	167
706	6514	872.3246034	71
710	16795	904.7662068	154
715	11261	509.9126847	76
715	19684	524.5509429	72
717	19337	780.3367462	113
718	11529	2325.241184	52
721	17954	357.57619	61
723	19589	645.9095786	56
724	12717	2109.012665	156
726	10564	1544.624387	62
733	15836	1879.815633	55
734	17132	1404.574131	103
736	19816	4762.207523	52
739	17388	345.9022938	169
742	14201	187.7628555	176
743	19057	2823.031533	34.5675579
749	5036	700.4616415	66
752	14257	783.6881626	86
753	9728	388.5077327	87
759	18919	641.4919222	106
768	5695	3279.944641	60
769	4162	287.5183664	138
769	5139	411.0493105	136
769	6084	407.0634916	139
769	11472	403.9789399	137
769	15011	399.8308553	136
773	11807	861.9789588	126
775	5557	1436.986661	110
780	18955	2273.060898	33.08095687
781	17423	511.7685957	137
781	20123	609.4526207	140
793	19602	695.5818376	36.1209642
796	14264	543.0339395	135
797	17894	1536.422202	121
807	16575	738.9960834	157
808	6577	618.8824398	79
810	15885	972.6434028	73
818	1177	2406.372408	61
823	3198	2627.994181	86
826	4179	1698.780743	53
826	4614	1761.902918	49
833	1371	844.6242571	123
837	16410	228.9425771	136
839	2658	1053.62183	90
840	15292	577.5747124	154
842	3698	1198.038064	133
842	11881	953.3849922	133
844	5629	2463.039724	47
846	10388	1439.338201	93
852	19023	1065.410058	104
854	15906	996.005361	102
862	18529	1581.843215	67
865	9981	1125.506694	169
866	18551	407.9857027	122
869	19054	8092.555734	27.74696714
870	6942	1669.325986	30.97006447
876	12585	194.6829542	234
877	15481	673.371811	78
880	4546	303.0855385	263
887	15621	210.4113395	226
888	6750	390.7108007	152
890	5917	966.0100047	96
897	7864	1865.52924	99
897	8427	1665.647483	101
897	15615	1757.587023	105
901	11519	1097.041669	83
901	20214	1639.336717	79
908	1749	1661.521695	66
908	3687	1806.748233	55
908	18721	1275.541673	68
914	1140	198.5966198	94
914	14041	204.1753498	83
914	19641	191.4110924	90
917	19447	1336.088322	69
918	3402	2075.346941	42.1285547
922	7715	483.193703	95
927	130	1130.450666	74
927	6889	844.5521198	79
927	14330	1085.905332	79
927	17512	1136.413015	79
928	7427	513.6724959	143
935	200	487.9231705	100
935	6185	470.8829911	96
935	8296	406.793	103
935	9340	517.2353828	92
935	16888	498.1046057	98
935	19642	486.0995928	100
938	3846	5786.761724	17.10875968
941	10627	390.1149404	161
946	19082	350.291337	153
952	2781	340.3645309	159
953	18339	524.2593171	142
960	12715	799.0651898	110
963	16317	1459.984915	55
970	9358	1329.496227	82
970	11801	1031.422663	100
970	14653	1063.984215	98
970	16977	1239.006405	87
970	18416	1327.306039	81
970	19358	902.4363941	111
971	8673	2202.128883	101
974	6128	2068.105544	64
975	8112	800.0947954	53
977	15958	1972.246625	96
978	5586	667.911399	69
980	14367	204.5378166	191
982	3546	987.3854148	78
982	12580	927.1856671	85
988	13538	331.783206	158
998	17286	2038.739172	56
1012	1368	8500.738925	70
1012	10442	8283.740615	72
1022	1512	444.3531929	68
1023	15014	1031.515717	109
1028	7478	4156.302702	73
1032	18515	4409.011888	59
1033	10992	1055.177866	88
1042	17019	989.3666889	127
1045	8545	646.8828176	213
1050	20177	1560.561396	114
1051	13860	418.273228	136
1053	17931	947.1701742	61
1054	13316	2289.710785	56
1056	1718	1275.200844	148
1056	4151	1247.088117	148
1057	1786	1486.566641	88
1062	9852	639.9459017	108
1068	950	960.6938262	24.859302
1068	13438	1133.836198	30.97006447
1070	143	340.47428	189
1070	4231	584.9916495	185
1075	13208	2878.73618	65
1076	8314	2235.718605	99
1076	11465	2468.373069	105
1082	2561	241.9802148	140
1082	6043	231.2590563	144
1082	20653	232.5843543	123
1083	9379	416.6986684	140
1087	6907	1197.182574	142
1095	20111	1665.202203	89
1096	7345	2735.597549	48
1097	15314	1717.72193	66
1097	19745	1618.251774	73
1107	18947	332.2924737	99
1110	1407	485.0140551	138
1113	15757	327.7747636	76
1114	1999	361.4014941	129
1118	8189	888.0763594	187
1129	19486	949.7062729	71
1134	6295	528.9478732	33.08095687
1134	16206	546.9558394	29.63817606
1137	5329	380.4745836	96
1144	12143	1419.542695	59
1146	6141	2761.60223	99
1146	14173	2322.812462	99
1150	20061	5420.286692	94
1154	8735	358.9362881	127
1154	14067	394.2106425	121
1157	12483	502.3321881	98
1159	9983	1031.61558	22.27216015
1165	3758	1209.265291	71
1169	10481	1160.044015	85
1169	16817	1271.714282	86
1171	3584	460.6625487	217
1174	20328	654.1612254	100
1176	14303	3330.779253	46
1177	12090	380.3337629	125
1187	6035	2584.460512	32.36180563
1192	4207	579.1074075	127
1192	18478	518.3304091	134
1193	2035	1279.246592	75
1216	2693	638.7680857	144
1216	6307	508.8785753	134
1218	4991	3239.261033	39.44033602
1218	17977	3144.565292	41.21271655
1219	15874	959.0485324	120
1220	805	458.0418031	139
1221	15945	2184.588878	52
1222	12260	1439.296567	86
1228	16200	6163.304127	90
1229	2440	759.1154636	89
1232	7639	3294.286513	39.44033602
1233	10902	2088.601661	80
1234	2552	439.3604712	131
1236	9402	2146.487829	81
1237	3887	855.9561738	157
1237	7110	1223.094534	151
1237	12041	1031.994504	159
1242	9092	1260.251102	20.85097594
1242	18477	1260.251102	20.85097594
1243	5743	207.0978607	150
1244	15440	903.23981	104
1245	18980	206.4250728	141
1246	17586	1344.716399	66
1247	12224	953.6885772	102
1250	9509	1790.348543	58
1251	18296	664.7198353	96
1252	8980	1887.174098	112
1259	12164	189.2758999	178
1261	14840	861.4263559	115
1277	14917	952.873827	96
1281	6230	236.0931007	98
1281	7029	281.8060029	90
1281	18926	285.131785	90
1284	19504	885.6506658	66
1288	3474	1085.210316	71
1288	19687	981.5171761	79
1293	12227	421.2507455	97
1294	4449	1579.966934	53
1297	6063	778.7306206	111
1299	19209	537.0611825	60
1301	13832	693.6430753	138
1306	16729	484.7899799	32.36180563
1311	6866	2644.629931	49
1311	9712	2555.361747	52
1312	1979	2479.217373	106
1319	11088	1314.385478	86
1320	9123	4392.555205	19.09611913
1329	10666	476.2761957	136
1338	8883	908.5367284	104
1338	18468	872.0482173	112
1340	62	4754.011805	86
1346	1319	935.3223549	106
1346	13714	1218.01994	97
1348	14953	562.4853509	116
1352	13397	5605.412899	60
1354	5913	1290.261001	41.21271655
1355	6689	886.2367645	142
1364	14079	407.3425151	83
1364	19703	391.6217259	87
1376	6118	992.2884872	72
1376	19445	877.9456594	83
1377	14992	1548.932415	97
1388	16264	775.9312388	126
1394	8113	1820.936771	32.36180563
1403	7045	2340.979981	53
1403	16286	2294.03717	55
1405	12426	2097.397769	60
1406	6569	187.219011	125
1408	18673	1927.522064	102
1410	9671	1755.628229	74
1410	10893	1849.776097	70
1410	19147	1755.628229	74
1416	18844	848.9904391	150
1418	11556	1271.054425	103
1424	20462	2685.61	39.44033602
1427	16426	419.9322155	76
1428	17984	2419.051592	100
1429	20313	1061.144853	84
1431	1828	1107.966719	62
1432	1109	1047.432425	33.81608925
1432	13474	1078.317196	32.36180563
1433	2200	911.0932267	94
1433	19635	811.1801609	105
1435	20138	325.6581241	119
1441	11094	391.3504059	118
1442	15177	414.2977073	214
1447	7987	1450.102181	88
1447	14066	1387.650494	87
1466	6584	1234.40993	130
1475	4044	2443.508806	91
1475	10206	2069.601554	90
1475	16205	2222.504199	100
1478	17068	817.2348162	70
1481	14995	2535.546786	76
1484	14720	197.7492873	184
1485	1565	250.6068924	214
1486	2626	3613.989123	47
1493	15390	896.2056614	118
1494	14095	391.5334622	147
1494	20058	437.9922154	140
1501	3320	566.0058615	119
1501	4803	853.1183931	105
1501	5352	798.299254	113
1501	9881	814.5706393	110
1501	15798	697.3690318	115
1503	6765	785.9482732	87
1505	5883	776.1694619	145
1506	7496	830.0868644	181
1507	13046	609.8010128	124
1510	20044	1439.545541	50
1514	3664	680.198271	152
1516	4213	1870.676264	60
1520	18931	369.3948664	90
1521	14985	2642.66169	53
1527	15094	332.9403378	106
1529	12769	1036.504292	23.79021103
1533	3124	1719.29541	35.33572585
1548	1575	521.9121872	141
1548	8760	570.8910152	132
1548	9276	489.0732548	138
1550	2126	1242.249043	151
1551	736	1597.77183	69
1558	17010	1474.297128	63
1578	11150	285.8552992	209
1578	18092	294.0859084	190
1580	2972	1481.520432	111
1582	1002	1744.287944	43.0647448
1584	15040	597.3666229	113
1584	19858	586.2352171	110
1586	5264	1395.861962	40.31678793
1586	6210	1797.332256	38.58293741
1586	11277	1472.264222	41.21271655
1589	11574	1474.065649	58
1593	12469	2128.281907	86
1594	14657	443.6790695	103
1604	14323	2366.584182	75
1609	18151	1057.385103	116
1611	12714	545.2216423	124
1611	13242	513.5655343	133
1612	17293	288.206776	77
1612	17479	320.3211504	62
1618	8794	369.6629516	218
1622	168	507.4550282	24.31888239
1623	3149	807.9911904	123
1623	12062	728.8277731	132
1623	15529	781.8396915	134
1625	7105	772.1433739	115
1625	15222	782.7444214	109
1631	11362	653.0053806	135
1634	570	767.4725998	132
1639	12581	661.7272893	128
1640	4616	320.6799592	103
1647	8316	2861.61609	53
1649	9358	949.9061809	99
1649	11801	957.5169739	102
1649	14653	1028.73045	91
1649	16977	965.4202416	97
1649	18416	980.2162555	92
1649	19358	983.8638967	94
1654	2021	949.574585	121
1656	1350	980.081449	160
1662	15230	3553.1105	23.27303253
1665	12564	528.9352673	111
1666	4130	1655.075465	31.65828812
1666	12413	1671.011746	31.65828812
1668	11209	843.1269111	75
1669	4333	2555.223485	51
1670	2460	200.9638282	290
1671	14291	2930.586672	59
1673	1506	2590.975815	99
1676	12268	752.025729	97
1676	15336	693.9555076	104
1680	9431	693.5508502	49
1681	12230	1293.127801	76
1684	2283	477.3814143	179
1684	10501	1312.745921	172
1686	15320	2601.677787	27.74696714
1688	17767	2886.55079	65
1691	7549	512.1545096	143
1695	7145	292.5933313	275
1696	12658	6686.355804	58
1696	18476	6515.181198	62
1697	16994	1417.306558	45
1701	18841	1415.572238	75
1702	18757	3576.752792	62
1703	9660	1397.747466	80
1710	10470	3232.222771	46
1710	14826	3457.431756	42.1285547
1713	18658	2754.727712	63
1730	8263	1383.263909	127
1732	8031	300.7811171	109
1736	17389	1163.564412	56
1739	12904	458.2671787	122
1740	14046	2099.375856	76
1742	13601	1389.54429	140
1746	418	448.3416536	161
1748	5566	1651.236966	69
1748	19857	1850.641662	65
1748	20110	1648.97523	69
1751	7828	785.9833707	114
1753	9650	1979.50447	56
1756	823	314.9354044	170
1758	10302	668.384452	81
1758	14089	662.006174	82
1759	2395	702.4472237	88
1765	12734	1107.251755	157
1772	10696	390.6117948	145
1794	1974	184.9199049	299
1795	3326	2131.482388	79
1801	12196	1459.395967	7.755094268
1802	19776	2363.000668	40.31678793
1803	9153	1110.198873	78
1804	13383	341.1083666	163
1807	7141	994.9533412	146
1808	3777	308.3555552	188
1815	16091	701.3898879	141
1820	17258	456.2275459	95
1823	1905	815.9446984	113
1829	8578	1695.663197	75
1831	7204	746.6160593	86
1831	20043	603.9677443	102
1834	18620	1338.550398	111
1836	6207	1988.586585	92
1843	13488	340.6503622	168
1847	4026	1306.863056	48
1860	677	204.2545801	140
1860	6850	215.6299103	153
1864	1822	2307.296407	70
1864	9913	1606.646216	74
1865	2032	1478.190186	77
1865	9836	1405.943097	79
1865	19446	1405.088188	79
1870	11644	799.9982854	84
1878	7765	2193.157138	52
1878	13647	2120.861179	51
1882	15339	2626.807879	45
1886	9996	760.3704891	74
1886	10056	702.8162019	76
1887	12844	1799.027059	112
1890	12478	2712.213405	76
1891	5957	895.4874226	21.31433096
1892	3103	1416.937393	75
1892	11222	1358.33141	70
1899	7926	978.3494975	122
1908	5068	266.9424936	141
1909	2230	8303.082154	57
1910	7492	820.4815479	68
1913	11160	1893.807279	75
1916	7910	334.2438082	177
1922	2939	485.595871	94
1922	8280	481.7206545	95
1922	11339	479.9812402	97
1923	19746	202.7418522	304
1924	7876	306.6858732	77
1925	12155	1051.310891	37.7441779
1925	15312	1159.977389	31.65828812
1929	20257	1567.648964	57
1930	2340	1068.10501	41.21271655
1935	15008	668.7379166	118
1941	13081	2249.60816	43.0647448
1946	17865	1693.924097	36.1209642
1949	4610	697.7465523	106
1950	17518	317.5737363	62
1963	18566	537.7722809	57
1968	167	478.3858761	128
1968	889	552.458437	133
1975	7374	708.5409597	159
1982	1073	1181.537592	73
1982	16770	1327.722158	79
1991	9800	268.7251203	131
1991	10472	259.4539433	132
1991	13830	275.7681644	129
1992	17181	4489.164353	46
1992	17376	4527.143588	45
1993	3077	935.4673329	76
1993	11490	993.4678351	76
1995	16699	230.4140819	252
1998	10742	1179.531988	47
1999	11593	505.4103177	118
2000	10139	1295.901497	89
2003	14423	1060.465937	111
2005	17499	764.2965628	108
2006	12775	2110.940092	51
2011	498	1760.776836	66
2011	1704	1945.201995	64
2012	19531	767.9967026	47
2013	3591	266.4547665	197
2017	17287	824.2500682	72
2018	16639	288.0742031	161
2019	9822	1178.580916	119
2019	11005	1195.145219	118
2019	19099	1184.427997	110
2027	17648	1074.359123	88
2028	6398	374.7312615	160
2031	12560	659.9392468	60
2032	20665	1666.756837	50
2034	20659	690.5132512	124
2035	19222	1199.669225	64
2036	17913	1274.721245	57
2037	13857	1152.13554	106
2038	10172	2231.62295	53
2046	12678	975.6192672	71
2056	3101	1740.689859	167
2058	17377	584.0232986	143
2062	5463	322.999852	160
2065	4693	973.2434021	95
2073	5399	396.065368	123
2078	772	355.3616038	127
2078	1166	344.2262704	138
2079	11016	326.3269054	74
2079	19216	382.5367539	64
2079	20205	352.5177087	68
2080	3944	1483.916689	74
2086	3176	860.6723573	110
2086	19426	853.2576027	118
2091	17932	645.186894	111
2092	9045	771.1965675	91
2096	2981	663.1197265	148
2097	11558	565.4631512	93
2101	5233	596.5555402	103
2101	19256	702.375754	99
2102	5335	2035.603738	34.5675579
2105	13896	2529.015767	70
2109	16244	571.3667282	130
2110	5496	2272.136936	34.5675579
2110	15439	2114.596021	34.5675579
2111	4162	374.8860889	137
2111	5139	543.8192884	129
2111	6084	523.0050132	128
2111	11472	600.5458614	132
2111	15011	591.3647069	123
2124	19958	1268.499435	85
2125	4549	422.4990732	80
2125	13335	298.1456054	103
2125	14032	464.1978046	70
2128	5766	602.3768952	96
2128	16393	427.4172522	105
2129	815	2264.996424	111
2129	11642	2500.576253	110
2131	1442	2646.683943	52
2131	1600	2710.312942	51
2131	17401	2781.425836	48
2133	5101	1270.035316	100
2135	5416	1837.829928	79
2136	9878	185.7814379	246
2140	647	1634.594837	44.02173913
2140	3726	1639.909446	44.02173913
2140	13138	1551.425505	47
2141	14766	197.4631297	146
2156	17522	503.8339666	114
2159	12502	2198.074748	66
2165	711	2490.811087	47
2165	5728	2412.822064	49
2165	14751	2644.470141	47
2167	281	494.7756645	138
2174	1557	790.2831959	119
2180	16850	2464.188366	145
2180	17104	2985.492611	144
2194	8080	1796.860062	75
2194	10370	1665.411255	78
2197	9253	215.6609996	172
2197	9731	196.1079486	178
2202	11568	3539.884754	93
2203	3367	1583.327915	54
2215	8575	574.8871058	118
2218	7849	870.2158269	68
2219	8633	3503.545976	100
2228	3081	3701.741554	62
2228	5345	3409.389684	66
2230	8418	1759.454872	71
2232	1841	699.2729273	106
2232	17770	658.6921488	106
2232	18874	633.1604313	114
2233	15225	286.1973215	132
2238	10877	4293.651145	47
2238	20540	4447.344766	46
2241	5948	1298.085656	85
2245	6278	2537.322074	86
2251	5630	3209.080028	79
2251	15937	3278.171425	77
2251	18330	3201.011625	78
2252	16382	819.6013419	75
2257	14779	328.1285466	164
2257	17514	361.0090805	159
2257	20206	332.9543385	157
2270	5527	715.1038949	66
2274	18151	1070.614695	114
2275	18031	1154.612067	92
2276	10034	2285.32577	44.02173913
2277	12595	942.3735713	81
2278	6852	1728.014566	56
2281	18839	2507.404073	67
2286	1829	1202.201978	69
2286	7453	1124.36109	66
2286	13240	1236.940529	62
2288	10909	1987.052856	67
2289	821	1887.686923	154
2291	13418	2328.697121	42.1285547
2294	19110	1141.923025	81
2295	8225	1107.028123	123
2296	6741	1202.535942	79
2296	7483	843.6506968	97
2296	10373	1064.348441	79
2302	652	595.5215935	95
2302	14570	333.762141	140
2302	15042	498.5754674	86
2308	11030	1430.745538	55
2308	18793	1413.215935	57
2310	6846	972.6732552	52
2321	3193	576.2756293	95
2322	13084	1006.345696	73
2322	14955	1127.558129	68
2324	6353	1533.137945	63
2324	10762	1548.028176	63
2325	11751	426.1020716	121
2328	5892	1000.008728	76
2332	5342	1255.447811	124
2353	8845	2394.083949	127
2356	19709	2706.747224	57
2357	2765	374.8477933	150
2365	13996	189.181169	150
2374	1950	301.1090962	197
2375	2858	1705.272101	89
2375	7880	1599.854266	82
2375	11193	1785.676341	89
2383	760	1459.415347	128
2386	11531	1286.320557	102
2391	14433	1871.173706	93
2394	17481	2942.421233	41.21271655
2397	11445	1115.160826	48
2400	11861	1231.777487	74
2401	3220	3661.900768	75
2401	4184	3528.238721	73
2401	17963	3701.505394	74
2401	19274	3600.532447	73
2406	3351	2452.360672	50
2406	13000	2422.431516	49
2406	15936	2358.148167	52
2406	18695	2556.528031	47
2416	5670	4141.079016	51
2417	4198	1761.400493	67
2417	10969	1964.600434	67
2417	15617	1891.026475	69
2417	18147	1834.828579	68
2419	8862	566.0515695	91
2421	3362	2776.809773	42.1285547
2424	9237	225.6887744	206
2431	10025	827.1693685	68
2431	15861	814.0352983	68
2443	13984	979.6307405	165
2444	11822	1266.80718	67
2450	1329	1488.123227	68
2451	14694	1954.21571	38.58293741
2451	18362	1946.723479	38.58293741
2452	7426	923.9708277	105
2455	18505	694.0543603	77
2456	8463	2549.111695	135
2456	9887	2367.925808	132
2456	10881	2836.610073	131
2463	12867	319.0245857	145
2463	16985	268.1909511	143
2466	15723	1075.508873	155
2467	3905	457.9366287	78
2467	16880	563.0992633	63
2472	2466	1045.818904	91
2472	4322	1059.336494	90
2472	16215	979.3763548	99
2473	12468	2351.977046	29.63817606
2475	267	2085.933197	161
2485	7376	2678.97282	57
2486	4251	1148.709939	76
2489	15361	1734.962572	187
2493	12775	2088.446539	53
2495	14841	1908.273346	87
2495	18660	1870.543129	89
2499	6298	379.0674867	155
2506	13768	1035.156918	44.02173913
2508	4554	1081.041188	55
2508	6783	993.8124235	65
2508	15001	963.6081856	61
2508	18302	1021.2983	59
2513	11281	313.271029	134
2516	15464	672.3337272	111
2519	2774	1108.411423	137
2519	11853	1233.690213	144
2520	3354	2172.366563	55
2520	7354	2269.198173	55
2524	17353	264.5431936	116
2525	3168	1665.870201	118
2534	8585	3594.261931	21.78798276
2538	7085	897.7927169	110
2539	16433	2271.376795	57
2542	2875	1704.643707	83
2543	16337	1754.461306	16.37298599
2543	16689	1687.671802	14.03817541
2549	12984	2460.397357	27.74696714
2549	13922	2440.12872	27.74696714
2553	5131	957.4546542	131
2557	12609	1377.300686	70
2557	17820	1448.710006	67
2557	20636	1459.280614	71
2558	2538	386.7826859	200
2563	7198	1432.029715	99
2575	15488	399.9582104	124
2577	349	1204.388552	101
2587	9908	3737.02884	49
2590	13410	991.8228666	94
2592	16014	733.8384416	112
2595	5829	1406.944551	38.58293741
2599	13389	615.6598389	95
2605	1805	1812.346622	30.97006447
2607	10061	1962.968805	83
2610	18211	299.4125327	153
2615	7722	1021.733024	130
2617	12038	563.062609	103
2621	10135	197.6584434	226
2622	2631	302.8962727	128
2624	17861	212.1613874	139
2626	18859	3538.948417	81
2628	20295	804.7129632	70
2633	5664	257.7101578	214
2636	997	399.3600258	84
2646	14274	327.8086164	99
2657	4144	1318.539431	85
2659	5326	1233.639206	85
2659	13663	1309.985469	82
2661	14140	2007.850303	86
2665	1270	1187.769789	3.013966434
2665	8329	1165.623475	4.010768026
2665	9012	1162.719144	4.099896205
2665	9353	1165.217219	3.080943466
2665	14276	1161.984178	4.099896205
2665	15088	1156.945252	4.099896205
2665	20436	1095.066391	5.221212378
2671	11702	935.0103412	81
2673	16498	4888.750095	61
2679	13614	817.7641419	73
2679	19365	668.8570226	81
2688	9384	184.2189403	120
2694	9397	3212.486212	93
2694	18431	3585.842582	86
2695	2786	938.8933933	24.859302
2695	3120	949.6725476	23.79021103
2695	3330	950.5059847	23.79021103
2695	3715	949.0966718	23.79021103
2695	5388	957.1985148	19.09611913
2695	5919	934.4568882	20.85097594
2695	7754	946.0376279	22.76709704
2695	10738	912.2611086	26.5536902
2695	10929	961.2104936	22.76709704
2695	11307	949.0966718	23.79021103
2695	13003	925.7485562	25.97643606
2695	16054	937.7626152	24.859302
2696	4758	247.5392853	124
2696	9835	391.807696	103
2696	10327	233.5111182	123
2696	11096	246.3983511	128
2696	15445	224.3534188	132
2701	13606	859.6859392	76
2702	1300	726.5197402	103
2706	17696	1625.072514	56
2710	7591	569.9992815	21.78798276
2719	18294	1330.568652	15.32822746
2721	8079	805.5970778	106
2721	8331	545.1722598	106
2722	6726	250.4101548	130
2727	8262	1282.954702	93
2734	652	620.7706111	107
2734	14570	586.9669237	88
2734	15042	677.1861175	74
2738	2779	1083.322109	74
2738	7513	974.8979189	79
2739	19028	663.0851793	85
2744	1832	759.6772972	45
2744	18521	750.5911157	47
2744	18615	668.7201628	53
2752	4883	5096.221233	4.781785462
2752	11878	5271.820817	3.149408876
2759	19763	1038.261138	70
2761	4830	1777.750033	58
2761	20560	1783.644489	57
2766	13421	2396.14929	42.1285547
2767	10194	1236.347017	75
2769	7289	494.4386407	65
2777	14637	1380.156049	14.03817541
2783	2873	1122.398624	21.31433096
2783	14350	1166.23323	19.95426572
2786	8391	433.4226801	191
2788	18150	709.7163693	57
2789	17384	2384.340306	51
2790	14630	314.0147278	134
2792	3757	1072.201858	46
2792	4530	957.6394932	54
2795	8424	4001.997104	60
2797	4554	872.28311	75
2797	6783	899.2749836	67
2797	15001	915.7390284	63
2797	18302	882.458513	72
2801	9227	567.1717871	63
2801	16305	559.5066633	60
2802	499	473.9904072	175
2802	2704	526.2307169	161
2802	4378	499.1731353	159
2802	8970	489.8437886	171
2802	19802	495.5359133	170
2811	4391	2211.089426	101
2821	6411	407.8877713	133
2821	7123	384.1721046	129
2825	17646	501.2395238	66
2827	10613	644.1459117	33.08095687
2843	2496	2386.732656	86
2844	14693	2446.757006	84
2851	18424	1246.95365	46
2852	651	590.0118208	107
2853	20498	337.4333305	139
2854	14702	677.862953	117
2856	15015	669.143629	96
2857	19652	2010.85647	109
2859	1910	1048.468823	130
2861	243	193.9908636	197
2868	2734	948.5873647	41.21271655
2870	4994	1795.369018	152
2870	11135	1863.290582	148
2875	6805	197.7825088	170
2882	742	181.436745	164
2882	6900	187.2091231	166
2884	17978	1074.411069	76
2887	17999	1419.615932	81
2888	10494	992.9361597	111
2891	2215	185.1778588	149
2891	3433	202.6945686	152
2891	11872	188.3855801	153
2891	18389	188.5588733	149
2892	10527	192.5874647	236
2895	11564	1923.698752	141
2899	20236	3333.811454	49
2902	1540	188.8100587	400
2904	13407	1310.357953	201
2906	11480	720.1094811	92
2908	10935	3149.943875	51
2909	5384	643.1418164	115
2909	17721	845.0112085	112
2914	10446	2123.916157	74
2916	11599	697.6334123	108
2918	6720	842.7968375	61
2919	5344	2248.395715	35.33572585
2919	20637	2199.285214	37.7441779
2920	9770	313.4307675	140
2921	4178	213.249506	107
2922	1981	973.3610876	106
2923	589	1056.914372	80
2935	18973	241.2667058	127
2937	9058	1216.673549	38.58293741
2944	110	3340.765587	78
2944	15909	3323.207954	80
2946	8064	329.3864327	143
2947	1354	481.8808847	104
2947	8796	488.8029335	104
2955	17821	808.2328494	137
2961	17732	3620.176004	62
2961	19459	3385.880748	66
2965	6171	3689.775782	78
2965	20404	3538.615304	76
2966	13844	1361.901772	64
2969	9418	379.8223268	119
2972	11082	790.5479687	88
2976	15636	1800.976744	116
2978	3647	675.9158406	135
2978	4942	661.1923924	140
2981	10541	594.8168994	112
2982	17426	760.9491081	92
2984	8246	278.8706563	206
2985	8556	561.4368874	100
2989	20432	863.955938	71
2990	6019	851.9304985	70
2991	15405	1069.456119	108
3000	14309	508.4627072	62
3000	15368	496.1352403	64
3000	16996	494.9245928	67
3002	4312	1414.862322	84
3003	2836	599.0722456	72
3003	12161	592.6739973	74
3003	17383	536.6492263	78
3007	18990	352.194529	104
3008	6833	296.4098187	123
3010	5007	243.7030895	153
3010	6030	245.2183136	151
3011	14511	248.6137324	301
3015	7581	1483.801867	12.03631207
3019	1395	1672.056421	61
3021	6508	704.4675578	134
3034	6104	253.0511266	134
3036	5699	1009.712118	54
3043	11428	1517.482128	34.5675579
3045	16237	726.5564272	101
3049	15663	563.9989437	79
3058	10346	718.1170654	104
3060	7107	1362.526224	59
3064	6070	638.5726796	138
3066	16807	5514.57729	24.859302
3066	19050	5490.965944	25.41173093
3068	19770	978.6176719	69
3074	9307	189.7318816	181
3077	15369	2247.485905	85
3079	3476	1689.032512	68
3082	6202	705.6665899	107
3082	19215	777.8141366	104
3083	9323	298.4159679	166
3083	16227	279.21396	176
3091	1089	310.7639711	159
3093	5300	430.5453637	91
3094	859	921.205273	62
3101	5468	1033.800381	110
3103	13047	1136.723433	61
3112	14122	1136.870157	84
3118	1597	387.4598794	116
3123	18690	1027.466154	104
3124	14555	278.0150614	147
3129	12718	985.792276	84
3132	4748	2601.593639	49
3139	11960	712.0743378	67
3146	8850	408.0085229	63
3154	4982	389.7747214	173
3154	5554	362.8864667	172
3155	8439	656.4541384	67
3155	15310	616.3098843	70
3157	19478	1876.791314	69
3158	540	1572.44528	2.884348785
3158	2590	1437.162715	8.1035948
3158	13020	1489.145318	5.827710219
3158	14375	1549.092622	3.593361866
3158	15814	1568.660678	2.884348785
3158	20252	1531.79966	4.37934153
3162	7428	1469.519207	76
3169	5331	1120.018812	49
3172	12108	587.6483514	158
3172	14154	677.6129609	145
3173	16280	283.7469427	171
3173	17800	295.2647556	183
3178	18447	6488.705416	40.31678793
3179	15513	1335.762426	94
3182	16603	299.8384364	83
3183	9346	695.5598609	155
3191	9047	853.7810088	44.02173913
3191	16301	861.4181147	44.02173913
3197	16627	1601.394707	56
3200	11050	2006.041562	42.1285547
3201	16342	775.6399711	108
3205	4553	1048.409243	84
3206	2448	1533.537893	78
3210	10820	273.118529	141
3218	13925	1309.771577	176
3220	9427	243.0396779	86
3221	19862	187.805409	229
3222	14573	1257.596145	35.33572585
3224	5646	1540.503014	78
3227	1204	1043.936899	81
3227	11158	1128.785647	78
3227	11640	1055.842856	82
3227	18245	1084.148882	81
3232	426	2110.721075	91
3233	2759	384.14373	96
3236	15563	1195.701277	147
3239	1009	385.3337771	117
3251	917	669.2440641	133
3255	4027	739.2687988	25.97643606
3255	6282	635.7624053	28.99386789
3255	18932	816.9190048	26.5536902
3261	20354	1127.013222	63
3262	14591	1227.434135	56
3264	15173	922.4578965	61
3277	5842	1197.494426	87
3279	12651	604.0357395	101
3284	5259	273.3460732	209
3285	1499	1127.096691	64
3288	3946	301.7359156	199
3297	1668	1465.278963	101
3297	4188	1638.022312	103
3297	20140	1668.531253	100
3300	14022	1565.619938	75
3303	1017	3590.405101	50
3303	4618	3551.652138	48
3303	14617	3534.316979	52
3304	1141	1158.056151	113
3304	20390	1751.641638	115
3310	13110	288.7253257	115
3314	679	613.4020981	125
3314	20424	413.9717754	132
3315	172	990.0304671	61
3320	1614	8765.399353	74
3324	15015	717.9791358	84
3326	11684	3890.979319	19.52047734
3337	8320	473.1535946	109
3342	3830	769.0745675	295
3342	5330	317.8971476	310
3343	13927	3145.527942	64
3345	12969	981.8483415	115
3347	3937	282.8223451	121
3349	6208	3537.182821	24.859302
3358	5091	1691.36533	51
3358	17231	1708.957814	49
3360	12473	660.0458181	103
3368	12802	687.2700888	151
3374	12525	2877.728968	60
3378	14833	2105.671453	59
3382	8522	457.0597852	80
3382	19103	609.6251015	72
3383	10456	582.9659729	120
3390	1847	1758.385957	10.78367647
3390	10427	1763.721666	11.77465311
3393	18261	1092.211714	76
3396	2474	922.4175309	99
3403	11207	809.1498388	65
3407	20514	285.2889039	226
3411	6708	544.2366407	113
3411	7341	473.1181978	109
3414	12439	1601.409569	66
3419	17357	197.7984721	128
3426	7104	208.7149073	200
3432	6289	2842.249794	66
3438	11031	529.5003305	54
3439	6277	1085.240895	102
3440	12370	372.0947489	85
3440	17822	535.2755017	75
3440	19940	629.3698015	71
3441	9348	1764.136247	74
3442	9167	986.996916	36.1209642
3442	12967	1122.203548	30.2968022
3443	16359	725.9486117	98
3450	11145	1098.83911	79
3455	1071	1185.783842	82
3456	18138	456.5504628	129
3462	5551	203.5852225	256
3470	16503	382.6139594	132
3473	10931	1607.905519	101
3478	9567	868.2050388	23.79021103
3482	7117	1206.038172	133
3483	6826	743.9975006	140
3486	11888	2380.038107	74
3487	12897	1522.628958	65
3492	4028	626.4557263	85
3492	14121	556.026293	87
3505	15298	1022.490194	141
3506	3660	520.4385463	71
3508	7869	3011.240249	53
3509	10201	1034.673212	42.1285547
3521	6337	262.7497092	125
3523	10091	614.357804	64
3524	14613	1381.326206	70
3529	17186	466.4699812	91
3532	20108	400.8210016	163
3535	1934	286.4827559	148
3538	7882	217.5081256	131
3539	19282	433.7000422	171
3547	4055	964.3079411	120
3548	19170	207.588111	256
3551	2462	606.9315178	95
3558	12339	1860.997687	94
3560	3428	1418.149004	69
3567	2681	552.9861738	105
3570	17938	400.0296117	135
3576	8080	1380.10781	82
3576	10370	1298.174375	81
3584	19312	468.8278256	92
3585	9234	1575.889984	87
3585	12175	1596.262065	86
3585	13381	1301.280318	94
3585	15359	1608.169868	87
3591	7414	420.2482463	186
3595	2786	934.1764965	23.79021103
3595	3120	945.2069477	22.76709704
3595	3330	946.0376279	22.76709704
3595	3715	944.613119	22.76709704
3595	5388	954.2192743	17.48895434
3595	5919	930.8045783	19.52047734
3595	7754	946.0376279	22.76709704
3595	10738	907.3389713	25.97643606
3595	10929	957.002657	21.78798276
3595	11307	944.613119	22.76709704
3595	13003	920.8501333	25.41173093
3595	16054	933.0337687	23.79021103
3598	10970	799.3920987	127
3602	20041	243.7811082	117
3612	5886	230.9295752	134
3618	405	905.8834888	83
3618	1722	744.8014398	96
3618	17798	918.3390699	78
3618	18395	851.1791769	89
3620	13147	3654.823511	47
3620	17006	3754.402375	46
3621	13036	1566.100495	65
3625	3943	737.5732218	109
3625	16831	749.6564602	104
3637	7082	1569.239666	56
3637	14732	1496.528678	65
3638	3401	402.5464548	91
3640	18267	984.8799898	78
3640	18324	688.6621811	108
3641	3302	1428.195569	76
3641	19031	1527.193593	83
3648	11343	219.2058927	221
3649	16343	697.1637553	94
3650	11763	1431.784003	71
3661	13479	1306.960549	75
3662	19301	947.3016175	88
3664	3702	812.3726218	127
3667	3782	1143.408934	135
3669	15089	459.7426525	128
3673	18876	273.112626	154
3675	4952	1038.363074	40.31678793
3675	10535	1217.155824	30.2968022
3675	18128	1004.02221	38.58293741
3681	5095	1262.960725	46
3682	12300	669.5425906	136
3688	8109	536.6310242	91
3689	15522	647.5017748	133
3691	19861	335.277306	127
3692	9931	14965.33332	55
3699	5047	464.9529005	102
3699	5749	446.4432377	93
3699	9927	428.3169459	94
3705	3418	2076.722234	26.5536902
3710	5518	1097.025202	58
3713	10588	1635.824027	86
3717	17527	1186.118922	30.97006447
3717	19152	1147.946372	33.08095687
3721	8362	1363.055413	46
3730	6529	1782.718573	91
3731	5480	265.188291	117
3731	13175	270.2761462	118
3732	5399	407.2994848	129
3748	2197	2452.921301	42.1285547
3749	9949	4009.108858	48
3751	16624	273.5295796	141
3752	13231	1382.604759	72
3760	9358	1713.357665	77
3760	11801	1597.019276	76
3760	14653	1775.283835	81
3760	16977	1617.495062	82
3760	18416	1729.198431	77
3760	19358	1413.013156	98
3768	12276	515.1712007	174
3772	10847	486.4182028	207
3777	17781	3621.149817	36.1209642
3782	4159	567.9810578	128
3788	13343	663.5954509	96
3791	7732	545.0896817	80
3791	20052	503.6694949	93
3793	8610	269.1335339	126
3800	19855	396.1664525	85
3802	15647	357.4822728	200
3806	7122	1020.369083	33.08095687
3811	5952	2131.013673	91
3811	14372	2213.059607	89
3814	15074	684.57449	98
3815	7900	214.6813082	259
3827	8893	309.5423464	126
3831	4633	505.2803071	33.81608925
3831	15134	487.9211314	39.44033602
3833	15148	1086.969674	126
3835	3045	836.0359852	139
3840	3594	3955.486993	78
3840	16013	3962.466049	78
3841	18606	2374.017605	71
3845	455	1560.556679	31.65828812
3856	16335	1818.637124	104
3858	1564	11375.92733	53
3860	5437	1606.137994	51
3869	7021	613.2162641	96
3869	14757	667.565667	98
3869	14999	597.7702832	108
3877	2783	2530.006094	88
3884	3219	1369.741984	41.21271655
3884	12706	1262.606287	44.02173913
3884	12923	1238.705049	41.21271655
3884	18646	1387.687777	40.31678793
3886	18318	2167.710306	63
3888	10910	263.4815443	153
3891	9880	889.4873348	71
3892	16890	672.1272659	106
3896	5125	2034.164824	49
3904	8311	1092.577279	94
3915	5994	1727.954546	59
3915	15961	1661.001027	65
3925	10060	864.1216048	96
3927	8165	1176.954832	77
3934	11446	204.6453577	221
3937	11090	1922.646867	27.1437722
3939	965	1542.634837	57
3944	13245	803.8073801	85
3946	5797	1727.894047	10.78367647
3946	18438	1679.883989	12.03631207
3948	9667	853.4953668	37.7441779
3948	19506	886.6900687	32.36180563
3954	6731	1355.017909	130
3956	1763	1661.379661	17.10875968
3963	17277	1516.141657	100
3969	13331	1082.05585	64
3969	17802	1174.630116	65
3976	5142	2284.703203	107
3983	10078	2514.955537	44.02173913
3984	9030	3383.909501	39.44033602
3986	10677	1276.22221	106
3992	1077	796.9823005	77
3997	12258	1762.603535	73
4003	1993	1137.412649	24.859302
4004	6324	790.1964419	69
4004	12664	794.1853991	67
4010	15129	220.5793058	154
4011	7991	958.1694445	110
4011	19850	1191.888891	101
4013	6483	240.3841032	163
4019	1074	198.6018744	154
4020	12674	1565.771189	52
4032	1938	322.0808291	140
4035	14750	278.2747417	170
4042	10753	1034.033422	63
4043	11326	681.6926843	92
4045	1514	1368.621322	110
4047	9334	240.0048544	113
4048	9843	312.2836117	216
4050	11939	593.1541738	194
4055	17052	1329.892606	43.0647448
4057	3760	857.0266633	109
4059	7485	2433.208803	68
4059	12653	2377.806602	69
4061	921	2035.453064	31.65828812
4061	19640	2098.606246	28.36356641
4066	9328	1717.669893	84
4071	20554	558.14939	148
4072	15722	1404.650778	146
4077	4867	1932.938243	133
4077	14662	1853.671432	137
4079	1463	1159.333697	94
4081	13858	470.4113002	118
4084	414	429.71684	117
4084	6418	427.7575546	114
4084	11729	356.6643359	132
4089	6506	1320.861713	81
4094	6715	2285.980504	44.02173913
4098	4044	2479.030331	86
4098	10206	2078.241393	93
4098	16205	2245.172886	93
4099	3670	5071.340422	31.65828812
4103	11948	438.028428	70
4105	2519	1786.365615	76
4105	9017	1667.885612	83
4109	725	648.9475501	162
4115	12956	4627.237288	83
4120	12520	5786.396642	71
4120	15081	5877.726396	71
4132	7907	351.0204831	115
4142	11665	254.8287848	168
4151	499	522.7018912	140
4151	2704	497.7473159	153
4151	4378	497.0007001	143
4151	8970	529.8876274	147
4151	19802	470.3941026	145
4153	14501	537.9101365	137
4159	12850	258.2166694	153
4165	1339	1413.628311	115
4165	16157	1396.473571	114
4167	11069	546.2583339	167
4168	2479	751.8416364	90
4169	978	1678.70757	64
4170	13366	1646.069204	46
4172	17038	1119.356514	81
4173	13997	1148.284414	44.02173913
4175	16150	1422.395555	5.57708563
4181	2249	278.4393743	194
4187	2330	3095.615818	54
4187	6140	3278.649747	53
4189	4409	5486.776674	73
4190	7538	1325.450596	84
4191	2587	1288.702873	27.1437722
4197	6523	1266.112369	93
4201	2786	758.5464379	17.87759777
4201	3120	770.8827591	16.73683012
4201	3330	772.9189663	16.73683012
4201	3715	771.4045061	16.73683012
4201	5388	784.096402	15.32822746
4201	5919	758.5464379	17.87759777
4201	7754	772.9189663	16.73683012
4201	10738	730.2461984	19.52047734
4201	10929	784.096402	15.32822746
4201	11307	771.4045061	16.73683012
4201	13003	745.2194898	19.09611913
4201	16054	758.5464379	17.87759777
4211	6676	593.0945842	31.65828812
4212	14376	465.1679157	100
4212	18131	493.8509952	99
4214	8153	2362.65403	33.08095687
4214	11672	2347.770418	33.81608925
4217	9814	1917.858999	61
4220	19489	188.1837826	256
4224	16331	674.1423278	190
4225	15584	689.1606995	156
4226	20242	1334.867773	102
4228	4635	1131.119776	80
4228	15236	1182.107223	69
4232	15331	2802.503208	79
4235	3106	5627.616783	57
4238	9930	1261.685279	104
4238	17171	1198.058665	95
4242	18702	583.4751395	107
4244	15916	432.9775513	126
4245	12532	1030.774208	98
4245	13863	1073.397424	93
4248	7667	362.7360137	112
4252	3572	989.9740188	115
4259	5857	1424.348683	43.0647448
4259	13720	1244.009485	50
4262	2923	2846.229313	32.36180563
4263	1665	1779.608445	69
4263	8094	1949.9204	66
4264	18279	533.0567668	66
4265	18846	758.0177164	96
4270	15238	499.5325099	51
4274	3017	408.2176296	166
4275	6380	4874.517912	69
4276	12394	284.5380316	143
4277	6422	181.0582432	230
4277	12126	183.760818	207
4284	10745	222.5684656	183
4285	16239	1617.629806	98
4291	3448	1852.494524	80
4293	5191	516.3763476	121
4293	10391	628.3981604	118
4293	11267	563.7258024	126
4296	12514	683.3502481	133
4297	16898	6957.847017	140
4303	1277	797.0265819	87
4304	17660	691.8389517	111
4305	6425	1146.837935	111
4310	10750	301.9384848	278
4313	10160	662.5118604	129
4314	3043	3843.723679	60
4318	13541	563.5985068	155
4319	7449	4161.950991	24.859302
4324	1961	640.7592415	84
4324	16759	548.1479561	88
4325	2032	1478.849079	74
4325	9836	1369.073924	80
4325	19446	1432.98925	77
4328	3706	1244.549474	72
4354	2888	3119.087316	36.1209642
4357	739	4607.633341	18.68098611
4363	7682	698.4201513	61
4363	17202	645.8813656	66
4367	1886	1299.894719	126
4377	6407	1374.028921	133
4378	3621	536.2177387	75
4379	20321	892.8808998	37.7441779
4383	1736	365.8260766	221
4385	3529	2048.662215	54
4385	19970	2114.053226	56
4391	9777	872.0884751	52
4391	19108	788.4531294	61
4396	8965	2055.245489	68
4397	8471	3328.764173	75
4397	9546	3161.459213	78
4400	9144	1353.644691	95
4406	2359	742.3995164	114
4408	9098	7142.154162	92
4409	765	1690.103141	64
4411	12228	1276.286477	33.08095687
4412	12046	1577.988939	47
4413	14841	1343.405569	97
4413	18660	1284.508712	101
4415	15367	3496.92077	57
4417	19083	331.4786374	169
4431	5197	1509.307655	57
4432	6574	835.1888372	111
4432	13667	765.6086754	111
4437	9990	18824.14414	43.0647448
4438	19527	1060.492666	59
4439	9275	685.7915267	67
4442	10499	1343.74119	88
4445	10474	735.4219346	103
4448	14359	928.1954083	109
4450	2781	415.2656967	152
4454	10433	2923.555445	63
4458	10332	1442.291616	83
4459	12138	2627.669387	39.44033602
4461	8926	942.4233476	41.21271655
4463	7175	1580.984806	78
4465	17209	1667.105544	69
4471	16832	1331.465112	94
4472	2482	4829.757118	46
4472	5580	4422.167914	48
4472	19739	4818.629548	46
4477	20566	1054.215677	37.7441779
4485	6481	842.5273732	87
4489	19588	793.7688681	95
4490	18843	3499.675589	25.97643606
4493	18499	2840.254329	62
4498	1734	551.7302351	44.02173913
4498	8380	503.9794337	49
4503	934	1155.248102	99
4506	9866	282.807722	122
4507	9170	657.992471	56
4513	18707	1969.938695	38.58293741
4517	12356	238.9517008	196
4518	3704	687.965704	101
4519	797	493.9241008	119
4523	14888	793.6534442	70
4526	4420	518.7523862	44.02173913
4526	16268	528.3275938	41.21271655
4526	18373	550.9244019	39.44033602
4527	8279	1009.966423	72
4529	17457	1593.979316	20.39769385
4543	6090	3340.600268	45
4543	10486	3144.26553	45
4544	16198	648.2876953	127
4555	15467	720.1008125	107
4559	4972	1120.415166	84
4559	10726	1217.221325	78
4560	12480	629.9757012	121
4562	602	1820.566683	54
4564	18267	803.009547	88
4564	18324	653.4369513	105
4567	2174	2967.875874	39.44033602
4569	12561	2246.578744	59
4571	16540	1376.045374	48
4574	12710	1228.433387	9.044911183
4578	5541	778.3252208	113
4579	1278	344.0777031	157
4582	8392	759.5386369	124
4582	13583	838.32784	123
4585	2211	848.0312422	94
4587	17959	324.0950589	122
4592	9937	2073.495554	46
4597	9204	310.8403519	177
4599	9265	1269.17197	41.21271655
4609	17585	548.536053	125
4611	3232	536.8781546	96
4614	6916	1282.256073	92
4616	16550	322.0937561	120
4618	13579	1078.864715	28.99386789
4621	19430	864.2089989	58
4625	11686	2167.015909	134
4626	6559	458.3115646	118
4626	6690	372.7216018	130
4626	8817	427.639038	127
4627	4952	928.6585464	40.31678793
4627	10535	724.9852596	48
4627	18128	914.7900667	39.44033602
4628	18269	474.4815815	129
4637	3884	1054.985174	114
4638	6254	743.8489828	133
4639	20423	1528.220194	93
4641	8868	1891.399568	67
4641	9716	1759.33678	71
4641	11078	1379.338448	69
4641	15957	1866.669148	65
4645	16927	2057.738817	112
4646	14289	625.8543203	85
4647	4683	469.5045412	140
4649	13190	960.6193694	107
4654	19164	201.4920733	263
4659	14129	429.980568	179
4660	6910	2121.193632	32.36180563
4660	10102	2116.812254	32.36180563
4661	5784	906.2793302	66
4661	11431	855.0161403	64
4661	14473	911.873685	66
4661	17446	810.8675804	61
4663	9281	3157.555963	30.97006447
4674	6083	1539.010682	92
4679	20117	609.9136056	149
4694	9918	491.9253063	105
4699	305	1353.30408	57
4701	2800	2151.27842	67
4701	18250	1843.738157	69
4701	18492	2163.920846	68
4702	18239	1125.475493	96
4705	8611	345.9672245	107
4709	8375	4203.06958	56
4715	1203	301.5300023	157
4718	13265	889.5729454	90
4719	12372	490.3160391	141
4720	2385	854.9278134	140
4724	16059	1000.894393	164
4726	11944	1079.683384	104
4727	8257	1729.570602	22.76709704
4727	10216	1261.775602	28.36356641
4729	14498	598.2170777	105
4731	3174	2571.236257	67
4731	3663	2599.167185	69
4731	18827	2680.367823	66
4734	16507	670.2611225	109
4735	1727	751.3571785	113
4735	20086	705.9844631	111
4739	5803	2152.112876	99
4743	546	1127.855336	104
4743	10088	1098.725301	106
4743	11584	1098.725301	106
4743	14512	933.1671501	116
4756	1954	590.968244	106
4762	14348	270.2372484	71
4765	12885	204.5157378	171
4774	4467	2284.627348	46
4777	1128	852.355672	89
4777	3031	770.8507953	90
4800	1830	456.579049	81
4805	7111	413.6757797	137
4807	8051	283.740441	186
4813	7515	1058.014864	35.33572585
4814	8432	1467.802374	80
4814	16848	1698.015077	73
4817	15149	1293.270476	160
4824	5415	472.3536433	84
4827	6776	438.0909788	145
4838	20038	1081.092945	111
4841	5890	1424.374191	57
4842	4053	431.730449	53
4842	11739	446.9038893	51
4847	4471	1065.319316	46
4859	20305	1425.235604	67
4864	17664	190.1001566	263
4869	15674	2835.572693	48
4875	16077	851.0574017	15.32822746
4875	17879	837.1616569	16.37298599
4875	20585	893.722826	12.57720313
4876	17554	443.343094	166
4880	2614	1613.546604	28.99386789
4886	14033	2228.003121	38.58293741
4889	2109	375.0312747	138
4892	13284	2481.706203	44.02173913
4898	7206	3370.710214	87
4904	10964	555.217606	171
4904	12272	488.9944268	179
4911	19403	1503.555255	96
4914	16570	440.4578985	105
4916	10011	1597.465716	88
4917	10743	672.2879238	73
4923	10756	1969.193772	41.21271655
4925	14088	341.6774013	111
4928	17353	353.540339	98
4932	20449	1293.634218	31.65828812
4938	7298	388.8001264	158
4939	20621	837.1865938	102
4941	6009	1086.653679	86
4942	6911	1535.218387	43.0647448
4953	4265	451.2027636	92
4954	4950	724.9853383	96
4956	6007	410.175565	128
4956	6510	403.50545	130
4956	6729	407.9704188	129
4956	7607	384.2323522	136
4956	11377	406.7825709	130
4961	19359	512.7546593	89
4964	174	263.2669655	138
4965	5233	742.4266157	90
4965	19256	496.5524186	117
4969	8202	1467.552849	89
4971	14030	248.179467	184
4971	20400	241.3339007	186
4986	7211	325.0455788	93
4986	13348	296.1355121	101
4986	19004	348.5091599	87
4989	19346	2114.299688	85
4995	1879	1376.609418	156
4996	2055	2689.688043	43.0647448
4996	10063	2637.019363	45
5001	19348	2546.123856	34.5675579
5004	269	2484.240851	47
5010	18634	1152.199539	84
5011	13368	283.3000245	141
5014	12623	2194.723311	36.1209642
5019	8764	996.2503681	112
5024	14050	1658.065105	67
5032	19260	2513.137774	81
5035	11473	397.6601195	112
5038	2217	867.4810051	114
5042	9531	2948.60213	56
5044	6551	432.3953616	117
5048	2351	257.9359783	86
5054	15435	2736.879291	42.1285547
5056	8644	1063.223956	80
5057	198	774.8466872	27.1437722
5057	5746	746.877789	30.97006447
5059	4827	943.3122326	91
5059	13776	900.5644149	103
5063	8089	254.0469073	146
5066	6842	2035.081001	79
5069	540	1520.654226	4.37934153
5069	2590	1462.96758	7.260242512
5069	13020	1516.480369	5.107707762
5069	14375	1498.996198	5.107707762
5069	15814	1516.899953	4.37934153
5069	20252	1560.555891	3.593361866
5076	949	3249.667743	37.7441779
5077	16766	1126.142939	48
5077	17113	1193.154136	44.02173913
5083	11685	998.3377203	101
5089	14711	1629.826585	72
5089	14800	1695.468984	67
5090	14102	1460.65603	49
5091	772	435.8771694	139
5091	1166	423.0415494	129
5093	6852	1698.081071	55
5096	2862	2534.260502	53
5105	4037	17805.57101	47
5106	19097	1122.600857	102
5111	387	1978.114798	126
5114	2179	2728.426655	17.48895434
5114	18594	2748.98297	17.87759777
5115	14342	485.3552038	116
5119	9943	1938.977481	66
5122	5939	2832.312044	29.63817606
5123	2473	817.5793528	168
5129	8130	2732.116348	48
5130	18435	2668.035633	122
5134	3392	905.0173995	104
5142	4146	1065.88548	89
5142	14722	1023.133403	91
5146	14058	600.2585339	89
5149	16853	1010.255247	142
5150	10131	3346.728613	36.92365229
5163	15038	1092.202504	111
5164	19536	3244.805039	68
5167	18097	5269.540792	72
5174	15778	2284.061222	44.02173913
5177	18999	1138.043442	74
5179	5164	3366.379667	73
5186	5058	2189.698756	53
5194	8682	1850.199094	102
5195	20298	797.8776294	103
5199	6588	236.4403695	135
5201	18421	1704.053536	60
5203	10096	1398.131667	27.1437722
5203	20638	1281.063801	25.97643606
5207	12550	694.859553	201
5211	17929	360.8410877	177
5213	6529	1247.117435	101
5216	13962	261.4307239	117
5218	10671	1322.628117	56
5224	10128	1501.273776	80
5228	11004	1295.269697	36.1209642
5228	19449	1279.967548	38.58293741
5229	11105	416.732159	229
5234	14156	225.5385502	94
5238	4412	1575.136997	65
5242	5224	1052.780033	92
5247	12011	2158.754549	30.2968022
5261	15804	294.1776611	159
5264	1605	977.7157354	115
5264	8359	877.7710145	111
5264	18639	911.9136759	113
5269	17155	252.6949023	242
5271	10428	289.8529732	90
5283	2063	1202.810011	101
5286	16274	1955.634505	7.586505262
5290	10085	405.2915157	92
5293	1977	1474.619699	51
5296	5521	2178.538089	128
5297	16500	765.4600478	38.58293741
5302	16010	1245.610846	58
5303	1967	568.5880035	113
5307	67	6710.864483	46
5314	9802	422.3996535	120
5316	13534	359.8633629	147
5317	7815	1186.638993	127
5320	15589	1471.532332	63
5323	10163	674.5971891	206
5326	20277	370.4703321	177
5337	4545	742.6928885	77
5340	16104	1181.398541	72
5340	19685	1107.068691	75
5344	4840	423.1651269	181
5345	14557	3569.629278	24.31888239
5347	19784	436.6143227	160
5348	2686	1795.118841	51
5356	6573	330.0064058	122
5357	19731	586.931932	122
5359	3039	243.6371295	146
5365	15494	1532.771114	84
5372	1402	1602.013812	64
5377	479	1965.8475	36.92365229
5379	14768	244.6058592	146
5383	18303	2870.060937	64
5384	10431	1618.373978	84
5387	11231	457.5773191	110
5391	13759	429.1836202	83
5404	756	392.6295962	151
5404	7545	357.0868064	163
5407	12321	647.6012244	66
5407	19575	651.4331676	62
5412	20112	959.904296	133
5418	4805	722.4670101	102
5422	9859	1457.346022	99
5424	6815	306.4155881	115
5428	1813	1163.133655	119
5433	8221	3701.824785	75
5435	20603	1275.597573	104
5439	1403	583.1503616	43.0647448
5439	4137	549.9696496	49
5441	4078	1868.01581	99
5445	14021	4300.490692	75
5446	2986	791.6518711	91
5447	20028	690.9369522	161
5452	3612	228.6748248	214
5456	2804	617.9677037	153
5456	15516	618.6657756	152
5459	18343	400.508992	87
5460	20453	325.3673952	121
5461	9698	479.207848	127
5463	1086	467.4600078	149
5470	2276	640.6929341	101
5471	4003	1428.361955	97
5474	501	732.8563101	108
5475	18287	315.5484714	152
5476	9590	1464.707134	15.66885474
5477	9332	1481.997991	36.92365229
5479	5912	422.5648508	98
5490	11461	3670.182338	73
5490	11760	3494.929291	79
5493	9319	1536.65434	66
5498	20120	1358.517208	93
5498	20563	1408.037453	91
5501	13454	187.8579429	166
5504	16673	716.1831053	173
5505	5971	892.4653291	72
5506	11749	953.6769948	95
5510	15085	1181.494635	98
5519	8288	598.1416343	130
5520	19029	726.8149	118
5524	737	481.5919262	122
5524	3119	487.2320418	120
5524	4764	412.671145	135
5525	411	1095.984941	22.76709704
5525	10432	1068.606493	24.859302
5525	13615	1095.984941	22.76709704
5531	6088	272.323567	257
5533	7981	825.3244084	154
5538	3001	2177.413721	117
5538	8111	2302.697654	110
5540	15942	1050.305739	98
5547	8620	581.0929075	102
5551	1286	2137.464111	70
5551	6924	2111.789082	71
5551	12764	2032.291932	74
5551	14411	2163.28683	69
5552	2182	1740.559902	94
5556	8043	500.756068	93
5556	15684	556.2774397	85
5557	1608	1851.247624	57
5568	17152	948.1016334	41.21271655
5570	11678	4688.653473	73
5570	13352	4744.980259	72
5573	8873	2698.11163	97
5574	4342	3719.216404	67
5580	6711	4206.141157	85
5585	12170	342.6508941	131
5589	8873	2226.613825	95
5591	7702	2029.258131	36.92365229
5591	17063	2106.344262	35.33572585
5594	19829	1215.657747	27.74696714
5596	2792	284.5793236	132
5606	7021	593.7127651	103
5606	14757	659.868758	98
5606	14999	648.4943915	96
5611	10386	948.0460626	39.44033602
5611	13152	955.0547086	39.44033602
5613	814	626.3836444	102
5613	2303	665.9615885	92
5613	2956	568.8360022	94
5613	16695	709.1796884	93
5613	19933	532.717147	105
5618	17356	2648.167477	38.58293741
5620	15734	2012.513969	50
5621	6226	330.4146409	33.81608925
5628	13619	375.2810802	120
5629	9630	840.5967704	98
5632	16864	2630.218111	60
5636	838	480.9759826	183
5636	4965	469.4169935	190
5636	14535	458.7619031	190
5636	16758	508.0501447	182
5638	16072	559.4655787	137
5643	13526	1809.964466	65
5644	680	288.6633777	240
5645	2181	1263.074558	46
5645	19973	1263.074558	46
5646	6028	459.1298863	142
5646	8215	518.2648633	145
5646	15844	381.6212245	151
5646	20557	513.6343718	146
5647	9157	3164.787258	83
5653	5697	1531.270834	52
5655	3781	6743.060516	50
5665	15457	188.2622711	107
5670	6300	461.1582384	101
5678	15479	1269.893751	48
5679	3163	3966.402097	29.63817606
5684	4762	286.6169655	133
5685	15484	539.2160323	202
5686	16379	555.7596426	85
5692	9810	4476.987508	54
5704	19089	489.4228365	53
5710	10803	381.0594486	118
5712	16993	277.5632954	179
5714	6879	285.5558163	157
5719	12252	1359.804358	134
5721	7000	1404.985575	91
5724	1438	828.2524912	38.58293741
5736	6678	1468.582124	16.73683012
5740	2108	395.7212082	168
5745	20435	1016.137625	63
5749	6867	1250.740752	74
5749	7297	1240.404678	72
5750	11606	848.6265494	139
5767	5710	745.2034675	109
5768	10154	215.1992674	205
5771	13599	239.8121327	203
5781	4983	870.3364626	84
5785	4411	2333.77413	34.5675579
5785	4666	2235.006252	37.7441779
5787	193	1077.338953	129
5787	1333	1100.39777	123
5790	19343	775.6313848	45
5794	17636	202.3365944	225
5795	10908	1419.068045	68
5802	5499	1317.635516	154
5802	11667	1353.344361	146
5806	10946	327.373905	158
5810	14167	425.0984286	131
5814	5387	736.37634	126
5815	1022	623.4879276	96
5825	3381	864.4735906	22.76709704
5829	16823	266.0506959	142
5835	1011	549.52536	50
5838	16755	1484.317928	86
5843	3928	1652.048536	116
5843	6908	1637.83518	114
5845	11536	2742.864993	67
5846	13671	347.9545323	154
5848	5365	8287.256872	74
5849	13705	328.4881494	135
5850	7126	361.617626	132
5853	15721	1645.751499	71
5855	16925	797.8459771	82
5859	6650	1440.115539	57
5862	3653	636.6751543	76
5866	16937	577.3368837	130
5874	18205	510.889392	55
5875	13431	1558.140898	56
5876	15219	1442.629048	98
5879	18144	2439.70773	101
5884	15153	3810.404618	30.2968022
5893	8648	1251.181562	79
5894	2495	275.2683666	146
5899	6486	2161.450471	53
5908	16477	564.1643931	68
5913	9161	2267.133344	81
5924	18728	1408.575482	107
5927	9934	1163.672229	172
5928	8708	7061.475505	122
5929	3767	2305.583332	60
5934	1530	552.5159684	80
5937	1578	1333.95588	90
5940	11379	4323.133751	64
5942	20163	1120.534474	73
5944	366	470.8272548	105
5952	17700	748.7180592	118
5954	235	2647.402398	36.92365229
5954	8358	2644.209649	35.33572585
5957	71	806.2981418	111
5957	19175	834.507137	109
5965	5460	893.961047	95
5967	676	2880.916758	44.02173913
5968	8100	2613.802643	100
5968	8927	2469.087825	105
5973	3210	864.4193205	155
5974	14194	667.1674605	60
5978	20555	1665.044397	58
5982	18179	1195.083123	68
5983	7067	3197.117633	87
5985	4667	1319.906435	23.27303253
5985	17372	1314.171497	19.95426572
5986	14133	1815.259449	26.5536902
5986	14211	1892.436526	24.31888239
5988	20235	290.7449494	165
5993	6403	184.4687447	146
5993	10542	225.4319397	132
5993	10681	289.382447	121
5993	15574	222.1643912	130
5993	16636	227.9616546	118
5998	6999	3384.960299	22.76709704
6004	3117	342.3311716	93
6006	13592	222.0477782	168
6009	6741	1354.698997	84
6009	7483	934.886654	90
6009	10373	1105.338818	85
6014	7294	673.3634861	134
6019	9489	1890.052576	37.7441779
6019	11274	1796.552625	40.31678793
6021	1048	725.6067586	167
6021	3504	814.9463396	157
6031	8087	1256.454654	45
6032	14566	1461.726464	68
6037	16983	5714.435558	33.08095687
6048	300	1728.640588	102
6049	14019	1567.618855	16.37298599
6057	1326	2850.394398	55
6057	1860	2695.71702	59
6057	11661	2859.915152	55
6060	16034	388.6490452	50
6062	4390	783.0039397	59
6067	111	1930.253113	52
6067	894	1968.505718	50
6067	11106	1887.323049	54
6067	11959	1838.472791	54
6068	4076	814.4649875	118
6072	3881	1364.95891	85
6074	5061	620.2878259	116
6074	12419	576.8933689	131
6075	748	2021.224405	87
6076	17431	812.0519466	23.79021103
6079	2771	1048.051147	99
6085	5236	2261.635454	54
6088	6813	1289.388354	83
6088	9534	1247.278379	87
6094	427	226.7910095	150
6094	20548	437.7163458	142
6097	8050	862.4203734	114
6097	19903	747.4581842	118
6100	3888	848.4267753	79
6101	1449	370.9746592	134
6107	2577	566.2716905	87
6107	5009	503.4775535	86
6107	14776	549.0505785	91
6107	20590	472.783345	86
6115	15892	3052.057805	63
6116	16092	762.9396616	114
6117	4980	2421.290634	67
6119	8539	3969.766296	49
6124	5650	1761.088913	68
6134	904	1841.160046	84
6134	5571	1911.724772	77
6135	14356	593.6516792	91
6142	13427	794.1639973	114
6148	13586	1429.639038	38.58293741
6148	20458	1406.190795	42.1285547
6152	11185	824.9774191	197
6152	18891	796.0884811	200
6152	20079	772.9955521	201
6154	7451	2973.170186	87
6157	5233	614.0571783	98
6157	19256	633.3749987	96
6158	6539	862.2418577	112
6159	13681	780.7954479	90
6167	1460	6501.086387	27.74696714
6182	4927	624.2169931	115
6187	7124	183.0340697	194
6187	9036	224.6628651	190
6188	17179	516.3447524	19.52047734
6196	15873	617.7806818	115
6196	16169	746.0929411	104
6197	12359	2521.167653	75
6204	2015	421.1153759	96
6210	4269	392.0958908	98
6227	6279	1102.440493	144
6234	17244	1452.815234	70
6235	392	771.531851	50
6237	4280	1473.043809	64
6240	4883	5113.234004	4.476660231
6240	11878	5290.635741	2.948445424
6247	15934	2420.423117	74
6249	12769	856.4461133	33.81608925
6250	15212	963.0497643	69
6250	16456	851.6470761	79
6258	1976	974.5352678	103
6260	15960	1602.775774	60
6261	8160	1521.784632	20.85097594
6262	406	750.5114196	84
6263	10735	719.0545226	146
6268	16487	1584.092643	56
6268	18868	1455.750928	62
6272	20521	1171.581953	75
6273	16807	5616.714261	24.859302
6273	19050	5592.913101	24.859302
6287	14650	1784.047158	73
6289	15338	2669.408264	71
6296	14541	1255.936591	83
6299	7796	984.9097097	123
6300	15499	184.4861962	278
6301	12779	1389.923787	92
6314	12465	1550.414005	13.1424009
6319	13303	621.071834	139
6321	8330	1001.476689	133
6323	8468	1141.752226	57
6327	3758	1431.592595	65
6331	4221	709.6237595	52
6332	5516	5134.430846	36.1209642
6334	18469	14250.17463	78
6340	12082	1240.434736	56
6341	11437	371.3603151	73
6341	17574	379.9439548	91
6343	6596	1672.987417	87
6349	580	804.3917251	129
6349	610	769.1545463	124
6352	6519	5813.393708	61
6353	7984	3009.65767	38.58293741
6357	5793	1389.354404	44.02173913
6357	9809	1573.365993	41.21271655
6358	6271	327.7866372	133
6370	1792	1661.861209	50
6377	531	2262.617048	25.41173093
6381	1626	1033.572314	97
6384	2457	638.6907505	115
6385	16551	432.3729026	116
6387	3737	1098.520454	88
6393	6791	942.6335607	97
6393	14128	986.0666272	96
6400	2455	2079.68421	40.31678793
6405	19425	1836.657549	50
6408	6766	1675.744545	11.77465311
6408	6873	1341.493185	7.927429696
6411	9141	1570.461456	33.81608925
6411	11560	1570.461456	33.81608925
6411	11992	1542.8196	34.5675579
6411	16144	1045.367369	33.81608925
6414	18561	383.4916338	255
6416	160	955.9873108	97
6416	3700	909.0142436	90
6422	11192	568.6445298	93
6424	15688	2400.627427	57
6428	10166	549.5973529	75
6432	6178	833.7847659	120
6433	8583	254.8216679	191
6434	2252	435.2289373	144
6434	15217	380.9199232	149
6435	11479	488.647346	68
6445	12853	2023.36678	59
6455	6743	1189.850642	104
6456	9021	366.0144697	130
6461	8981	353.639738	175
6462	14529	1147.482211	53
6468	16298	437.9910482	128
6468	20030	426.7995269	127
6469	6002	295.4894765	112
6470	9686	2646.87386	43.0647448
6470	18209	1771.482498	45
6478	5541	670.0674056	112
6489	9733	3747.280063	66
6493	15135	700.6557321	131
6495	8799	2271.506118	26.5536902
6495	16723	2258.956357	25.97643606
6505	16048	2638.251155	74
6509	13561	676.7504871	120
6511	201	999.3627466	77
6513	7422	1393.627064	69
6514	4869	664.8870905	124
6516	10475	843.7460539	54
6516	15968	804.7260775	55
6516	18744	877.2775785	51
6517	7363	1198.046762	69
6517	18901	1245.796468	64
6520	6547	1602.699713	89
6522	3837	3014.364632	30.2968022
6524	1521	882.9469882	113
6524	5668	967.2226812	104
6533	8830	476.113041	96
6534	11305	251.7256256	176
6538	18761	841.2402691	63
6548	10259	1297.068144	58
6562	15895	1357.380181	28.36356641
6565	4679	1682.172096	114
6565	6888	1659.089017	112
6568	9018	685.5005137	115
6577	14402	882.879527	116
6580	3431	1690.079356	49
6586	16026	613.0217653	77
6589	18631	2817.026251	48
6590	3846	5781.783465	17.10875968
6604	1912	940.8185515	115
6604	15492	829.653539	119
6607	9780	290.9087077	105
6612	18067	255.4108287	120
6615	6743	1209.857261	100
6619	4736	1131.556464	34.5675579
6625	7642	228.2027152	102
6629	15862	3624.670935	88
6634	955	1328.254081	98
6634	19932	1397.738773	92
6635	18898	3522.601996	31.65828812
6637	7338	621.2799177	157
6644	9575	1712.006299	90
6652	6144	891.8012267	63
6654	3133	947.3582638	135
6657	20062	660.9893031	87
6664	11691	4708.279222	99
6667	14207	1745.596507	61
6672	223	819.0282508	71
6672	10669	872.0042344	77
6676	5722	1254.2795	118
6683	7489	494.5684093	139
6683	16742	506.0515122	145
6687	17375	890.8434797	59
6690	8711	1564.746515	58
6691	7284	786.1421796	64
6691	11039	689.8575842	74
6698	13683	795.2686721	69
6700	18190	609.6677292	91
6701	998	2680.775547	75
6701	16518	2331.619029	79
6703	19880	771.2613678	94
6706	2006	222.2799684	254
6706	15189	230.1076924	248
6706	19590	231.5046912	242
6714	6787	1273.954158	95
6714	14170	1235.882945	95
6723	4506	559.070213	88
6732	10436	1165.747023	130
6735	9522	288.4313262	247
6736	12867	186.2298794	196
6736	16985	425.9525723	134
6738	8784	2241.517442	114
6742	16532	2003.482475	63
6745	3894	1077.991739	73
6755	1430	1061.756032	65
6763	11256	1277.619239	91
6767	16640	1803.414274	77
6768	5821	258.556412	229
6774	2158	1809.893489	128
6777	5706	1536.36298	142
6778	7357	852.1924688	23.27303253
6778	14868	841.2334348	24.31888239
6778	20669	790.4235792	26.5536902
6779	555	3123.216759	36.92365229
6780	4145	1200.517182	87
6783	2046	263.4699218	149
6783	15231	356.588963	138
6785	1230	22051.84686	15.66885474
6786	11033	241.7225749	127
6786	11483	244.4532514	108
6786	19376	293.9414023	110
6791	3638	825.4473171	99
6794	7712	1074.697238	143
6795	4718	306.5200044	262
6799	15069	402.1759266	138
6800	10278	2073.560775	61
6803	11195	375.7076282	138
6804	1126	991.1861375	100
6810	10125	1845.144355	64
6813	19944	534.357327	74
6815	8163	6927.011351	46
6819	16858	4131.896365	43.0647448
6823	5442	804.7887235	94
6828	20361	281.2938517	123
6834	7471	1841.53241	29.63817606
6835	12346	1305.379588	50
6835	16903	899.4469276	54
6835	19311	1284.577113	51
6838	10203	507.0098454	153
6841	19460	573.1945781	149
6842	4901	657.5107989	106
6852	5997	784.5629613	112
6853	18988	488.8028021	120
6854	2411	874.4929807	105
6854	10316	983.1689317	105
6854	16158	818.3317406	114
6856	6960	881.5921373	41.21271655
6856	17340	586.6730572	40.31678793
6859	404	924.8668438	96
6862	3464	557.0040801	136
6862	19801	456.3905022	140
6865	19568	2126.388626	66
6868	11967	1581.606435	54
6870	14909	1686.439505	89
6874	19729	309.1278521	85
6878	3353	1526.108778	53
6880	8878	1596.538746	53
6881	12984	2721.647941	20.39769385
6881	13922	2713.072584	21.31433096
6888	19959	668.6004201	112
6891	11363	4600.984873	57
6894	7315	2442.731417	116
6901	6968	1581.659633	91
6901	20623	1448.186446	93
6905	15420	214.062047	136
6907	7225	2353.609625	113
6907	13731	2353.609625	113
6911	12488	1596.6406	41.21271655
6913	1496	1156.235914	117
6913	7228	1258.097464	117
6913	17534	1271.860368	110
6915	606	2945.294976	133
6920	6566	2533.327012	22.76709704
6922	5572	188.4332476	128
6932	9220	3528.117372	36.1209642
6932	10670	3636.538579	34.5675579
6933	1215	1344.862858	71
6934	16499	472.6027031	145
6935	3891	347.4864642	132
6936	13238	3785.132029	12.30378567
6940	16945	1025.925125	98
6942	16132	1105.576864	125
6943	2467	504.8566997	144
6947	16916	1251.446285	139
6948	4226	206.5834237	193
6964	7454	1024.366294	161
6964	17362	934.1326897	156
6964	19514	788.8193346	149
6965	5594	984.2661241	126
6966	17981	1639.222839	95
6979	7969	1295.04785	97
6980	18237	735.7858243	80
6980	19859	818.1102745	85
6983	5076	1682.355529	143
6990	15620	3348.893213	20.85097594
6991	11178	1133.526484	102
6996	27	617.7103536	133
6998	2210	735.4314837	142
6999	17538	250.1178523	45
7000	6274	1128.701514	78
7002	17428	932.6844092	106
7002	17996	847.7795245	108
7005	20134	1954.050347	74
7007	8048	1829.429754	50
7007	12553	1825.543121	51
7009	4480	302.1473405	142
7010	16232	554.5476884	86
7015	9828	1413.387069	55
7020	3443	2131.451785	78
7022	9415	765.4100753	165
7025	13613	4417.05531	18.27487772
7029	13027	1099.477097	117
7035	17330	1639.853759	16.73683012
7047	18388	3729.162906	50
7049	9713	795.0533414	92
7050	15057	2010.550403	101
7050	17914	1913.091946	103
7062	12167	1808.019405	35.33572585
7076	15142	1570.84891	99
7079	18437	1507.714155	50
7080	489	1489.43096	85
7083	7619	206.2191093	262
7085	4737	3602.267193	14.35013486
7086	7213	1034.959198	86
7088	18206	1729.126147	95
7092	15641	726.5084344	105
7095	13334	3353.796671	22.27216015
7097	11979	1225.049286	65
7102	5856	1028.181952	36.1209642
7103	18941	830.5195471	112
7106	12609	1442.750665	69
7106	17820	1499.586305	66
7106	20636	1471.563177	71
7116	12217	2216.005738	112
7117	16377	210.5752453	150
7118	14820	560.948469	139
7124	20402	3139.986724	81
7126	7128	5990.422647	42.1285547
7130	6657	426.2209122	117
7140	7851	672.6181046	108
7142	5658	3233.332336	59
7143	3730	326.5735968	154
7143	14160	314.364565	152
7144	13193	1260.33618	23.27303253
7146	9438	3048.10148	34.5675579
7149	10122	702.0078249	124
7152	6790	191.9926581	178
7157	2213	207.3670773	286
7158	12658	7925.028206	62
7158	18476	4899.197029	67
7161	1650	2400.736743	31.65828812
7161	8402	2454.035014	29.63817606
7163	10480	1737.92133	79
7166	5666	2376.761185	170
7168	8317	812.8738954	112
7172	7409	1164.507526	81
7172	10837	1277.675505	83
7172	14006	1016.589129	84
7172	18051	1296.526258	83
7175	502	949.0713484	48
7175	3589	969.1578257	46
7175	16878	979.5434473	45
7178	4443	636.8810792	136
7178	6512	717.4757802	130
7179	4655	1395.033847	106
7179	6586	1493.061711	96
7179	8549	1493.035904	101
7199	3027	544.9793039	117
7201	4910	670.2627252	117
7204	1481	203.4970921	126
7204	2978	286.3113437	108
7211	1931	843.4009581	100
7218	1064	2562.025497	30.97006447
7220	4869	598.3696187	123
7227	19992	487.6398999	123
7231	13851	891.7110078	98
7234	7580	193.9656644	208
7235	5431	1077.525883	99
7235	10168	1058.517719	99
7237	13637	371.9404957	110
7240	1459	2201.253305	86
7241	9210	1700.032455	45
7242	15072	879.7987746	83
7244	14887	1814.543071	79
7244	19501	1807.672279	81
7245	9219	286.2691093	178
7248	4431	10118.15587	78
7252	68	332.0309089	92
7252	7499	379.4374451	88
7255	3437	501.6762733	64
7255	5039	693.3093916	49
7257	13665	484.5055664	136
7259	2853	931.0278828	90
7259	7528	826.4654672	93
7260	11332	6682.525879	20.39769385
7261	3220	3439.370668	73
7261	4184	3340.328896	74
7261	17963	3396.906639	74
7261	19274	3339.978539	75
7262	7419	765.6706414	67
7265	1553	960.8158646	71
7265	7852	994.7086928	69
7265	11573	993.2266734	76
7268	16051	2008.391657	76
7269	11601	581.9729076	68
7271	15831	1717.022129	102
7276	11737	695.2822544	91
7278	5141	821.5916392	117
7281	10641	466.4084378	149
7284	15165	1009.117665	128
7284	19400	977.4396201	132
7285	18535	1953.41318	120
7294	10417	2645.911528	48
7295	17491	1417.292026	78
7297	10550	328.9000896	183
7300	18726	544.5798028	150
7307	813	1603.368847	49
7312	14572	5346.204299	47
7312	18723	5384.121959	47
7317	5725	1839.857769	70
7317	20572	1838.147321	70
7318	8269	1135.168175	74
7322	14629	774.2076253	100
7322	17941	841.1179431	97
7325	15780	266.0786341	300
7326	3249	675.2746238	52
7326	13139	675.2746238	52
7332	13674	1109.324794	86
7337	3410	535.99871	88
7341	18629	512.7602751	141
7344	15812	504.7769565	109
7351	11829	388.7965713	99
7353	7195	360.1044554	103
7354	961	1177.327484	99
7354	10334	1242.292392	96
7355	3701	1323.749625	80
7360	6558	247.5654936	172
7360	8457	257.4768916	156
7363	5993	730.6230274	139
7363	14709	573.3793209	146
7363	16325	604.9817345	139
7364	11004	1381.19686	30.97006447
7364	19449	1399.487772	28.99386789
7368	12360	1015.334324	87
7370	16781	644.1080776	117
7374	4744	1840.764996	54
7383	5840	595.0103269	219
7392	2477	1488.620837	65
7392	2516	1530.060899	62
7392	4369	1410.596132	67
7397	15856	314.9520474	70
7399	15076	3099.424952	79
7400	15775	351.0802349	75
7402	9459	397.8366518	156
7403	7001	1167.53668	101
7403	20587	1149.66883	99
7408	3279	1499.87338	103
7410	6032	990.2479732	131
7417	5644	1827.068965	77
7421	10581	222.0130792	94
7421	11284	201.41949	92
7422	15390	907.3303057	118
7423	4217	842.200408	119
7423	11265	790.7676295	117
7430	979	1287.178381	133
7435	7021	706.7147176	91
7435	14757	814.2516865	78
7435	14999	775.0294903	92
7436	13827	1796.95185	69
7440	6922	557.4234929	102
7444	13297	393.6135548	88
7444	17363	456.0118954	93
7446	2795	883.7287599	67
7447	15578	2444.563536	45
7447	16273	2305.111345	49
7450	10984	940.9233697	83
7451	14883	312.6662646	128
7452	12907	560.7856168	131
7454	5088	3012.751146	48
7456	15491	884.4777755	93
7456	16508	851.6547316	97
7460	5468	739.387787	100
7461	12542	1079.953575	37.7441779
7463	10008	5079.353925	66
7466	12964	371.4705305	177
7466	13969	405.9710209	171
7467	5755	817.3876623	72
7486	8333	815.7897367	71
7493	17957	1570.661546	85
7496	11183	1264.209663	113
7499	13832	566.0594656	132
7506	9336	4184.07884	92
7512	18786	6424.057326	47
7513	9901	3844.046588	71
7513	17243	3731.655351	69
7516	8397	3450.582714	123
7522	3832	1942.13452	49
7523	5894	637.0339218	126
7528	13332	3257.962504	13.43445426
7531	19660	456.8612351	97
7545	16870	849.9274355	103
7546	8978	604.1301483	89
7550	6712	835.4520821	140
7552	15710	404.2338022	58
7556	2443	498.9587111	39.44033602
7561	9757	444.9510254	115
7563	199	223.8677412	226
7565	13594	3507.540678	74
7567	17989	2555.118181	52
7575	3189	1382.821931	70
7578	3823	1099.721825	47
7580	4159	575.4341435	116
7581	4811	2043.006826	40.31678793
7585	741	1221.598653	122
7587	17801	1424.35432	137
7591	14882	1339.91483	53
7591	17071	1321.773028	55
7603	18440	1272.382316	98
7604	3036	4322.767104	46
7604	11403	4397.762551	46
7606	3201	987.1948813	111
7609	19888	1295.203519	85
7612	10261	1105.238342	62
7617	12320	610.1996959	164
7619	12725	335.7883125	106
7619	16675	342.8348434	107
7621	277	405.7750746	135
7621	11049	402.3282886	137
7624	4111	412.5261852	126
7631	10412	993.9994163	107
7635	20506	3131.208025	25.41173093
7637	8493	1978.097116	91
7639	13125	2291.226742	28.99386789
7640	18825	354.8895788	100
7641	16180	511.5119471	96
7643	6131	1362.328193	65
7643	6484	1084.124472	69
7643	15980	1092.523119	65
7643	20450	1323.238975	69
7651	18110	284.934983	203
7654	3299	4093.521338	56
7654	17812	3948.280884	57
7663	1749	1698.040719	69
7663	3687	1797.600315	61
7663	18721	1406.999151	66
7664	3469	930.6303662	99
7667	1822	2543.465076	66
7667	9913	1925.380045	67
7673	10751	385.3310126	100
7673	18465	576.25094	85
7679	14626	1249.500175	89
7683	9175	3312.197336	60
7687	7377	1279.450399	189
7689	1298	804.3100752	85
7689	8275	786.8722054	88
7691	3104	1592.143317	131
7694	7306	252.448144	109
7694	11248	278.6274114	95
7698	2830	310.0197092	244
7699	17342	901.405554	178
7703	10612	2118.256784	64
7705	11318	1252.254958	134
7709	6406	434.3770813	134
7713	8956	289.3426595	175
7714	15944	872.6219321	71
7716	6262	545.099157	149
7722	16018	1329.493187	86
7723	567	1094.35763	3.080943466
7723	1180	1623.86288	6.649207039
7723	5400	1596.293697	7.102411153
7723	14539	1628.235757	5.957214891
7723	16361	1670.586016	5.221212378
7724	662	2232.235912	41.21271655
7733	6321	2067.510113	71
7735	8651	781.7671632	123
7735	19207	736.2774675	129
7737	2694	1212.995559	40.31678793
7738	465	772.8136139	204
7738	4568	819.3779658	198
7739	5487	241.1381321	162
7740	10812	1545.157928	103
7741	2903	296.4920509	141
7741	13341	280.9205544	153
7741	16910	310.3543136	131
7751	16908	298.4545278	234
7752	4224	1400.494427	89
7753	15415	1303.130293	101
7756	4521	630.3355593	64
7758	12725	479.0821311	95
7758	16675	441.0473035	98
7761	680	396.1738353	241
7764	3297	1364.206434	99
7767	15430	1499.698906	88
7767	15528	1560.869167	85
7770	9649	819.3959621	97
7770	13226	831.2620103	96
7770	17154	819.6916909	96
7770	17486	814.6722228	98
7770	18300	818.1594984	97
7770	18595	824.8666742	95
7770	18602	807.4297786	97
7771	12086	548.662856	50
7777	1681	431.6446914	90
7777	4436	439.5335673	90
7777	13315	401.2344782	91
7777	13496	429.2665546	88
7777	18623	475.9730982	85
7778	4426	2124.443901	58
7779	3023	912.3589706	102
7780	9240	622.9145346	162
7782	18222	263.9791233	158
7783	10680	868.712204	108
7785	5148	364.940042	121
7785	6296	604.2141076	114
7793	11443	241.8690119	150
7797	20355	1457.16653	60
7802	2247	484.4412128	127
7802	4353	493.7092608	119
7802	11240	447.1062763	133
7802	11908	444.52826	133
7813	5249	519.6837757	48
7817	1191	889.589119	49
7817	13183	889.9026043	48
7820	4379	249.338378	76
7821	15699	1852.849627	74
7822	4549	357.7768222	95
7822	13335	328.3604687	98
7822	14032	330.4552518	102
7824	9638	601.681064	162
7827	12020	315.1560461	180
7832	331	1038.715012	36.92365229
7842	5373	2242.782749	54
7842	17850	2243.644794	54
7846	13168	618.3192006	162
7850	5761	656.9789237	100
7852	20094	298.4791448	164
7853	12661	763.9310448	89
7853	14139	785.9550885	86
7856	2382	786.1462442	50
7857	382	1716.930569	58
7862	15078	874.671871	67
7866	3567	2961.541264	71
7866	12893	2901.342069	72
7872	9936	1937.195343	70
7873	14629	991.2586397	78
7873	17941	1041.566622	81
7880	4723	646.2150258	82
7884	6923	722.1677889	30.97006447
7891	16046	328.001298	75
7898	14973	868.8096951	69
7918	845	1334.128673	107
7918	6756	1417.243347	99
7922	16534	1757.441224	11.26827626
7924	10634	733.7704606	127
7928	15561	1199.362875	36.92365229
7928	16462	1137.822896	40.31678793
7928	18913	1131.184464	40.31678793
7935	11003	409.0124982	124
7938	4672	3737.127623	3.149408876
7938	18040	4461.905506	2.41927497
7943	10672	1528.064433	69
7948	18352	923.6180355	89
7954	4268	559.7800679	125
7956	5848	1464.20723	184
7962	8253	1122.946454	65
7965	11594	397.4283235	153
7971	10066	2205.72174	3.21939574
7972	9122	2155.526007	53
7975	15585	2051.759972	79
7975	20183	2197.832105	73
7976	9003	635.2607982	142
7984	19947	578.9498103	88
7985	6874	396.5140943	139
7985	15055	370.5348906	132
7986	16740	2022.290595	69
7988	4582	1123.719939	80
7990	13639	820.7619013	125
7991	433	1349.073625	71
7992	18157	665.5705238	67
7993	670	1047.560462	49
7997	2749	1553.256281	65
7998	20452	1361.335925	83
8005	20596	1932.993998	154
8019	12466	1981.898358	76
8021	1486	524.1201661	143
8022	445	589.393068	160
8022	1541	402.5479865	151
8022	6972	670.0297677	147
8022	18439	452.7902514	155
8023	12667	650.7446345	110
8023	18642	565.0764057	128
8024	7995	4708.812212	65
8026	15493	831.8285121	33.81608925
8026	15662	875.7080222	30.2968022
8030	1609	3472.725022	69
8030	8377	3846.626084	65
8030	9428	3799.823917	64
8030	10450	3673.954095	69
8031	1978	797.2620803	119
8033	559	7516.36455	67
8034	13333	1440.507181	77
8038	987	2883.336956	106
8038	2616	2990.86161	106
8038	6294	2918.366097	106
8038	6746	2886.245348	108
8038	6956	2826.556597	108
8038	8523	2909.954585	104
8038	12641	2746.976934	109
8039	2547	997.0586435	41.21271655
8044	2954	2335.741338	65
8058	9215	936.6131022	105
8059	363	3417.090765	77
8059	20480	2951.321816	85
8064	9930	1591.755211	81
8064	17171	1309.28678	91
8066	10609	5392.065273	32.36180563
8072	5569	1068.375831	103
8073	2985	1922.675855	62
8075	17519	1410.361236	74
8080	15487	1033.78679	64
8084	9471	442.6259157	159
8092	1266	417.7379534	120
8100	5310	714.195556	42.1285547
8100	9860	736.8170857	50
8100	20552	648.880019	47
8102	18846	656.5292967	96
8103	8958	396.8224214	118
8107	20064	1642.104248	70
8109	5562	937.3483286	136
8110	8634	542.9242454	181
8110	10744	489.4327105	175
8116	11186	948.8324888	86
8121	208	1379.519048	27.1437722
8128	642	1085.592926	119
8129	20270	1542.42932	40.31678793
8130	2615	792.6275825	162
8130	11647	778.7556778	165
8130	17663	809.5398159	170
8134	10280	3085.136482	47
8136	8985	199.6905904	160
8145	5053	862.1477044	150
8146	15626	182.3107988	179
8148	8750	750.5102478	39.44033602
8151	13661	184.6212666	145
8154	18487	195.5941927	209
8161	2685	2162.125189	88
8166	15717	1270.549208	76
8166	18473	1210.895956	76
8166	19644	1310.880556	72
8169	20090	1231.668353	69
8173	9193	449.4018955	233
8178	6791	1057.553652	82
8178	14128	988.6088143	84
8183	18533	628.7781223	108
8184	4211	398.2159373	118
8184	18503	409.5348006	121
8189	3877	275.5334005	164
8191	1696	809.1830985	117
8191	2485	844.2960656	119
8193	7829	936.5275815	60
8200	1819	1785.127496	80
8204	11391	20612.44151	45
8207	10059	1665.460908	91
8208	6166	2053.323839	63
8212	4943	1919.569331	75
8212	17264	2059.707486	69
8214	6572	711.2013276	64
8216	14715	1265.569304	57
8217	7578	823.8514245	107
8223	577	2461.314864	99
8224	5233	568.4204226	115
8224	19256	574.1128672	102
8227	4102	860.5526073	68
8236	19917	595.6495592	139
8238	19555	759.5928161	73
8239	5185	2854.163724	80
8240	6705	943.6669521	141
8240	7729	678.3594811	147
8247	11097	2786.711859	71
8249	18951	1233.915599	105
8250	13437	1389.895492	148
8253	19143	193.993591	196
8257	13466	1257.488313	90
8264	1676	1530.404278	68
8266	9195	985.1869637	49
8266	20398	1048.409545	52
8271	14665	1702.481931	88
8273	2504	5150.278919	37.7441779
8273	20139	5087.474573	35.33572585
8275	8449	682.3393094	118
8278	11499	526.439109	90
8282	5127	1260.374902	74
8283	17060	1641.437003	59
8284	2270	881.8604283	95
8285	14169	453.4290962	138
8290	20083	773.1052413	152
8296	20241	4071.455911	28.99386789
8301	10205	3425.931773	96
8301	15975	3830.298435	90
8302	19102	490.2402614	143
8306	3068	2096.547248	81
8313	9629	599.6744863	167
8315	1542	2889.554263	73
8315	2242	2810.444141	76
8328	10890	3906.34655	66
8329	5780	2000.752207	69
8334	19484	336.0305216	151
8337	17116	2649.812032	38.58293741
8345	20363	18985.37375	67
8347	265	676.6296868	70
8347	10658	696.4145676	66
8349	19041	1050.728259	80
8350	11500	20229.84869	62
8356	7465	1188.487486	74
8356	15890	1097.426443	78
8362	5260	602.7046902	122
8372	264	441.0049787	135
8374	5158	1270.63702	68
8374	6920	1347.497806	62
8374	11713	1297.157431	63
8376	456	861.102737	95
8383	5665	1667.574108	77
8387	12822	1945.936038	53
8393	1921	611.0457354	94
8393	3771	768.8627782	83
8393	12208	675.2438664	90
8395	1275	809.4660642	84
8395	6125	891.6262635	80
8399	14691	1060.221965	36.92365229
8399	19340	968.459907	41.21271655
8399	19866	1072.940512	36.1209642
8400	5210	595.7594675	131
8401	7656	542.1505329	47
8401	15994	566.9361787	44.02173913
8402	762	2924.070082	60
8405	18527	4233.164106	17.87759777
8413	18691	482.1835184	77
8415	7503	1154.114542	108
8417	14537	437.4212232	105
8423	2411	673.6597572	129
8423	10316	886.485398	102
8423	16158	604.7223688	127
8427	18419	350.1725957	152
8430	10313	332.9587733	166
8430	16780	310.0144525	170
8433	10819	2924.062381	56
8434	3061	3378.439601	18.27487772
8441	12724	1304.919218	67
8443	8588	465.7159547	33.81608925
8444	3505	210.0531316	269
8444	13247	200.4063174	269
8444	13706	291.0680676	269
8445	6034	285.0759416	233
8445	18470	297.339882	221
8446	596	536.2165743	279
8453	390	1076.647533	112
8455	18427	522.7453935	118
8463	1567	2946.010768	81
8467	9446	1134.628361	104
8468	12808	261.4925959	194
8468	19418	200.3337777	224
8471	4162	256.486927	132
8471	5139	365.8886619	149
8471	6084	353.8142566	131
8471	11472	399.4398925	137
8471	15011	405.0906797	125
8473	3066	3272.092036	42.1285547
8480	14334	1141.814285	80
8482	1387	693.518275	137
8486	19299	1946.360071	124
8487	10210	529.6793363	144
8487	17741	508.8948586	152
8491	8102	1791.312542	69
8491	14436	1816.014691	68
8492	1864	1646.462126	82
8493	7022	1782.752958	59
8497	14467	2546.151051	77
8500	17321	1146.991855	78
8520	11378	1124.929051	72
8528	2949	597.194849	83
8528	9585	485.6780056	86
8533	18299	346.3567849	176
8534	315	719.4003223	66
8540	2638	375.0188302	149
8540	4688	345.3276005	135
8541	2390	616.0825983	97
8541	8328	586.893506	103
8541	9596	623.7598724	98
8541	11545	493.5499611	109
8544	2893	331.7280199	150
8547	14748	952.2930878	31.65828812
8550	6837	1929.008848	45
8553	6998	867.9788514	101
8553	8603	1037.328293	101
8553	16820	1051.901935	99
8554	6218	3991.792051	65
8555	7446	664.8536899	76
8558	1322	1125.195256	64
8560	13875	542.5489057	165
8566	15430	1701.1913	80
8566	15528	1817.043357	75
8571	1989	3429.009561	79
8578	8645	2302.897057	48
8580	11380	239.1735655	123
8582	9649	555.6324817	102
8582	13226	596.3413406	96
8582	17154	545.3828177	100
8582	17486	555.2676559	98
8582	18300	549.1014128	100
8582	18595	544.0425198	102
8582	18602	569.6958517	100
8583	18517	2758.136033	98
8589	13318	453.2184588	122
8591	10145	750.1540454	92
8593	405	949.5216552	83
8593	1722	924.9676168	87
8593	17798	991.3382148	79
8593	18395	1064.903935	77
8594	12719	717.2506945	117
8606	1572	4358.32376	71
8607	6974	2591.392391	43.0647448
8607	16538	2665.658947	45
8608	14377	1303.642811	104
8610	5539	1739.821977	94
8610	10517	1629.347645	100
8610	19092	1739.821977	94
8618	8516	394.4609296	105
8619	15652	796.9180772	119
8622	2735	388.0994367	134
8624	4956	190.2536005	240
8629	8780	1079.743806	67
8636	10621	1269.633976	17.10875968
8636	16402	1806.893357	18.27487772
8638	15272	596.887276	60
8647	10584	305.8523159	161
8648	2205	615.4368772	102
8649	8477	1287.399939	75
8652	5692	3292.764307	87
8656	14298	813.8704927	97
8661	18449	2401.215128	69
8662	19592	1146.652974	76
8668	9341	515.7090589	160
8669	4930	874.5025185	113
8669	19941	814.2813146	116
8677	2494	723.796173	56
8678	14875	1169.37891	115
8679	13598	874.7773813	56
8680	17253	2632.397103	72
8682	12014	770.0613387	115
8683	20171	1325.175667	93
8692	724	1681.517579	116
8695	3059	506.4086609	154
8695	20065	543.6342619	143
8695	20180	508.2084609	147
8697	8465	3543.154622	25.97643606
8697	15601	3541.730314	25.97643606
8701	11372	495.5516037	108
8705	17739	1049.465195	120
8707	6796	988.0093603	59
8708	4430	530.2397716	78
8728	8712	951.8158298	97
8728	16633	951.8158298	97
8730	6793	202.554975	203
8735	10046	970.32062	92
8738	20215	184.626537	117
8747	19583	1011.784594	39.44033602
8753	1888	498.0794503	131
8753	15612	580.2441133	116
8754	8420	266.3672358	132
8757	9115	2344.276905	78
8762	19664	730.5292386	134
8766	206	1001.035891	76
8766	2520	976.1636099	81
8767	7131	273.5464731	94
8770	14717	757.7972794	101
8772	11226	541.9515446	92
8773	13564	586.7154175	114
8773	14197	644.7717535	100
8776	6543	423.164757	151
8782	15777	990.2191313	104
8786	1943	954.9149843	84
8792	12482	415.7293924	80
8794	6167	612.629807	130
8797	17790	2348.121127	56
8799	3628	1644.868649	122
8799	6110	1588.379727	123
8803	18426	965.7497227	68
8808	2807	703.3906489	65
8809	12451	1098.978205	39.44033602
8809	17882	1014.334148	43.0647448
8810	4434	445.7642619	93
8813	7684	193.6000666	153
8817	6021	619.0724388	68
8828	18038	896.2846288	55
8829	12011	2162.073418	38.58293741
8830	18669	589.6927398	67
8835	15724	1075.080371	140
8835	18700	799.2483317	143
8844	4274	856.6918508	122
8849	7557	5468.748563	60
8853	11576	1269.100078	67
8854	10295	924.0805768	100
8855	17086	5029.96211	45
8856	14959	364.9614537	179
8859	475	8658.129588	48
8862	8582	2050.284905	71
8863	14001	642.3810172	86
8869	19828	184.1962346	209
8870	5673	1302.617826	16.01705151
8870	10891	1429.873726	16.01705151
8870	15839	1442.345944	15.32822746
8879	5314	688.007201	178
8880	13608	682.2874674	124
8883	8098	1530.170139	46
8885	3189	1538.343383	59
8889	4914	2255.535675	84
8891	9999	3626.653766	73
8892	2717	2561.921262	102
8894	6509	1874.454985	123
8896	9824	950.0595749	62
8896	19587	933.5311073	60
8898	2852	1448.092377	29.63817606
8903	20652	616.4677912	115
8904	16620	325.5803381	120
8905	6798	3265.918608	110
8907	7743	2172.193377	83
8911	14409	649.1531918	70
8912	3835	1700.261541	108
8924	11399	1450.31282	115
8928	3525	194.0363254	172
8929	6930	3391.385246	93
8936	17404	762.5607951	107
8936	18838	747.6665737	108
8937	14802	1372.728659	118
8937	18863	910.7674315	131
8937	18992	921.0177363	125
8939	6882	217.734767	166
8939	15502	229.9046391	179
8940	11634	876.8280445	116
8941	17335	1241.620734	106
8951	1000	699.669781	112
8958	3153	679.806632	116
8962	13861	7222.507935	48
8966	3482	1600.003691	90
8969	14096	1752.651176	53
8971	6870	3121.135678	10.0955712
8971	19088	3102.603966	8.467756344
8973	14224	1443.096968	65
8975	4464	325.2667468	157
8976	15927	1177.395769	63
8976	20427	1089.827512	68
8978	19734	808.5051279	100
8984	3627	308.7316936	111
9008	48	526.4647487	122
9008	8188	513.1253776	128
9008	8601	507.8400895	133
9008	10580	502.0492495	136
9008	13365	512.5986811	134
9008	13907	560.400684	119
9008	20145	506.3703901	134
9013	14213	4526.160206	49
9014	3857	751.2441924	135
9015	4380	535.1459359	166
9017	10505	252.0116765	314
9019	897	288.7737956	95
9023	18474	357.8835148	88
9024	1752	191.0496095	180
9026	14885	2874.235653	55
9039	3109	966.9930219	81
9047	4781	1154.059469	44.02173913
9052	744	1148.696361	69
9054	9044	1248.785196	154
9060	855	1248.264886	98
9060	17986	1041.210122	109
9068	13363	2150.459342	95
9069	9769	1634.405404	48
9071	994	209.4333872	194
9073	14499	970.7687582	113
9074	292	4292.461789	81
9074	13299	4235.531263	82
9075	4118	261.1994529	165
9077	15462	904.7978148	95
9078	1492	329.6020119	175
9079	14241	735.0090771	134
9083	5018	906.5562895	52
9085	18459	557.2406164	119
9089	20033	1021.595881	155
9090	4097	406.4501426	146
9090	17836	506.4832757	143
9092	5769	529.7825463	109
9093	8598	1136.096354	121
9093	12938	1228.319119	119
9093	14486	1173.314084	121
9094	17961	195.6300304	150
9098	12136	1780.985376	36.1209642
9100	16011	514.8578274	130
9102	4695	346.0609789	134
9103	6438	2229.664758	113
9103	16630	2290.885995	111
9105	8793	726.5367981	58
9106	20617	5540.523087	46
9110	8036	5007.159609	46
9111	20063	181.2639092	160
9112	12578	200.1139989	163
9114	19912	442.4749576	151
9126	1304	911.4373846	177
9128	5407	901.1803418	98
9132	2826	1137.625252	103
9132	15719	1082.761349	104
9133	6825	238.5986697	126
9134	799	827.4110303	99
9136	2526	3703.372709	43.0647448
9140	5941	332.7209502	105
9148	3224	1789.03706	43.0647448
9153	18547	780.0257399	118
9156	13752	2543.917379	55
9162	18	823.2754285	126
9166	9838	235.5518016	145
9166	11596	204.9737224	152
9166	12328	215.769873	157
