8	9281	371.5592766	77
35	1621	746.3951688	71
45	9654	511.2109376	108
49	1600	412.0246037	160
51	4288	966.9291966	133
53	12214	2066.536852	45
78	3805	677.863467	109
86	11567	301.2932371	159
98	4076	387.3200119	106
98	13015	334.6326389	114
99	2471	1132.104175	114
110	9597	406.4965852	111
124	11692	375.1241703	72
128	8593	648.6293792	108
129	14008	686.1839443	72
131	9778	679.0968996	108
132	4097	799.061375	95
136	3017	667.9354625	61
140	484	364.0346846	152
141	6169	1346.591293	62
149	37	1476.616931	110
162	4426	1526.975743	110
168	4798	2037.320154	42.1285547
169	1328	1812.846206	46
175	12363	603.915001	96
176	511	1169.837903	145
178	4527	3199.337075	74
181	4591	561.2900568	126
185	13405	863.5025434	102
192	895	360.1318985	136
204	11628	1250.442204	69
208	9883	609.2366162	96
210	1307	298.4852241	86
215	535	770.3348994	113
217	12969	982.4990162	92
239	6864	756.5584187	149
245	7562	1293.809408	89
249	2982	826.0542274	100
254	1755	342.2223252	156
254	2668	269.4794671	168
271	6107	1076.284924	53
273	7108	619.1906652	44.02173913
274	1924	869.6015424	53
282	11330	325.8686932	171
284	12523	348.772626	165
288	9335	3715.560972	34.5675579
294	14009	1285.573877	69
301	12620	1458.100838	63
308	4646	3499.758383	66
310	49	2554.104727	65
318	2608	867.1749775	107
328	10443	807.00593	119
339	4894	765.6642956	71
340	1963	524.9629137	146
342	6021	1293.846608	48
345	10112	634.9921778	51
351	11514	635.7648551	73
352	6824	3691.410727	25.97643606
356	14362	221.2925947	191
367	8718	406.8943096	164
374	485	1861.030649	42.1285547
375	7500	250.5668637	107
375	11574	292.683786	100
376	6205	388.8143304	168
386	5334	1413.50948	77
388	9607	680.8463165	153
395	4339	944.2602003	87
398	162	348.1212771	157
404	3441	1220.674316	68
404	8210	1948.107419	62
406	2627	1395.07424	109
409	10639	2398.70749	66
416	12721	1040.293209	109
429	13830	533.402977	168
434	5743	2109.70293	55
447	239	1077.848424	5.827710219
449	4006	1580.549968	49
453	10435	2474.391704	54
454	11469	819.4838568	19.09611913
466	6989	407.8987038	151
468	6706	606.0104137	102
473	9017	3005.395902	153
482	2475	1281.124097	59
485	12079	1703.739133	116
498	10627	781.2499369	120
525	3151	182.1922736	191
528	440	867.052116	121
532	3043	2057.083094	53
548	6719	760.6816096	81
610	6005	443.89472	117
612	2506	345.3610897	120
624	9114	1686.38439	53
636	5164	3202.292767	62
643	550	1555.539655	65
644	7200	666.6866623	109
649	1629	723.4741031	103
654	8732	1552.372972	89
662	12501	550.0722097	166
673	7948	431.2526109	87
674	8635	2854.07543	65
679	734	1532.474007	71
689	12896	1792.916678	44.02173913
690	5098	1111.337459	99
695	9512	384.6073889	164
697	4892	1637.329975	66
697	6084	1596.406976	70
715	3942	284.3386581	118
718	6621	2196.787728	54
733	13391	1541.363315	59
734	1596	1042.178072	116
736	6132	3385.290793	76
741	9919	428.622778	231
743	7644	1490.796904	70
752	10860	723.8232865	106
756	4544	252.691724	146
766	9192	271.0346461	175
768	13802	2505.557905	61
769	1843	222.1098606	137
793	2918	576.9525222	57
796	10107	379.6614824	156
818	4064	2028.75949	74
826	6448	1104.785164	72
840	8100	207.8941179	205
844	8636	1467.051699	73
850	5772	690.9945188	99
862	342	367.4843087	149
862	5457	259.1127435	170
867	8036	2891.962022	61
870	2673	1429.020337	43.0647448
894	14153	546.733165	113
902	13362	236.602707	165
910	8647	4089.212967	36.92365229
918	10368	1619.714959	55
922	4830	330.8479806	124
963	6266	286.292022	129
966	822	327.8680016	127
970	10255	1233.223701	87
974	2040	714.3079059	103
975	1897	871.840908	34.5675579
977	4652	1908.436774	94
978	12769	482.5696599	77
984	7310	911.6464563	78
988	1647	193.9302967	229
998	14113	1835.521055	64
1012	6998	6664.380057	82
1023	6377	668.2345996	134
1032	2764	4174.985963	60
1033	7861	573.2508786	109
1053	12994	954.5464265	67
1054	10583	1153.718252	95
1056	10770	1396.336442	138
1057	6525	1259.641932	92
1068	2779	575.2101017	78
1072	7514	1800.690202	119
1082	1899	347.3469555	98
1084	7607	679.7343759	103
1087	4439	807.7818819	160
1090	12215	250.1597119	193
1095	13430	1148.658197	96
1096	12345	2764.046883	50
1108	11560	758.3459689	95
1121	11947	1206.070071	33.08095687
1144	4173	1141.377263	72
1154	9367	283.9774549	142
1159	12883	833.3071674	33.81608925
1161	109	1156.829994	124
1165	6233	272.5851676	143
1170	14139	352.55846	163
1176	14376	2803.818165	56
1177	11450	270.3546113	139
1187	1395	2798.105601	36.1209642
1197	1579	1633.76631	67
1218	5890	2327.534753	56
1221	739	1311.948289	65
1222	3973	583.6020693	130
1233	13960	1112.810157	113
1234	9853	330.9653019	137
1236	8572	1225.481057	130
1242	2524	647.6487379	51
1250	689	1519.837267	63
1252	3881	2011.277641	107
1262	6342	682.4645129	71
1267	10841	2095.163367	26.5536902
1291	8377	491.0922845	148
1294	3569	1174.642796	67
1299	13205	201.5998877	133
1302	5894	364.4291792	125
1306	4961	305.5435747	64
1311	1151	2201.656541	62
1319	12549	901.9105824	119
1340	9810	1339.218003	134
1345	10940	276.9366001	158
1346	2020	861.3368791	111
1347	1289	374.0545079	119
1352	1121	3598.829322	83
1355	5454	684.4928055	150
1361	10621	558.6394016	96
1373	439	242.2609231	135
1373	7269	195.3716685	144
1387	955	280.8165985	88
1389	10621	478.2404174	117
1394	192	1636.546769	39.44033602
1403	10912	1143.250001	81
1406	9333	206.7548353	105
1408	434	1013.83107	117
1410	14016	1599.494602	76
1423	5850	1156.177994	129
1428	13751	1473.487034	130
1429	14091	1097.621344	85
1432	1141	963.1080058	39.44033602
1442	3116	455.9340722	205
1447	542	1165.306739	100
1448	8253	818.2891994	88
1457	3659	199.5105408	223
1478	3649	722.7708098	72
1481	13595	2033.231803	91
1486	13385	2386.78381	71
1489	8357	418.4921542	123
1510	2088	1046.079074	67
1514	11875	475.9576966	184
1516	5643	1145.312442	83
1529	527	968.2075973	31.65828812
1533	9027	1129.761905	56
1542	1931	1285.745728	109
1542	3503	1233.623565	99
1542	6374	923.2182396	119
1542	12351	1305.50113	108
1548	909	420.7835961	134
1551	9096	579.3488968	126
1562	2445	1859.577724	71
1571	6464	571.5157042	119
1574	2116	582.697442	133
1574	5966	609.0400104	128
1574	7251	530.8993135	131
1574	8229	638.891806	124
1574	9579	579.3079666	130
1584	2869	423.2508742	115
1586	9754	991.37954	70
1589	9261	932.6374295	87
1594	1795	212.7638511	145
1611	66	456.8735063	136
1622	2309	345.8214345	41.21271655
1633	5416	266.6314116	210
1647	944	2050.789699	76
1662	12582	2927.053868	33.81608925
1666	6719	976.3292483	68
1669	12842	1312.495639	72
1671	10365	2472.958806	69
1673	11997	2234.577896	113
1681	6367	1082.967504	93
1686	8522	1968.477398	44.02173913
1688	3898	2237.374043	74
1695	7606	451.561709	232
1696	5616	6648.290704	59
1697	3124	1006.414016	74
1702	7635	2749.932901	75
1703	6162	745.9623814	117
1713	8	2378.308922	79
1716	1681	195.0203637	186
1717	11338	387.7590193	121
1717	13917	393.7364688	140
1739	3646	230.3223166	173
1740	5751	1807.556733	81
1746	11263	452.4982539	135
1748	4261	1348.375308	82
1751	12982	847.7278047	125
1753	13673	1383.285084	69
1765	4104	1268.526349	144
1785	9832	1028.549211	105
1797	4656	231.3457934	158
1801	7857	1226.508984	17.10875968
1802	8303	1529.71288	65
1834	10896	432.025727	191
1843	3732	702.8500806	109
1847	11480	1225.132094	61
1865	6414	1299.435777	76
1867	5216	292.8816615	72
1886	4559	369.868012	95
1887	3	1441.036552	122
1891	642	682.346503	28.36356641
1899	13979	710.993366	144
1902	10034	323.619768	89
1910	414	585.234679	99
1913	3920	1455.835733	100
1916	13736	189.1295351	216
1922	8586	344.7348336	131
1925	9448	1026.347798	38.58293741
1929	5310	1200.974446	74
1935	9650	595.0417222	111
1941	11897	1508.601962	69
1946	227	1189.533315	50
1950	7460	307.6220851	55
1998	3769	1106.789807	45
2001	14150	477.7221182	182
2006	10005	1921.919752	55
2009	7707	768.1220151	87
2012	11698	232.5986034	144
2019	10247	1049.770359	105
2027	12262	738.2049962	104
2031	9590	553.7556803	70
2032	12756	1133.593163	70
2035	10312	687.6819783	97
2036	7467	1184.175765	59
2049	11850	225.7757098	310
2056	13210	1548.393925	184
2062	4571	276.7741926	141
2066	5000	685.8573865	114
2079	13037	503.4381734	37.7441779
2092	9795	555.7377787	97
2124	2730	1079.138259	88
2125	184	537.7533698	59
2128	12585	578.211335	103
2140	5121	1546.910107	47
2150	2872	1164.429895	117
2159	11892	617.5598543	138
2159	13947	628.6787238	145
2174	12376	323.8628024	148
2181	7112	464.406788	108
2203	7472	1413.466677	55
2218	6634	552.253726	83
2228	287	2515.469757	63
2244	160	198.6580925	298
2245	1080	1998.806859	99
2269	11411	561.8239191	117
2270	5621	435.006318	99
2278	5996	1738.58071	60
2284	3864	282.7286728	174
2284	4984	411.2784056	159
2284	5935	368.3689494	170
2288	13311	1862.566959	67
2291	5188	1906.306328	50
2292	2734	756.8580073	108
2294	14017	957.3509803	98
2296	9999	919.5878386	95
2308	6783	522.6317037	109
2319	7329	550.6358433	122
2322	2780	750.7353107	67
2356	14082	1940.290104	75
2367	8949	288.1984779	165
2383	4297	580.6866246	151
2391	2739	1253.31684	113
2394	11185	2531.679655	53
2397	7829	903.1186133	62
2401	828	2216.72496	93
2403	5533	294.2835966	188
2410	3698	207.2458296	130
2412	12616	433.8045841	130
2416	11120	2823.94848	61
2419	6485	522.2989771	99
2421	3784	1884.255627	53
2444	8775	564.1697087	89
2450	14170	1172.547417	84
2451	6389	1751.266454	44.02173913
2472	8902	778.4909059	107
2473	8580	2075.155895	36.92365229
2485	2212	2260.307789	70
2493	10005	1880.734636	56
2495	264	1659.532821	93
2497	9837	755.9236974	168
2501	8621	424.9594229	131
2534	14344	2839.289194	39.44033602
2539	9912	1404.471661	79
2543	3012	781.2904967	73
2549	2505	1814.743626	28.36356641
2554	10746	261.5936148	183
2562	109	947.5455094	122
2563	937	1191.000908	119
2568	13722	993.0524491	73
2569	4976	412.692633	112
2583	2299	1504.130474	105
2587	5691	3129.534017	59
2590	10905	850.3850884	98
2595	1130	602.245107	75
2599	13613	709.2214661	77
2605	14379	1747.628905	27.1437722
2615	8114	1055.840343	133
2628	2998	534.7154024	70
2637	3336	572.7340929	165
2659	9252	965.2398766	96
2665	9618	1098.526391	7.260242512
2673	7996	3299.377915	77
2676	172	427.4729236	96
2679	12996	593.8017157	97
2695	3657	836.2770687	20.85097594
2701	1032	676.0046996	84
2706	6346	776.6175923	99
2710	4907	326.6623772	56
2719	8450	1144.994928	31.65828812
2721	11809	685.2535864	124
2743	3529	652.383116	114
2752	12823	4191.294832	16.01705151
2759	12735	539.9423325	90
2767	8060	723.3777112	86
2769	396	302.3278056	99
2774	1751	828.2158415	80
2774	3482	938.7820014	72
2775	6693	235.0627969	181
2777	4699	1289.434242	19.09611913
2783	4046	971.9867996	34.5675579
2789	2357	1968.325717	61
2792	7001	482.6984943	100
2795	7299	3007.406744	83
2801	13769	396.5317807	92
2811	4733	1474.8503	127
2815	2270	2023.985809	92
2827	3032	553.5162935	36.92365229
2843	5091	2268.554487	92
2851	9372	1042.491514	60
2852	1186	371.92575	124
2856	5925	650.3767065	85
2857	7735	1579.157526	122
2868	12421	1085.821713	43.0647448
2887	4334	824.0513984	110
2892	4578	187.8774086	219
2906	13108	418.0938084	110
2915	11043	199.1694502	167
2918	1036	446.2585845	99
2919	1421	2026.846457	44.02173913
2922	5568	588.2112201	121
2923	2646	753.0819692	102
2931	3236	200.6489729	226
2944	7858	2823.514277	80
2953	9261	863.9368404	91
2960	1733	1284.467229	72
2961	1181	2579.795534	85
2966	3744	805.8736851	80
2978	1628	412.0867302	144
2985	5611	241.9320506	123
2989	10178	438.5854382	109
3000	3344	428.6509999	79
3002	2689	1135.597575	97
3003	3234	426.0791673	94
3012	5954	339.8237881	110
3015	8801	1371.899407	17.48895434
3023	710	599.1624607	118
3023	2760	686.3488637	103
3036	12603	729.6383575	68
3043	31	1093.080384	45
3045	11738	474.1025946	126
3057	12938	809.1062116	111
3060	9948	1158.569108	73
3066	14200	4270.20723	38.58293741
3079	4758	1576.738137	70
3093	13877	222.1615654	124
3096	10094	477.9420294	130
3101	5187	695.0492379	134
3101	7912	724.8752999	134
3101	12014	671.4348243	145
3101	13580	595.9147468	144
3103	6627	567.8565821	115
3128	6417	369.3326958	153
3137	5964	183.2812558	351
3139	7441	484.5264227	95
3142	12997	218.8337445	235
3146	1394	236.9714848	120
3148	861	1080.450858	104
3148	2063	967.5785567	110
3148	4538	1096.520227	108
3148	10211	961.7040436	112
3153	1940	588.7474151	119
3155	2801	274.9520333	120
3158	4763	1368.836508	10.31991723
3179	8361	1095.56654	91
3191	8136	899.5600368	36.92365229
3201	1505	201.8685934	145
3205	10771	972.2127024	82
3206	13298	485.5213399	128
3218	4012	859.7435541	181
3222	7202	929.6059334	53
3224	9035	379.98009	151
3232	12759	1047.186481	134
3234	7506	188.9467389	223
3236	12415	620.8001476	177
3242	14364	256.391307	91
3255	4516	933.0828089	18.27487772
3261	6015	760.5053679	88
3264	6980	525.0553246	111
3269	13098	1449.882407	61
3279	10339	380.0538057	119
3285	4489	495.9944021	111
3304	6529	628.4929569	157
3311	172	484.8515026	88
3314	156	279.1020113	141
3315	6172	210.0956762	153
3324	5925	586.279127	105
3326	2882	3525.556552	24.31888239
3332	8555	377.3639172	156
3340	12002	221.978642	231
3345	6831	790.3979601	112
3349	3448	2863.204318	39.44033602
3374	3867	2150.627611	71
3378	2500	1827.525555	69
3390	11192	1689.825475	12.85669654
3393	4378	850.7902521	92
3395	113	939.8004323	103
3403	10418	619.0804843	76
3414	2839	1173.766399	78
3428	2249	2951.316266	66
3432	9661	2300.88818	75
3438	5565	713.9691496	35.33572585
3440	5882	544.4406953	80
3442	14199	791.7425202	54
3443	10677	661.6672946	100
3478	9632	654.7498782	69
3482	6586	881.2144839	148
3508	5176	2636.5566	61
3509	12114	898.8191669	45
3529	748	210.885654	129
3542	9623	359.3663705	113
3591	5304	2211.278752	100
3595	3657	855.7082977	21.31433096
3621	13186	1090.340128	91
3639	13924	4460.056149	65
3640	717	512.5196921	117
3641	7160	1310.497632	96
3650	3620	1518.004507	62
3661	4094	1119.571116	86
3662	4004	383.4592311	126
3664	9431	470.2256958	136
3667	1736	1041.771257	137
3669	13413	351.5059169	171
3673	1239	290.461162	162
3674	6091	584.0943548	143
3675	9721	1342.639473	24.31888239
3681	12065	977.9989164	57
3688	8337	479.4312505	98
3705	5555	1228.368479	42.1285547
3710	6793	540.0572203	93
3713	3859	1687.348087	87
3721	14359	1129.408927	60
3730	149	1355.377937	93
3741	4388	540.629419	129
3744	241	211.2134063	139
3748	3527	1785.084306	64
3752	1595	898.2303492	108
3760	10255	1675.014257	84
3772	1058	212.3716757	243
3772	11109	309.9613783	241
3777	5574	2651.386059	51
3800	8574	348.7812493	111
3806	2701	927.3370061	32.36180563
3811	13297	1264.261635	120
3814	12194	412.4335944	135
3828	6190	303.0475643	136
3835	13598	249.1981491	189
3841	3159	2436.131355	71
3842	12279	3243.155977	27.1437722
3845	1881	1305.973901	37.7441779
3856	13762	1236.412465	118
3858	2486	8272.523556	73
3860	6767	997.2068392	83
3862	456	416.3055021	142
3868	1679	1669.25072	64
3872	109	906.7329535	121
3874	1540	1207.856069	82
3884	1168	1429.822584	41.21271655
3896	12609	1326.214157	76
3914	9452	1671.453344	123
3925	1861	404.5903177	136
3926	14008	724.2431413	67
3931	4320	400.0091963	115
3937	13265	1171.061583	59
3939	1645	1359.381761	58
3944	3092	233.59189	163
3946	9625	835.2861254	53
3948	5965	752.4461158	50
3950	4468	725.1678418	116
3950	4558	892.3585876	123
3950	5168	946.8647889	128
3950	5371	887.7578592	129
3954	4353	438.9062333	199
3956	7282	1483.748203	20.85097594
3976	4100	1573.345466	122
3983	3821	1898.629463	62
3984	10803	3036.898488	47
3986	4311	1170.390969	108
3990	2332	236.4529739	141
3999	624	290.0551896	168
4004	10635	378.7298054	97
4011	5633	867.2115073	122
4013	9071	188.1972862	199
4020	11562	916.6125547	75
4038	9756	830.7033676	182
4055	2371	898.0417825	70
4055	7252	809.5436701	73
4072	12093	820.0845829	145
4094	10207	1834.052844	59
4095	5328	1407.527702	63
4112	13603	1010.143954	41.21271655
4115	8640	2816.036857	100
4120	11494	3087.373956	108
4129	8187	624.7122369	102
4132	1534	260.3815458	120
4142	11731	649.5202998	95
4151	13694	294.0960723	175
4158	13509	219.5791184	164
4169	11833	1072.101837	100
4170	11665	1186.229408	66
4175	8098	1651.466834	15.66885474
4177	8717	563.552021	129
4189	6703	3576.90793	93
4201	3657	636.6903933	19.95426572
4211	11749	420.3719157	41.21271655
4226	8153	945.3723684	113
4228	3947	1151.437643	74
4235	5836	5007.724908	64
4236	13243	330.8377505	191
4242	8166	241.9318705	157
4245	11282	775.8914434	118
4258	9700	741.9021661	89
4259	7225	1287.376688	49
4262	4773	2636.481239	36.1209642
4264	1172	347.3919416	98
4278	640	334.1196493	128
4279	972	1983.045828	51
4280	4546	442.6807761	166
4285	13129	861.1370884	109
4290	5658	526.9184517	138
4290	6022	527.2679143	141
4296	2188	516.3895776	144
4302	9242	236.7569066	251
4303	5458	392.3884561	116
4310	4264	227.6416655	286
4310	8988	196.981234	296
4311	11330	421.9328492	157
4312	7374	726.2441952	73
4313	4818	314.8246358	170
4319	11608	2897.185388	50
4320	3225	296.369482	189
4320	4865	351.9405144	184
4323	10684	1704.084924	55
4324	5956	320.6780016	112
4325	6414	1266.796198	85
4333	8389	196.10667	165
4342	13294	1489.186381	100
4354	7644	1516.3415	77
4357	11110	3804.373106	29.63817606
4363	3412	686.3046576	56
4367	11464	1093.614148	141
4377	5949	898.5026293	158
4378	1624	360.1324768	90
4389	3156	716.9317232	99
4396	13672	1050.665046	97
4397	3425	2247.792069	94
4400	8738	838.8973857	128
4406	8400	490.6964072	108
4409	647	789.4734053	102
4411	2834	1168.789668	40.31678793
4413	264	1088.270303	106
4415	10055	2363.512605	76
4418	10353	267.4219812	261
4419	7907	225.9829961	236
4423	2487	193.9169225	301
4431	8920	1231.250204	69
4432	7046	549.9005265	128
4436	4197	830.8200791	71
4448	11642	466.788948	155
4454	8787	2321.139662	74
4459	2724	2255.475469	50
4460	3306	657.4324819	124
4461	4737	925.9100707	45
4471	5311	943.8407915	115
4472	1537	2406.839419	75
4485	1400	601.3842787	121
4487	2759	444.6054151	143
4490	13543	2717.461019	42.1285547
4493	5701	2451.071352	74
4494	3118	1549.375368	96
4498	6049	526.4670705	45
4503	11920	657.0960807	120
4506	7891	339.5711887	104
4507	1943	659.2514724	52
4513	3307	1734.28625	48
4520	10653	415.018268	114
4526	12684	415.113845	57
4529	3555	1425.23422	20.85097594
4543	8019	2140.640752	57
4551	13510	1793.716951	81
4559	6303	1096.988607	86
4560	2462	464.6693986	135
4564	717	370.3429615	131
4567	3736	2391.756395	68
4569	14308	1595.64734	88
4571	6508	1380.920122	51
4572	4125	692.6893704	97
4574	8716	884.6567514	30.97006447
4599	915	1161.978601	41.21271655
4609	5426	312.2120381	146
4614	5028	947.6452014	110
4618	7285	1011.58046	33.08095687
4621	12329	479.6642258	77
4626	738	629.5504756	130
4634	13789	845.0055868	100
4641	7030	1278.019277	93
4642	12556	1136.041934	99
4645	9523	1089.75337	137
4646	4009	495.5242268	106
4657	3886	311.2960971	100
4658	8367	2478.480834	101
4660	469	1489.754553	53
4661	8743	932.2064716	62
4663	13525	2282.210562	35.33572585
4670	9279	1263.861043	73
4676	10056	187.4988581	185
4699	6945	1091.645964	60
4705	994	319.2865746	100
4709	10928	4474.550747	59
4727	9767	1638.324377	28.36356641
4729	2647	491.2221891	113
4735	312	458.453597	154
4743	4388	863.572438	114
4753	8130	354.99179	172
4756	400	414.0650745	128
4765	2474	205.4639582	192
4766	6553	1170.725907	89
4774	7555	1807.953545	57
4777	1843	443.537864	119
4802	6403	319.0529715	135
4813	4036	896.2256626	47
4824	8849	556.1225393	86
4827	129	312.8641453	158
4838	4735	596.1051339	138
4841	12274	748.1262659	81
4842	1669	478.5551332	46
4859	826	1160.491803	83
4869	8249	2068.402432	71
4875	11247	528.9412161	40.31678793
4880	10496	1443.783955	36.1209642
4886	14242	1685.273813	52
4892	9417	2060.644817	57
4917	13503	531.096114	92
4923	10434	1640.473203	35.33572585
4928	7627	420.0284712	93
4942	6497	1287.220595	57
4953	7968	260.4977872	136
4955	456	244.5878225	157
4964	4860	247.8091226	141
4986	4727	202.1822576	120
4995	7313	651.9966396	197
4996	7434	1788.397772	67
5004	8214	1740.942241	61
5014	11619	1722.983466	48
5048	7700	191.8129606	127
5054	4992	1393.40441	86
5056	9042	228.5245275	186
5057	5670	719.7431919	32.36180563
5066	6674	2073.353005	75
5069	4763	1373.664549	10.31991723
5074	3713	299.4833543	136
5076	7165	2692.148506	50
5077	2676	1090.863892	49
5089	1021	1499.504496	74
5096	6942	1406.948527	94
5106	4440	700.0344328	124
5113	6734	1821.206216	76
5114	3178	2419.243952	26.5536902
5119	13128	1823.841014	70
5121	5503	502.1355938	110
5130	3790	1644.210568	148
5135	632	195.5946296	237
5135	6440	208.5038194	209
5143	553	377.8141943	219
5150	13442	3132.974358	40.31678793
5164	6606	1999.010788	94
5167	6171	4488.091269	82
5174	4861	2254.887454	48
5177	8867	840.725834	93
5198	1110	475.8412912	155
5198	12136	544.6759925	150
5201	5307	1131.43028	86
5203	9973	724.3550152	57
5209	13454	288.0568253	165
5216	9890	273.5336853	125
5235	6190	297.9466773	131
5238	11055	1268.144081	70
5242	12175	649.2281753	100
5265	1114	318.299761	171
5265	8503	289.8536586	195
5269	14310	302.6196742	250
5286	7573	1220.774225	26.5536902
5288	1737	443.6947943	132
5293	8942	203.6810314	177
5300	12067	394.9132031	137
5301	10218	1550.300236	70
5305	174	574.6264217	85
5305	13931	496.8877576	101
5307	9098	5060.085831	63
5322	7775	660.4819934	103
5326	9158	187.5794659	200
5345	13359	3164.014203	33.08095687
5347	1893	317.0513893	175
5354	13389	250.8291906	161
5357	7241	292.0562698	153
5361	934	243.4911352	131
5371	3323	247.2440683	126
5372	3077	1298.461538	69
5373	2091	395.3822817	122
5373	2765	363.8051574	127
5383	9055	1950.439474	89
5401	4275	1228.203732	123
5407	13755	497.6724038	88
5418	12711	540.7480521	118
5420	2136	282.1023494	71
5426	10471	197.83514	204
5427	3131	294.9624093	111
5430	4005	2044.851242	64
5435	4952	932.3016867	115
5441	4970	1192.006785	128
5445	7118	3640.504125	81
5452	4941	205.5921479	178
5452	9701	319.0807551	176
5458	7326	242.9309559	139
5465	3624	948.1945635	117
5471	4306	1098.136601	106
5477	10342	958.4457252	61
5481	14371	728.4576554	125
5484	7476	196.9895494	168
5486	2116	695.6770826	120
5486	5966	743.304173	122
5486	7251	635.4662385	127
5486	8229	757.5225601	116
5486	9579	840.5377461	109
5505	6880	622.2788261	97
5506	5464	434.4728753	130
5524	13489	327.6114269	94
5525	10254	1009.575169	24.859302
5531	4626	183.8031985	262
5533	12672	516.7164119	169
5540	2004	746.0836606	125
5547	8340	505.5751887	100
5552	8084	1812.377662	87
5569	1751	1226.389035	58
5569	3482	1194.794113	65
5570	8857	4083.981395	77
5573	10476	2523.550377	100
5574	4820	2957.970633	85
5589	10476	2031.834212	105
5594	1783	1028.976286	38.58293741
5609	6993	8724.890339	66
5611	1910	522.4005085	76
5613	13574	280.6184697	141
5618	3251	2446.998326	45
5625	7915	319.7151253	197
5629	4231	520.7949417	119
5643	4115	1292.474452	95
5644	5783	261.7891233	234
5645	1886	956.7070259	62
5647	4268	2549.436835	93
5653	10133	920.1340204	86
5655	3182	5430.442573	58
5664	6333	1553.941754	90
5678	8767	882.3355007	66
5679	8508	3721.49992	42.1285547
5692	1552	3791.664653	70
5700	1931	992.6670707	125
5700	3503	770.6532057	119
5700	6374	704.3951912	124
5700	12351	1058.042188	114
5710	13443	249.6577616	162
5712	1053	204.1617686	163
5736	6033	1482.162602	24.859302
5749	1835	1726.769313	42.1285547
5750	12547	519.5249316	172
5760	8493	2209.642674	77
5767	9491	263.6848471	167
5781	13499	468.4056648	117
5790	13038	570.0980364	63
5795	280	949.4198879	95
5815	5298	334.153903	142
5825	3844	767.4351284	30.2968022
5829	14246	224.0533299	191
5835	7088	387.9310339	60
5838	6739	1022.714324	111
5848	2980	6184.955612	93
5853	1012	942.2343736	91
5858	7733	287.3584555	201
5859	9272	1081.406365	76
5866	718	517.9146201	128
5874	736	250.6142702	99
5875	1251	719.2252134	88
5879	11571	1944.81541	112
5880	12056	1029.271504	102
5884	8978	3176.214367	41.21271655
5893	2657	711.91663	114
5913	9639	1423.186935	103
5914	4466	3360.927024	55
5928	11994	5483.794397	131
5954	6765	2183.211404	47
5957	13203	565.4969908	145
5965	5267	212.3087831	151
5967	10660	1874.967986	59
5974	3355	547.2068201	67
5983	356	1908.73327	106
5984	11111	480.5012977	123
5991	2184	275.2375072	173
5997	5478	519.8394016	187
5997	9971	661.6400123	180
5997	11067	650.6165193	179
5997	13687	593.9732867	188
5998	7027	4110.395246	36.92365229
6004	8985	227.5161473	126
6006	13486	220.8986646	178
6009	13093	1129.678892	90
6019	12899	1408.183801	54
6032	3451	874.4525904	93
6037	11625	5592.335066	33.08095687
6047	4562	182.5893859	181
6049	13920	1208.612465	35.33572585
6055	3680	2588.801774	57
6057	8217	2663.893725	59
6058	8004	228.1996389	164
6062	8534	718.2475524	69
6067	11899	1705.599145	52
6068	8028	657.4876953	136
6074	422	563.7394941	121
6074	12107	544.8064515	122
6075	11284	1330.916676	104
6076	8535	610.9237124	40.31678793
6097	11057	479.4566898	144
6100	411	991.942053	90
6101	1275	436.2108256	134
6108	2721	829.8114125	60
6115	2023	923.7816815	95
6117	6196	2120.997654	74
6119	964	3351.590837	62
6120	109	893.585888	128
6121	12281	411.8645698	135
6124	3172	681.3310226	98
6142	3597	350.7748208	153
6148	2110	1079.108297	58
6154	1674	2717.757633	86
6159	13746	546.5744108	100
6167	10644	4711.879139	42.1285547
6197	7364	2156.707406	78
6210	8741	324.6444027	103
6228	6273	2073.562293	75
6234	1040	677.7183688	113
6235	5724	558.3839749	56
6237	12581	869.0109553	87
6240	12823	4180.467745	16.37298599
6247	188	2002.933932	88
6249	527	937.8944238	33.08095687
6251	12965	3738.99188	87
6256	609	299.390322	167
6256	4479	195.726194	177
6256	14066	274.7981018	168
6260	9564	564.6058708	114
6261	9412	1055.579926	40.31678793
6263	13809	377.5759928	165
6273	14200	4333.428175	38.58293741
6282	12281	443.4940779	147
6285	1271	279.3683581	158
6287	13745	1059.022667	92
6289	10	2004.526176	83
6306	12634	927.7572707	102
6314	3012	622.7604774	83
6327	6233	259.5385284	153
6331	6096	575.5192722	63
6332	11087	4347.348627	45
6340	5904	995.6157176	63
6352	4159	2456.996613	111
6357	8597	1352.334879	51
6362	4725	487.0209047	117
6377	8753	1996.491823	30.97006447
6390	109	1084.473436	115
6393	10646	932.0245943	93
6400	1213	2081.497931	37.7441779
6408	12440	1154.097941	34.5675579
6411	12964	1407.855227	39.44033602
6422	7822	416.7291112	110
6424	9556	1948.26868	57
6435	7208	375.8641023	87
6435	8793	406.0385108	80
6456	9623	354.2599904	128
6462	12208	781.7906192	80
6464	5478	586.1096695	186
6464	9971	717.4247503	204
6464	11067	767.3583249	199
6464	13687	652.6289895	200
6470	4460	1527.691258	84
6482	1878	955.8491277	69
6495	3915	2203.447729	28.99386789
6497	3423	416.9812909	132
6497	7831	541.6209974	125
6499	527	775.791494	45
6514	5658	536.4871924	119
6514	6022	376.0382485	162
6516	12722	708.8029833	66
6517	4302	2061.077728	29.63817606
6522	14026	1752.912313	67
6531	4014	224.4143145	146
6548	2069	654.5910846	90
6560	11955	1387.085941	70
6562	7005	1173.020409	34.5675579
6565	5548	1377.603105	121
6566	11280	1681.000417	53
6568	3925	258.9517805	145
6580	4884	1193.313441	69
6594	13125	442.4489703	123
6619	367	567.7034015	84
6630	5113	390.9224805	112
6634	3153	1028.360773	116
6657	2995	576.344828	93
6664	4114	4657.599003	103
6665	11066	534.4034777	94
6666	6190	272.7141514	139
6667	13223	1751.984326	48
6672	5389	693.5541755	84
6676	5463	1120.933204	123
6679	10559	671.8664185	114
6683	11677	362.4370716	161
6690	1665	1015.64014	89
6693	10389	885.2354359	50
6698	9361	451.1008469	94
6700	11895	408.7177691	104
6701	3099	2096.560833	85
6722	3863	623.6271781	152
6722	11851	938.9477192	142
6732	5496	707.4453819	153
6755	7515	698.9946787	97
6767	9657	915.2133326	123
6778	10488	590.6768309	52
6783	1234	207.0384747	134
6785	4185	11179.048	31.65828812
6791	9656	702.5428522	102
6795	3132	383.3158903	202
6803	3611	391.5962298	111
6808	906	1487.38845	69
6810	3082	1333.065685	85
6810	6145	1239.254028	83
6815	8599	5141.010311	69
6834	9187	1589.256217	45
6835	1618	1241.632392	49
6841	2345	641.8131202	152
6846	5858	4098.882328	76
6856	9942	286.0432852	116
6862	486	374.0207255	169
6870	9982	471.80546	177
6877	3438	337.1570515	172
6878	6296	1033.54518	74
6880	9076	1327.656932	65
6881	2505	2091.09404	20.39769385
6888	7214	274.7456453	125
6891	2027	2963.271097	82
6894	13073	589.1393135	175
6896	1539	447.9596874	166
6907	1390	1576.406037	132
6911	3246	1355.870168	41.21271655
6920	3803	2005.752598	31.65828812
6932	3495	2774.085592	51
6933	2652	1002.066289	85
6934	5294	265.82837	151
6936	13031	3015.740966	21.78798276
6940	6013	504.1031035	153
6945	4105	1435.053113	68
6947	2227	997.7568748	169
6961	5418	1006.912557	99
6966	14037	1622.501135	91
6980	10898	708.8420223	90
6987	10092	430.7265723	150
6990	6906	2712.700806	33.08095687
6991	11265	611.3682276	143
6994	4605	855.8432558	107
6994	8860	1132.256941	111
7000	1985	659.3401493	113
7000	8613	764.2208961	104
7005	9028	1369.706007	96
7007	7472	1433.229902	57
7035	8098	1537.503504	19.52047734
7046	11380	1298.407587	68
7047	5442	3210.563616	60
7080	1673	754.5646452	103
7085	12586	2940.246455	22.76709704
7086	3454	1019.274822	90
7094	4872	702.2379291	137
7095	9751	2796.846703	33.08095687
7097	10222	1212.349656	50
7119	72	669.6012065	134
7124	11821	1648.014714	116
7126	2684	4141.167229	62
7127	11937	250.1879328	115
7142	8	2490.866992	73
7144	9073	906.8540629	43.0647448
7146	5346	2791.903581	42.1285547
7161	1264	2354.582698	30.2968022
7163	3112	1362.116616	97
7168	1297	811.4281188	117
7169	12836	13965.63403	83
7179	12702	1124.057682	106
7201	8524	697.0105974	106
7204	9799	282.632104	108
7218	11955	1656.647142	61
7220	5658	442.4955712	122
7220	6022	555.0049789	118
7229	1537	2006.394422	83
7231	13143	755.4672504	94
7234	7506	190.3799084	210
7235	6770	612.0808366	123
7237	12341	217.5898593	141
7240	11688	1058.535133	121
7241	6019	817.3376354	87
7242	9933	896.2333957	73
7252	3570	383.740684	94
7255	4724	496.7087941	66
7259	8176	1268.011337	79
7260	2039	5769.751404	27.74696714
7261	828	2076.102882	91
7265	10122	635.715163	88
7268	5146	1384.865191	86
7284	7493	727.4372441	143
7287	5380	220.2922363	102
7294	6276	2173.933439	58
7295	9312	1291.505911	72
7307	7194	1417.623336	51
7312	8759	4157.320079	61
7317	10199	1690.801314	72
7318	10410	521.375742	115
7332	11201	899.8792084	93
7337	293	310.0631095	134
7349	140	879.8401209	86
7355	12800	599.1891145	132
7364	11594	1307.350662	31.65828812
7402	480	206.6759839	184
7403	9274	652.7833578	117
7410	6580	661.2736912	155
7417	7055	1693.930403	62
7423	9591	308.386368	154
7436	9100	1176.136473	96
7446	11621	1080.00138	66
7447	5048	2196.663511	48
7450	10828	998.1387697	75
7451	3909	213.29267	152
7454	11812	2583.061315	55
7486	10813	638.0018858	89
7491	14148	218.231195	163
7506	2438	3887.035352	98
7512	11007	5194.546284	58
7513	163	3771.534682	74
7518	10670	817.2720499	90
7522	14015	1257.97913	43.0647448
7528	10225	2913.298001	20.39769385
7530	11149	2012.098778	67
7550	7431	207.5462328	196
7565	5800	3283.935253	80
7567	7984	2105.991458	65
7575	6923	853.1949247	100
7575	9703	1210.480758	85
7578	7792	735.0688722	66
7581	862	2139.950017	60
7585	3332	451.7054239	147
7586	13033	737.5230094	81
7591	3715	1230.135334	66
7601	5860	363.3398435	145
7603	12427	255.1794594	191
7604	6823	3231.235198	65
7609	10794	1001.815628	106
7610	2008	487.0165415	91
7621	2107	376.5922845	118
7635	12183	2506.059502	42.1285547
7639	14196	1974.661349	35.33572585
7654	6918	2651.013442	78
7670	858	487.2724524	110
7673	12075	269.2835586	117
7676	5827	228.647819	152
7679	4627	739.7500286	92
7684	14037	1496.718438	90
7703	2802	1670.92504	76
7705	14227	493.0211722	179
7714	210	539.4515845	100
7723	6625	1365.420364	16.37298599
7724	11717	2031.434527	46
7733	9911	1231.850985	99
7737	12475	833.87297	61
7752	12628	185.2870635	239
7764	12404	1043.444193	110
7771	9889	264.1711853	100
7777	10412	348.1186455	85
7779	11597	534.3147547	117
7783	3014	809.2143322	102
7791	12354	1750.374905	58
7810	6901	717.7155338	106
7813	4276	254.866202	83
7817	10322	833.3738792	71
7821	8592	1515.948291	82
7821	12745	957.9016441	82
7824	13067	387.4526096	180
7832	3333	1128.403707	39.44033602
7837	5254	692.899478	99
7842	5547	1680.020104	75
7848	717	275.0536776	139
7852	8739	202.9787068	223
7853	12055	666.7909964	94
7857	13151	1292.354175	87
7863	3038	592.0360082	78
7866	2378	1562.923207	101
7866	13422	1930.139524	99
7872	13859	1524.205337	80
7875	109	1204.939819	128
7880	13407	494.6463177	94
7884	8607	607.4721815	44.02173913
7902	4718	314.2385254	170
7902	6829	366.9568211	173
7915	5778	186.6989102	162
7918	6006	530.9893095	158
7922	1890	1597.75451	23.27303253
7923	4015	557.3159722	116
7928	12333	1037.082648	46
7938	2245	3855.498312	11.51868239
7943	13951	1044.188523	92
7945	6575	253.8202369	216
7952	10608	2813.576952	67
7959	1317	201.3720127	296
7965	10143	211.0919788	190
7972	8498	1980.253288	55
7975	2071	501.0191578	145
7975	9391	542.5874929	152
7986	9824	1272.749115	101
7991	8477	1503.051371	67
7992	9658	664.8237401	72
7993	11745	619.2678168	80
7997	11620	811.0370307	91
7998	14131	638.1607016	129
8015	12830	1612.38999	51
8019	5459	893.2861731	120
8024	9185	3283.273156	73
8031	9224	445.8214398	153
8034	11159	686.1996132	106
8039	10451	578.327884	71
8044	11805	1514.576771	74
8047	11676	1131.566868	32.36180563
8058	10871	770.6251809	116
8059	4333	2701.459066	77
8066	10569	4984.957669	36.1209642
8073	3705	1062.406235	97
8077	13239	953.6277401	101
8080	327	793.3094858	82
8084	7705	3126.879713	62
8090	12955	743.1748543	93
8100	1183	571.7904494	59
8107	8982	1257.340339	83
8109	5500	778.3418879	152
8124	1028	490.3060608	144
8128	8304	698.6773552	138
8134	5139	2691.197094	56
8146	6284	184.227702	221
8157	7538	235.3226226	124
8169	2527	532.7177228	120
8169	10325	507.3106874	123
8175	2832	1783.725176	70
8178	3972	1406.794338	70
8184	6306	403.3036785	112
8189	8458	389.481955	136
8191	1533	501.2012617	150
8193	4289	776.1710965	71
8194	4435	3666.557738	80
8200	7281	443.5484177	161
8208	6113	1481.402228	81
8218	10367	201.6475894	211
8236	12733	398.1775818	141
8250	8567	889.6418882	177
8257	4597	787.2629489	103
8273	5477	2960.339761	52
8282	1453	894.050485	95
8284	2655	1043.169577	75
8296	6936	3539.61859	36.92365229
8306	11962	2721.527366	89
8313	3662	499.5070582	175
8315	9128	2076.979796	96
8328	4079	2477.329443	83
8329	6966	1098.628032	113
8337	9803	2306.180865	45
8345	12836	14154.23114	84
8349	997	716.912542	93
8360	5641	577.3187995	107
8370	13362	228.8248027	155
8387	3370	1247.120827	79
8399	4998	395.0407341	65
8402	7327	1600.219235	73
8405	1415	3724.221996	25.41173093
8415	8189	635.591654	127
8434	13492	2808.924063	30.97006447
8444	1823	199.7313656	266
8455	12946	273.1116334	157
8463	14384	2145.882177	89
8473	9469	2466.119709	62
8480	7842	724.4860155	103
8486	8026	1024.765499	171
8492	13711	1540.180109	79
8493	9163	1451.022547	72
8493	9416	1517.372287	70
8497	3654	1744.247831	99
8500	14337	935.9119517	93
8520	1195	965.4917027	74
8523	2447	214.1265118	172
8531	10150	698.1612057	177
8534	1634	675.0661672	77
8547	262	787.5592042	48
8554	11858	3044.169977	80
8566	10069	1787.652989	77
8571	6139	2851.128469	97
8577	1767	1009.211534	86
8579	4003	198.2462328	192
8580	10477	909.2523877	85
8596	3216	277.1435372	77
8606	11748	2947.293894	86
8607	5292	2575.99983	53
8610	10184	937.4901317	126
8619	1068	281.6640417	146
8638	5252	533.08651	89
8645	4621	222.1354693	156
8649	9228	694.3244268	110
8652	5662	3209.098645	89
8661	1584	2221.585569	71
8662	4313	813.8209506	87
8668	8350	215.0659982	222
8670	8161	652.4735134	110
8677	2803	720.4921308	53
8679	6859	719.4457174	71
8680	5950	1819.803759	85
8682	7756	694.917105	117
8683	10092	300.537172	154
8687	1249	1267.282026	78
8697	11479	2721.044521	41.21271655
8707	491	618.7636543	86
8726	12266	191.3923093	166
8735	7098	535.7255339	124
8737	11961	1023.802866	89
8747	6845	779.2435949	47
8753	10916	395.1370855	153
8766	13825	738.0951335	96
8767	7447	260.8863645	97
8770	877	511.368364	113
8797	6316	1911.925781	60
8811	10869	984.3553582	101
8828	8517	504.8131606	82
8829	4363	1657.206093	43.0647448
8841	8148	199.7361427	215
8842	4441	300.7329724	173
8854	8445	659.2987855	110
8855	4639	4650.718968	47
8859	1958	7130.300397	69
8862	7872	1998.223917	74
8870	3759	1343.515643	19.52047734
8885	6923	902.9832916	85
8885	9703	1107.668751	83
8891	9985	2854.159966	72
8892	10494	2362.918079	100
8894	13053	1500.275599	148
8896	3181	433.7981112	118
8907	10282	1174.650979	102
8911	10710	248.6530129	121
8921	11176	304.1537887	111
8936	7094	537.9374381	130
8937	1901	925.9179144	129
8941	10313	952.3198069	118
8971	7693	2371.89868	17.48895434
8973	6515	836.2964692	86
8975	2513	232.5763468	158
9004	10132	334.9962088	144
9022	10563	382.6981911	157
9022	12898	397.806425	149
9023	1967	269.1076794	107
9026	14094	2148.609652	67
9039	8237	823.4845726	86
9047	2645	951.1973794	56
9049	2341	879.8511871	109
9054	13343	392.4934613	216
9057	650	556.4993669	102
9057	6735	444.2324777	117
9065	9582	219.3842197	167
9065	10422	194.1333598	173
9065	11181	199.5100822	172
9069	8095	1245.110559	65
9089	8881	476.0868271	198
9090	12227	235.962367	170
9092	3305	492.7536576	117
9094	9375	192.5553149	156
9098	6453	813.4979509	74
9105	7844	631.7563238	77
9110	2331	4191.334396	57
9113	6915	185.1797349	258
9132	1088	827.3015204	115
9148	6168	1042.697332	78
9149	5601	249.389558	161
9160	2383	698.3574167	121
