6	4190	740.5996744	80
8	6429	389.2050228	89
35	2132	731.9985265	73
45	7922	665.3106582	93
49	4204	329.8761821	167
51	808	1391.911942	115
75	1307	580.6298853	102
78	2232	925.7312917	82
93	11084	1302.111034	59
98	8117	606.7474109	76
99	11459	1365.647079	110
100	10025	592.6696617	138
118	9714	373.1014363	115
120	4092	583.7593508	70
123	7035	1382.346938	101
124	2961	514.3923741	62
128	1198	949.3227993	84
132	8643	1078.129284	99
140	3676	798.3196567	120
158	9929	344.9126081	132
162	2137	1834.182167	103
168	11866	2788.078249	28.99386789
169	4809	1666.482901	54
176	7171	2176.770841	123
181	4235	764.718259	96
192	6762	409.2033092	123
207	4537	548.6653075	152
208	9181	1061.02544	78
210	6678	381.3333653	76
217	2413	1405.23397	79
221	4341	2137.251	91
224	8998	850.0318369	84
245	8079	1383.963483	81
249	11257	749.5329873	104
258	2950	1317.14685	76
268	6660	874.6881931	100
269	1648	1100.062518	42.1285547
271	1076	1140.762329	46
273	385	557.3078213	57
281	7724	460.2737731	93
288	9827	4248.093828	28.36356641
291	11582	1048.538644	65
292	10356	1819.16451	79
294	1132	1257.294369	63
295	8235	2447.99333	37.7441779
297	1242	664.7813911	100
300	9079	658.5436364	108
301	6661	2051.138308	35.33572585
308	7923	4655.901135	51
310	8680	3415.119189	43.0647448
317	7684	1155.309842	83
339	4426	1075.742432	47
340	6549	538.5167127	155
342	3435	1436.05415	44.02173913
345	5602	1151.793046	43.0647448
347	1369	506.9502007	121
351	3770	933.2836714	51
352	11907	5034.48047	5.701020867
353	4778	582.2064045	139
354	20	3558.594728	38.58293741
356	4249	230.9029345	155
367	11410	325.3770311	178
371	10015	1106.176448	125
372	8947	2397.964358	84
374	9123	3428.7243	24.31888239
376	2130	559.0059722	145
376	4272	523.1062665	153
377	1912	1267.622885	67
377	6960	1543.335673	65
388	1447	1572.173039	106
404	3380	2331.585718	49
405	10878	1508.337848	193
406	11386	1810.297501	110
408	10832	1200.201109	98
416	940	1338.622517	104
416	1812	1185.89357	107
416	7433	1220.737419	106
421	7049	472.2927632	99
429	2391	1722.303207	110
434	57	2710.520409	68
437	7713	1033.033151	120
443	4052	239.9210184	239
447	3891	1059.808405	11.51868239
449	7446	1649.33144	47
451	9817	2241.910553	35.33572585
453	11423	3210.793275	60
454	895	914.5228847	20.85097594
454	11487	782.9391067	16.37298599
457	1485	694.5634747	128
468	53	1108.655339	83
470	6917	1969.697929	58
473	4	3184.317834	143
485	11074	6032.447052	41.21271655
492	3528	1623.876026	116
497	5101	703.5868111	108
498	4625	1455.803672	96
505	479	474.6510969	109
511	10755	438.2381317	123
528	4882	802.9096083	125
532	366	2435.996678	52
538	147	223.1309295	109
543	392	2555.628367	60
548	3006	1080.14128	63
559	4663	2224.308477	91
562	9953	1832.219577	93
588	3489	195.7189631	203
605	5786	208.406191	202
607	8642	1757.594898	89
610	3498	866.0776378	82
612	9450	518.5968909	108
615	6486	393.3014171	198
615	7920	499.9317842	171
624	3909	1673.015578	61
634	7444	1044.18061	91
636	11183	3250.108203	63
643	3311	2552.559127	39.44033602
644	11178	1254.82654	81
654	7758	2543.835747	67
657	5976	1811.893483	44.02173913
674	7799	3374.225577	53
679	1782	2441.310704	37.7441779
683	6883	959.7741588	96
689	6925	2030.937409	40.31678793
690	1304	1729.985678	66
695	11746	1407.297902	134
697	1584	1763.713982	63
703	2988	2528.146492	36.92365229
706	6199	736.7304946	85
710	6876	604.8612663	176
715	4889	435.4773339	88
718	10675	2390.827553	50
723	7682	653.4815769	60
724	2465	1801.159095	163
733	4751	2002.249275	51
734	8755	1005.069591	124
736	2215	4408.345015	57
749	9818	637.1538228	70
751	625	247.9539766	254
753	9314	441.3478518	79
753	9867	441.3478518	79
760	10178	515.6005662	185
768	8612	3087.495783	62
780	1836	2362.280149	36.1209642
793	1746	658.6275745	41.21271655
795	11845	298.5111659	177
797	4365	1682.918587	121
804	1173	794.4183966	47
810	4126	957.0345686	83
823	1662	1288.742869	141
826	7289	1703.174119	50
831	6369	1237.012142	106
833	7875	558.6073794	150
839	299	836.7401245	75
844	4890	2328.709427	54
854	9542	960.7256389	98
865	4187	916.8082307	182
866	10149	266.4583523	127
869	638	7933.832802	29.63817606
870	9529	1545.378243	36.1209642
876	5379	271.461475	224
890	3710	863.1671547	109
894	11238	997.893827	71
896	3491	540.6235637	133
901	8296	1498.834775	76
910	8748	4763.155497	27.74696714
918	11612	1952.912052	46
922	5088	448.3796521	96
927	8363	1048.082348	76
928	9605	407.3692296	151
938	10157	5544.701259	19.09611913
946	1441	232.1716629	195
958	10433	900.8732055	75
960	11601	247.9979182	180
963	8578	1339.626326	65
966	11476	1029.374208	97
970	2662	1306.224926	86
971	3108	2169.651273	101
974	4728	1976.48164	68
975	1144	771.3015787	56
977	5636	1729.039996	100
988	9202	218.2276614	183
988	9471	242.1797101	185
998	8644	1829.727893	58
1012	5345	8191.47296	71
1023	5544	735.7826534	142
1042	9282	777.5615249	139
1045	6436	694.5057923	186
1053	6392	1121.18614	51
1056	7898	1258.207123	152
1057	9711	386.4349376	188
1062	9049	620.4796744	115
1063	2057	206.2319746	211
1066	9372	860.8032503	69
1068	5962	1155.637874	29.63817606
1075	6720	1811.414059	89
1076	1406	2408.451374	107
1078	4517	393.522264	110
1080	10114	2411.954704	66
1083	1702	385.8082203	148
1087	9207	612.9378615	161
1095	4876	1338.890227	106
1096	9168	2664.128329	52
1097	2193	1571.029873	75
1107	3186	336.0653349	99
1114	8875	339.6260688	132
1118	10419	629.14602	229
1121	2161	1467.600461	22.76709704
1129	6413	226.2544226	143
1134	11076	480.154351	41.21271655
1137	10997	390.0064304	99
1139	9103	198.3235271	232
1144	7249	1314.689869	64
1146	7337	1630.935409	139
1148	3176	191.3044943	234
1154	2072	403.6081837	132
1159	8032	953.1296607	28.99386789
1165	2151	916.6325731	91
1165	6841	889.6556036	94
1165	7017	919.251594	88
1169	4857	1089.437833	95
1174	986	662.6249496	86
1176	6851	3258.60009	48
1177	2442	338.1843103	121
1187	9143	2503.345705	45
1192	3978	410.5546317	148
1202	7833	389.249979	170
1203	1938	367.0527445	80
1218	7581	2825.715355	44.02173913
1219	2110	446.8243215	169
1220	251	203.2896421	173
1222	5912	1125.840701	106
1228	7817	5485.724875	96
1229	2947	508.6382171	99
1233	8193	1595.15377	92
1234	851	428.3510292	129
1234	2406	306.2755737	138
1236	9396	2419.628187	88
1237	1110	1272.889406	142
1242	9702	1179.347758	24.859302
1244	10814	845.789534	117
1247	1776	845.6063845	113
1252	10724	1985.185567	114
1274	3442	1427.788813	191
1277	1524	710.3816014	120
1281	6490	246.9847545	110
1284	10536	789.8891981	68
1293	8848	409.8595219	97
1297	6407	777.9788338	106
1299	6936	520.7931744	63
1306	4931	467.9789492	36.1209642
1311	9601	2459.161797	50
1319	2475	1097.349516	111
1320	6710	4225.142963	21.31433096
1329	492	439.7841829	118
1340	540	4023.989387	98
1340	804	3860.863472	98
1340	7475	3738.716412	99
1340	10546	3980.096158	101
1346	952	1084.127834	98
1347	136	598.4686996	119
1352	7969	5350.428486	63
1354	2237	1208.588217	45
1355	4086	682.9234834	156
1361	3347	695.7998527	100
1376	7311	903.7770102	82
1377	8404	1594.738392	110
1380	4843	855.3262421	156
1394	2343	1718.957311	36.1209642
1403	11674	2285.270495	55
1405	2156	2203.903737	57
1406	6179	259.8670142	104
1408	11915	1629.172515	112
1410	916	1700.895856	78
1423	5568	962.9091765	136
1424	5212	1576.07149	83
1425	4601	256.625324	199
1430	2618	6302.016599	58
1432	7033	974.668133	39.44033602
1435	6860	397.3137486	101
1447	1279	1185.096526	81
1464	2527	736.623125	140
1475	7229	2061.089055	101
1478	11139	486.3545837	104
1481	9507	2410.385773	88
1486	1472	2234.154859	60
1489	5949	532.3281747	129
1503	9579	391.6999876	143
1505	7841	717.8811586	150
1507	8158	685.9338694	116
1510	5434	1346.994089	54
1514	4281	620.4577702	151
1516	9460	1786.958007	63
1520	8020	190.5415469	144
1521	4248	2388.438139	62
1527	11828	258.7823665	139
1529	10518	1329.916637	27.1437722
1533	1295	1520.106173	47
1539	7187	282.9406448	112
1548	10541	490.2660607	146
1551	716	1152.737425	92
1558	10835	961.0083998	94
1580	2350	1276.409061	125
1586	9261	1574.765169	36.92365229
1589	7407	1355.402477	62
1593	7080	2111.282895	90
1594	9034	224.1254147	140
1594	9287	369.8271991	114
1597	6205	217.3669652	205
1611	10627	632.3299279	108
1617	2765	240.3963485	212
1622	6640	410.3341938	41.21271655
1623	8739	653.1941309	135
1625	4729	511.1791223	134
1634	9250	723.087927	133
1638	5582	210.130907	209
1639	9821	631.4698603	137
1646	1794	950.0787097	117
1647	2833	2736.199182	55
1648	8505	198.3742989	140
1649	6021	998.7437675	96
1654	3003	601.4598241	129
1662	5375	3488.057227	24.859302
1666	992	1658.714677	28.99386789
1668	11101	795.7441371	92
1669	8456	2063.300456	64
1671	10560	2903.822448	58
1676	8885	769.5111118	95
1680	4245	617.1549999	55
1681	10011	1255.526504	85
1686	500	2149.390673	37.7441779
1688	3938	2930.38637	63
1691	1538	520.7508813	153
1695	7753	305.774933	288
1700	2471	532.2197412	135
1701	1315	1324.344391	78
1703	6970	1373.0745	83
1710	732	3407.272982	44.02173913
1730	1948	1735.25548	138
1730	2831	1826.198803	140
1732	1618	325.3183039	93
1736	1733	814.6312933	77
1739	3900	289.8809952	157
1740	3239	1848.818161	85
1742	397	550.6175849	169
1751	9235	845.3792292	114
1753	7159	1831.066942	62
1756	43	276.1605075	175
1758	9683	740.9142291	73
1759	1223	780.1421768	84
1772	11271	280.7862168	153
1790	4050	269.5836717	147
1795	752	1885.278012	88
1797	5476	259.0206089	163
1798	2516	557.3679637	107
1801	9486	1498.899086	8.655928707
1802	11622	2243.3011	43.0647448
1807	9682	832.4337686	142
1815	1867	326.5960736	161
1817	11006	249.4488649	119
1820	10376	283.5535181	129
1823	725	751.0133584	119
1829	9797	1523.627288	88
1834	1283	1239.446793	116
1836	11860	1922.781623	98
1847	6567	1239.904548	52
1864	6161	2491.662312	75
1865	3024	1161.397622	93
1865	7000	868.955149	107
1865	7129	966.8296414	111
1865	8715	960.7754904	107
1867	9485	458.8686448	70
1877	5063	616.5790628	128
1882	9121	2643.479019	45
1886	3252	584.7885627	91
1887	5243	1756.207121	108
1890	1575	2202.748382	91
1891	930	876.6997474	21.31433096
1892	3791	1456.946745	57
1899	9331	370.6507767	186
1902	2014	300.9483968	100
1902	10703	221.6892776	110
1908	9712	242.1798833	152
1910	9333	846.4849039	71
1913	182	1885.936299	82
1916	10745	292.632135	222
1922	4058	511.3718915	95
1925	1706	1107.438747	36.1209642
1929	6194	1307.118144	66
1930	9634	950.7169533	48
1935	8475	690.9787086	114
1936	11155	1131.406169	104
1941	10096	2227.795745	45
1946	1904	1535.38024	44.02173913
1963	1119	438.3386405	63
1967	3562	1299.239448	73
1975	6059	531.7553407	194
1976	2841	215.4324955	137
1976	3436	225.6651684	144
1982	6946	1261.623145	77
1990	8901	1117.225762	96
1991	644	1799.332951	1.899707491
1991	4953	1799.332951	1.899707491
1992	5936	4655.559515	44.02173913
1993	10771	879.9722566	84
2000	5535	1334.412024	94
2005	9428	766.7551842	94
2006	4301	1989.434149	49
2007	5990	855.9127057	114
2011	10046	1449.256067	83
2018	8938	259.8090405	155
2027	5269	937.3485872	100
2034	5228	544.2454875	132
2034	9139	585.3033359	122
2035	8932	1006.520626	79
2036	9993	1062.784898	56
2038	7831	2261.744933	35.33572585
2044	2559	265.8920399	168
2044	2789	261.8355183	177
2044	5066	252.9216955	152
2044	6529	217.156249	175
2044	11776	303.3179763	172
2056	4853	1722.441775	176
2062	9408	235.0231041	187
2076	3528	1383.668239	126
2078	6078	348.5351422	145
2085	2412	1578.166866	87
2086	6804	849.5055746	109
2091	7134	310.1499632	134
2096	2307	583.5097562	145
2101	3521	364.3854982	105
2102	3635	1944.435018	36.92365229
2105	10973	1889.003015	99
2106	2581	349.685885	158
2110	11434	2202.628603	34.5675579
2111	9626	537.8219866	127
2123	9584	789.7629895	94
2124	4648	1128.984119	85
2125	8351	437.9798752	79
2128	1506	544.0861774	104
2129	1461	2416.326831	114
2133	7161	1112.142012	110
2133	10300	975.2527577	120
2135	5803	1729.99273	81
2140	6615	1481.101298	51
2141	8197	189.3374223	137
2150	9711	193.9219112	201
2165	1806	2377.842044	51
2166	215	1450.944527	73
2171	6427	976.6275257	97
2174	1949	825.7441821	112
2174	7591	775.2621715	120
2180	5356	3007.887936	145
2194	8586	1880.065983	76
2203	11675	1516.923226	55
2218	434	783.0219421	70
2219	7774	2199.920784	133
2228	8047	3734.188532	60
2232	3209	581.8866313	120
2232	5973	529.3384017	125
2232	7707	681.3133372	110
2233	2142	243.2641681	131
2238	836	4246.886886	48
2241	3569	1302.248966	79
2245	8124	1776.690587	112
2251	8786	3169.196939	79
2252	2505	674.1184517	87
2270	6096	706.6732499	67
2275	10634	910.8362235	106
2275	11249	1012.729633	94
2276	6252	2448.02549	39.44033602
2277	7132	889.4375117	88
2278	3490	1986.531131	54
2281	10940	2826.399479	60
2286	3966	1047.146358	74
2288	7099	1703.167706	75
2291	5970	2202.694696	46
2294	3746	950.6079629	114
2296	2438	1072.998583	74
2296	10894	1074.716508	73
2303	11102	253.2569687	125
2310	7577	1007.5279	51
2319	233	1851.265913	69
2321	8255	543.8168692	102
2322	2563	1082.84648	65
2324	2454	1592.516094	59
2325	3962	324.6215763	127
2326	5312	591.5959694	102
2327	1848	439.8772565	103
2332	10503	583.3748209	176
2339	2700	184.2190859	94
2353	10211	1996.529142	136
2356	5663	2297.846246	66
2362	10810	1846.105884	60
2375	7142	1744.611132	74
2386	1078	1104.5462	115
2391	11425	1839.611727	98
2394	9556	2610.592858	44.02173913
2397	10303	1083.961968	49
2401	158	3277.767783	68
2406	9752	2764.333173	44.02173913
2412	3598	400.2685991	144
2416	11259	4294.033969	48
2417	4380	1958.913332	65
2419	10743	671.4373027	82
2421	5845	2013.170063	62
2424	1169	250.3987888	193
2431	8944	402.8800679	118
2431	9284	528.3783849	98
2439	2261	428.7402866	102
2444	3188	1084.587407	76
2450	3913	1735.877798	58
2451	4530	1826.387811	44.02173913
2452	6722	960.1629853	105
2456	3463	2311.664316	132
2456	10010	2154.799804	135
2466	3926	765.3881104	171
2467	8116	582.7292007	60
2472	7574	1070.658644	91
2473	5132	2168.610443	34.5675579
2475	5993	924.9630143	205
2486	5650	973.7483175	83
2493	4301	2002.356678	47
2495	2848	1353.162689	103
2499	2312	403.6086509	159
2499	4913	378.2002747	161
2499	6605	393.0364841	165
2499	7204	432.9139369	155
2506	1173	798.5985408	63
2508	116	935.146784	67
2508	5258	1061.097131	55
2508	9532	859.4830743	69
2519	4520	1051.850421	154
2525	3316	1478.023735	126
2536	11155	1104.252493	111
2539	6332	2075.700077	66
2542	1523	1106.116354	114
2542	2277	915.5401624	125
2543	795	1766.580358	16.01705151
2549	7982	2427.993057	28.36356641
2557	1999	1306.345199	77
2558	8376	317.0812365	207
2563	475	1252.200555	116
2564	1442	190.8053595	146
2566	10573	1211.317902	122
2568	11313	1324.264666	61
2569	341	611.8627559	113
2577	11270	198.1588054	238
2583	3860	1671.421635	110
2587	8997	3936.421211	45
2589	8845	776.2600087	109
2595	4634	1205.449236	45
2599	3385	993.6635366	52
2605	3809	1673.650019	33.08095687
2607	10845	1935.012359	85
2615	3124	1184.932692	127
2617	471	527.3930155	123
2618	2014	260.2696655	109
2618	10703	335.1137823	103
2621	3064	283.0149938	173
2626	721	1757.061903	117
2628	3721	680.820555	76
2636	558	336.3431269	106
2637	3727	338.4064931	176
2657	2172	840.9241096	110
2659	4883	1275.641266	84
2659	9223	909.0105107	76
2661	4469	1134.569711	130
2662	9310	310.3101413	128
2665	880	1168.401744	4.010768026
2671	6013	985.2005156	81
2673	11662	4726.779154	63
2679	10318	792.1224801	74
2688	6657	251.9238341	92
2695	2679	1035.746613	13.73299768
2695	5946	1024.380521	14.03817541
2695	11194	825.711319	16.01705151
2701	11043	963.6051231	71
2702	3583	597.5362954	117
2706	11739	1714.020542	57
2710	5871	484.1380022	33.08095687
2722	801	188.7400956	151
2730	608	532.7145104	31.65828812
2732	7803	1143.424699	125
2734	11458	478.1012355	120
2738	9032	934.3970163	92
2738	11778	931.36935	89
2744	10293	685.6593992	48
2744	11522	778.3383018	44.02173913
2752	11727	5069.023611	5.221212378
2759	4643	865.019436	81
2761	7340	1626.759597	63
2766	5274	1896.308209	56
2767	10107	1273.285022	71
2769	11332	375.788295	84
2777	5971	1403.281964	10.0955712
2777	9932	1403.281964	10.0955712
2783	4370	1075.749795	26.5536902
2789	7333	2305.272719	50
2792	3093	904.3260816	60
2795	6154	3729.344729	61
2797	116	797.9949903	76
2797	5258	876.2563836	70
2797	9532	878.5934646	64
2801	5693	568.0621191	58
2811	1300	2160.821998	106
2825	2404	540.7034479	82
2827	5628	638.9280035	33.08095687
2832	8400	358.4641628	104
2843	5053	2051.879689	92
2844	4480	2542.050464	78
2847	9591	289.9932008	179
2850	3751	415.0084361	123
2851	11876	1081.780816	58
2852	1561	433.5414264	121
2856	19	634.497856	98
2857	1384	1902.549518	113
2859	6095	1065.046759	127
2866	1894	814.4220726	154
2867	5583	193.3148899	157
2868	4896	1140.685225	40.31678793
2870	7153	1606.453026	164
2884	9639	767.6892832	107
2887	11670	1310.896219	84
2895	3300	1792.474741	144
2899	6557	3044.407802	57
2903	10596	342.1839711	124
2906	9052	733.841935	96
2908	497	3334.63746	62
2909	8673	511.4166858	154
2916	11873	701.9285753	103
2918	11724	823.6925522	63
2919	8430	2215.242617	35.33572585
2922	1112	946.3405493	103
2923	6269	1002.985358	81
2944	3133	3264.471334	79
2946	10332	418.7527546	139
2955	10159	706.4517194	127
2960	10351	1384.875229	74
2961	7491	3481.410041	64
2965	3478	3779.274389	80
2966	11296	988.6082026	79
2976	1715	1227.193708	132
2978	6690	345.9450105	176
2981	7016	605.3416643	110
2985	11242	424.1455346	131
2989	4774	878.0775982	70
2990	4135	730.1226089	78
2994	8796	1007.854089	84
2994	10352	1049.437223	87
2994	11463	995.6031891	85
3000	10384	468.7707967	71
3002	7424	1467.740828	85
3005	5752	436.852944	135
3007	216	355.8169905	107
3008	5997	275.508242	135
3019	5531	1619.572755	62
3023	8438	697.9738105	132
3036	7814	936.3246865	56
3041	4615	624.7626586	158
3043	7477	1451.428774	38.58293741
3045	5827	623.6390156	119
3049	7966	514.6751056	89
3051	9584	602.1179368	104
3058	2456	251.2920238	146
3058	8081	255.5953545	142
3060	7436	1372.954879	62
3068	8572	952.7446444	69
3077	6311	1708.678468	100
3079	6132	1676.908162	70
3082	6071	681.8451172	110
3082	7121	583.0314861	114
3093	701	321.5675457	102
3094	3963	641.2999006	81
3094	9856	656.6857458	80
3103	10118	787.4267526	64
3108	1944	1248.884069	106
3118	11607	528.1423492	90
3124	527	302.6513574	162
3128	8548	805.3597902	104
3132	11852	2878.66273	47
3137	4829	2763.320612	194
3139	692	759.5347103	58
3143	4316	201.0703391	313
3146	8971	479.1520046	71
3153	2553	721.5412225	110
3155	9583	488.1539986	94
3157	10248	872.4827313	105
3158	1305	1531.79966	4.37934153
3158	9617	1572.44528	2.884348785
3158	11721	1572.797148	2.884348785
3169	159	1063.450123	56
3172	3565	517.6079732	160
3173	9304	283.9021823	172
3173	10315	239.5161603	179
3178	7611	6422.414099	39.44033602
3179	2353	1250.498995	93
3191	6599	845.1821142	48
3196	1648	913.9275547	48
3200	4255	1787.525922	48
3201	8322	643.1114398	115
3205	8861	1111.512738	78
3206	1632	1594.990898	78
3218	8814	1051.770766	183
3222	10991	1085.671091	42.1285547
3224	1917	1397.659193	81
3227	7037	1093.971342	81
3232	9033	1989.624892	97
3233	8595	303.2909491	117
3236	2642	615.657662	177
3239	4798	280.3332709	146
3254	2239	3109.601178	50
3255	2256	798.992379	29.63817606
3261	6430	1120.069008	59
3262	11519	867.6873245	72
3264	11417	807.6337006	79
3269	2624	1155.779677	84
3279	9016	539.8553039	115
3285	8894	899.4998478	91
3296	10925	183.4083269	212
3297	9968	1337.934733	114
3300	3916	1139.589205	97
3303	11797	3178.556614	59
3304	3719	1228.771593	139
3308	6571	643.8861991	133
3310	6065	246.6484581	115
3314	352	365.8204312	127
3314	3587	545.9093458	120
3315	3057	1112.431596	51
3320	3505	6561.263463	90
3324	19	726.1516922	91
3337	525	1402.009521	59
3345	10275	1154.044044	102
3358	11064	1451.724804	64
3374	10184	2512.832028	68
3378	6552	1904.568445	69
3390	3159	1613.253746	12.57720313
3393	359	921.1213177	89
3403	10901	859.8233788	62
3407	736	241.0655052	254
3407	7405	336.9022912	249
3428	8053	3726.596547	48
3432	6908	2859.247469	61
3438	775	508.2889735	65
3439	1950	1059.115794	109
3440	1519	293.0752885	132
3441	4425	1396.239686	75
3442	5489	997.7483539	33.81608925
3443	4789	785.6150125	91
3450	2230	1115.992555	74
3451	4491	187.9902072	157
3455	5114	1024.750423	86
3456	2572	482.9120498	134
3482	5606	1001.81709	147
3486	10223	1882.472974	81
3487	8658	1575.45407	70
3492	9131	533.0553849	95
3494	10143	398.8309944	115
3506	9657	491.2223696	70
3508	979	2917.760713	56
3509	1936	784.3268055	42.1285547
3523	5185	577.4990781	75
3524	929	1241.279096	73
3528	2724	250.5589082	138
3532	8666	247.7947227	182
3542	3395	451.1512536	110
3547	1156	542.4430863	152
3551	11366	553.0533033	96
3558	11885	1625.103603	106
3567	10345	424.411483	126
3570	11312	493.8578435	136
3584	10520	271.9998885	109
3591	5726	1100.72886	141
3595	2679	1035.746613	13.73299768
3595	5946	1024.380521	14.03817541
3595	11194	825.711319	16.01705151
3598	8988	1531.844451	107
3599	5438	995.8852229	86
3607	6524	449.2914651	113
3612	934	201.9807044	138
3620	11507	2300.470619	76
3621	4706	1435.789006	73
3625	8064	687.2505463	123
3637	8796	1318.423799	71
3637	10352	1434.311884	65
3637	11463	1324.770571	70
3638	3556	469.6097614	86
3640	1549	755.0399056	96
3641	5629	1442.825913	77
3649	10069	728.768909	86
3650	767	1300.102239	73
3650	9303	1571.476267	63
3661	10561	1354.296547	71
3662	8968	748.3240609	103
3664	10654	474.9609815	134
3667	1216	824.8035974	169
3669	9005	407.2482688	142
3673	4244	535.970236	112
3674	4688	766.7126982	137
3675	3867	1054.318444	32.36180563
3688	9369	481.23125	108
3692	2871	20422.72251	64
3699	9766	676.7088316	78
3705	2346	1924.050998	29.63817606
3710	8609	1165.244787	48
3713	11784	1345.616212	96
3717	3734	1124.920058	38.58293741
3721	11320	1511.50818	39.44033602
3725	203	337.4139383	179
3725	2051	329.8020138	169
3725	5335	308.0324528	167
3725	5729	343.0724822	167
3725	9165	360.8255021	161
3730	5545	1582.18059	96
3748	2692	2457.028544	39.44033602
3749	8043	3697.653434	55
3751	1577	222.574307	156
3752	4159	1278.020629	101
3754	7356	844.8732725	108
3754	9537	1060.806763	101
3754	9585	1024.990912	102
3754	10778	1110.262552	98
3754	10848	1141.084189	96
3754	10959	1167.427187	95
3760	2662	1705.906502	81
3772	2035	301.8987032	226
3777	2778	3611.406775	35.33572585
3787	2146	261.9329475	141
3788	747	598.614603	106
3791	9945	449.7282396	108
3793	9438	235.431044	156
3800	8115	328.1049616	101
3801	5171	2040.006309	105
3806	10018	925.7729086	31.65828812
3811	6173	2112.04412	93
3814	11382	579.7301491	105
3819	805	570.4464691	103
3831	5352	530.2323414	34.5675579
3831	8468	515.8220242	33.81608925
3841	10058	2442.21236	68
3842	3095	3426.788352	26.5536902
3845	8773	1444.154272	39.44033602
3855	11448	1112.250982	84
3858	8844	10884.92303	54
3860	846	1617.909122	50
3869	10417	472.5841015	119
3869	11303	462.3998155	112
3874	11427	451.5353624	140
3877	6832	2314.877254	91
3884	6128	1069.627023	56
3886	2222	2051.263108	72
3891	1294	879.4322905	75
3896	7766	1666.294743	62
3896	10110	1757.127615	58
3910	2481	1773.401922	59
3915	7739	1605.774378	66
3919	9659	2283.353163	83
3920	6815	1132.954846	87
3925	6091	863.324902	91
3926	9956	967.4954293	48
3927	228	1139.70675	72
3932	8455	278.2490438	120
3937	8849	1825.233503	37.7441779
3939	4303	1354.235147	64
3946	7150	1683.100689	14.99500512
3948	10052	899.6069558	30.97006447
3954	10517	721.9788815	170
3956	1012	1642.255657	19.52047734
3963	3202	1208.874768	113
3969	4346	1068.330078	68
3976	213	1762.0358	127
3979	399	182.6154013	150
3983	7261	2540.849863	42.1285547
3984	1566	3123.780382	46
3986	3112	1115.603408	109
4003	8872	1153.975969	24.31888239
4004	2971	729.9714105	73
4011	10651	1176.035141	103
4013	824	227.0712095	169
4014	4641	349.7621672	164
4020	7128	1485.205107	57
4038	5430	988.0723474	173
4043	3001	638.8183757	96
4047	1428	269.8291498	104
4048	2777	238.2545535	223
4055	11182	1142.203308	56
4057	3912	512.5646606	141
4059	9308	2197.136254	74
4066	3060	1617.009115	85
4072	10008	1062.610001	163
4076	10047	208.8092877	277
4077	2195	1794.448979	139
4077	3511	1300.393405	143
4095	11677	435.0633899	116
4098	7229	1991.096742	101
4103	7769	373.7872099	89
4112	1180	1117.86207	45
4115	11676	3634.028132	110
4120	7378	5718.937306	72
4132	11162	394.3076115	104
4142	4850	286.4830507	164
4158	6285	630.6110551	118
4165	11652	1059.018276	126
4169	5017	1590.939919	65
4170	748	1124.906705	78
4170	2953	1195.621398	65
4173	6527	1070.705605	47
4187	10103	3240.109243	55
4189	6061	5009.86363	56
4190	3699	1220.661774	90
4191	4229	1292.661209	31.65828812
4201	2679	813.252896	13.73299768
4201	5946	813.252896	13.73299768
4201	11194	614.6587486	16.37298599
4211	281	578.6421416	29.63817606
4214	5202	2384.464448	33.08095687
4217	4791	1697.170973	67
4226	7299	1191.018615	112
4232	2918	4171.122443	84
4235	5742	5602.287709	56
4238	5724	1424.930612	89
4242	7819	369.9969815	139
4245	10920	980.5827882	97
4248	8878	222.3578481	138
4252	3220	675.9345243	124
4259	2509	1415.035964	44.02173913
4262	1710	2716.156122	33.81608925
4264	6937	529.5346594	69
4265	8400	402.8105262	117
4273	11348	1120.919742	57
4276	9941	251.0169746	146
4285	11219	1441.603762	89
4290	3597	670.9568312	122
4290	11407	666.1991527	136
4291	7473	1677.533866	90
4293	1800	455.5451782	142
4296	10649	710.283081	145
4303	10581	690.2809487	91
4305	11646	1154.296722	114
4312	2016	571.0628225	90
4313	9125	595.1326849	134
4318	7654	248.1138398	192
4319	6812	3907.952403	29.63817606
4324	6544	560.1986702	100
4325	3024	1180.057948	90
4325	7000	1032.667747	98
4325	7129	1060.157869	101
4325	8715	1047.542025	100
4354	3672	3091.915286	35.33572585
4357	11201	4504.010883	21.31433096
4363	3293	641.849416	66
4369	7758	1779.283304	74
4378	749	379.5579803	105
4379	404	768.6412924	48
4383	5117	303.5750173	258
4384	6098	313.6731165	106
4385	2478	1832.656153	65
4389	8591	1381.716421	57
4391	5895	673.1031153	61
4397	179	3174.887416	78
4400	1956	1074.536373	113
4401	324	564.2187612	87
4406	510	916.0391232	97
4408	9230	6847.534691	97
4409	11455	1522.476399	74
4411	11587	1133.582389	41.21271655
4413	2848	1033.625564	108
4414	382	510.6584484	126
4415	10984	2746.997974	72
4417	2818	312.9830384	214
4431	983	1502.778489	59
4432	277	785.1111931	110
4432	5232	784.1367453	110
4436	6341	842.1793859	67
4438	6671	1010.642037	75
4441	8400	348.8394934	126
4445	8777	814.6094686	97
4448	5763	945.4285615	118
4452	8156	583.1143856	115
4454	8800	2831.963738	67
4458	2575	1184.740872	100
4459	7170	2601.942962	41.21271655
4461	6645	950.6116116	42.1285547
4463	10960	1445.463661	85
4465	7857	1464.750728	77
4471	3518	1144.988069	104
4472	339	4624.756582	49
4477	2008	1069.325638	32.36180563
4485	6313	861.000854	86
4487	10151	534.3543215	125
4490	5884	3046.369476	36.1209642
4498	7143	489.2286172	58
4506	5472	247.1311822	130
4507	9762	624.6010213	64
4513	10246	1883.862321	41.21271655
4523	2320	547.2022693	76
4527	7059	855.2573973	91
4529	9898	1433.733988	22.76709704
4529	11922	1562.503125	16.37298599
4543	8005	3045.462633	51
4559	3969	1121.276648	81
4560	2090	632.6119568	97
4562	5798	1867.413499	52
4563	4714	1040.580245	90
4564	1549	605.1495238	103
4567	10017	2884.69932	41.21271655
4569	10964	2191.052912	62
4571	9594	1176.786271	63
4574	5403	1251.890701	7.102411153
4578	1993	802.8788033	101
4582	3230	709.4487477	133
4585	6926	870.5548202	92
4587	11426	275.5659644	127
4590	4787	541.4579265	131
4592	3171	2226.24198	54
4599	487	898.8851559	56
4609	6037	414.3086877	141
4614	9232	1201.788293	97
4616	10789	282.5969244	137
4618	11564	1007.147239	33.81608925
4621	8151	756.8675673	60
4625	1212	1190.356905	163
4626	4442	518.0964903	129
4627	4145	908.9225858	39.44033602
4634	8452	801.1422254	108
4641	4594	1947.98493	64
4641	9580	1617.080617	73
4645	4408	1332.676393	137
4646	10208	396.0292585	107
4654	6256	187.1018598	283
4657	1059	328.2166766	116
4661	6045	942.6820301	59
4663	8194	3199.146358	29.63817606
4699	391	1284.22984	52
4702	11092	941.6753303	93
4705	1316	414.3770415	92
4715	3289	366.7195169	146
4718	2073	293.6390012	163
4720	5444	451.2777214	156
4724	1725	707.7943986	182
4726	1985	1042.560984	99
4727	8008	1672.192282	25.97643606
4731	8027	2623.670109	68
4734	3314	595.2766863	118
4735	7398	721.134853	120
4737	11307	236.2362578	179
4743	7683	1252.613381	97
4750	11319	479.8498728	210
4756	11583	602.9447959	105
4765	8627	205.7282874	164
4774	3648	2249.753822	47
4777	5261	615.5336835	116
4777	6665	620.2808259	115
4777	9269	663.7646889	113
4777	9872	627.9985152	110
4797	2513	301.6658302	157
4797	5133	291.3216282	157
4797	5984	289.5685709	155
4797	6589	286.7226306	157
4797	7740	306.0248751	118
4797	8713	308.2177889	147
4797	9296	387.9376453	136
4800	3665	426.1432612	89
4813	5730	885.2283756	53
4814	4349	1565.482272	77
4817	10093	1548.818871	135
4827	9226	275.826832	177
4838	6317	572.6174768	156
4841	6259	1541.644487	52
4842	1036	383.1958754	56
4842	7664	507.5661434	40.31678793
4845	6268	253.0359594	117
4847	4631	991.2501586	49
4852	10643	578.6477156	128
4856	1275	2259.734087	73
4862	5551	693.5794909	187
4869	1918	2373.411236	61
4875	2567	859.2000794	15.32822746
4876	5189	321.5482397	195
4880	11309	1556.211479	32.36180563
4883	11216	922.8043041	137
4886	4976	1948.24237	48
4889	7553	347.8456854	142
4892	8004	2375.609476	47
4898	1407	2737.964287	99
4898	6443	3104.942313	92
4914	2915	343.4025676	104
4916	4225	1579.036635	89
4917	3123	419.3703468	102
4923	5653	1917.728758	46
4925	11341	373.0213215	93
4928	6952	188.5970691	133
4932	1888	1213.602874	36.1209642
4939	9973	710.5025697	120
4941	874	820.0032787	105
4942	4324	1569.123422	43.0647448
4954	9037	669.7812684	106
4955	2513	308.5398983	138
4955	5133	328.9973019	140
4955	5984	267.0121839	131
4955	6589	329.1172833	132
4955	7740	262.6821847	136
4955	8713	314.4926996	144
4955	9296	309.5428878	137
4961	1737	502.5145687	97
4964	3281	259.9241589	136
4971	4555	230.9130421	193
4971	10374	182.0692746	197
4981	4076	407.6695073	105
4986	2491	272.5488973	106
4986	5866	318.3183407	94
4989	4918	1853.384466	99
4995	4424	1332.735796	158
4996	5475	2451.691207	49
5000	2397	440.0442988	287
5001	3887	1488.945096	75
5004	1469	2079.490256	64
5010	9686	979.7572748	96
5014	11019	2105.177603	33.08095687
5019	8581	862.2216555	123
5024	5262	1494.240969	73
5042	325	1735.276142	107
5044	914	777.4306379	127
5048	10757	286.0212312	85
5054	8278	1974.268635	61
5056	197	933.1070172	89
5057	5564	774.7662404	28.99386789
5059	1596	895.7961545	82
5059	6555	737.7546634	98
5063	1401	249.5746472	164
5066	9994	2201.691151	71
5069	1305	1560.555891	3.593361866
5069	9617	1520.654226	4.37934153
5069	11721	1553.904829	3.593361866
5076	11372	3133.327444	39.44033602
5089	9019	1441.686403	78
5090	6384	1519.85411	46
5091	6078	382.4016996	140
5093	3490	1965.547975	55
5096	4910	2588.508382	54
5106	3492	900.2120446	116
5111	9497	1257.467006	144
5113	11795	1157.64185	81
5115	11308	492.0370039	126
5122	6753	2475.375166	40.31678793
5123	10288	226.7835314	226
5130	7499	2305.016305	127
5134	6258	727.1641302	123
5139	9410	197.7431935	127
5141	1016	286.5969027	116
5142	8078	1035.213294	100
5146	955	465.4055979	113
5150	3416	3254.977926	38.58293741
5163	3004	902.7568982	127
5164	4008	3055.31604	73
5167	6377	4943.432525	75
5174	8101	2400.289753	42.1285547
5177	8821	1249.029587	63
5179	8668	2186.881298	97
5186	4482	2101.534803	52
5194	8077	1728.993977	112
5195	6628	628.7660437	135
5201	9286	1508.622394	71
5203	3500	1367.892458	27.74696714
5213	5545	967.3247806	108
5216	5155	730.0344348	65
5218	5939	714.8093399	88
5223	4602	901.7021133	97
5224	9153	1113.311154	100
5228	554	1366.235621	35.33572585
5238	1392	1458.167143	64
5242	2948	748.2950182	109
5247	1239	2065.235156	30.97006447
5261	959	244.5566608	166
5264	63	700.5715957	119
5269	8483	281.9212593	221
5271	5113	250.4255341	121
5271	5654	250.0986291	121
5286	3775	1884.399843	9.451373858
5293	7951	1167.537357	68
5296	11039	2044.209997	130
5297	11897	707.436726	45
5300	6044	339.6760327	139
5303	6857	455.7360942	117
5305	7629	412.7184037	123
5307	1653	6543.502836	47
5317	375	1221.47232	120
5320	1388	1177.193799	78
5340	8029	1116.707426	72
5344	517	449.6045127	165
5345	11166	3583.669705	25.97643606
5347	1962	322.4623008	169
5348	11329	1587.613659	53
5357	4841	312.5959922	147
5359	964	247.3796151	152
5365	11227	1535.975521	84
5372	5820	1376.305604	74
5377	5233	1698.061382	52
5383	2203	2673.330018	72
5387	2885	577.702227	82
5404	5883	306.3574616	165
5405	2730	185.9403216	164
5407	2959	683.8357447	63
5412	7625	558.9678647	156
5418	8471	629.5168266	120
5422	8140	1312.894815	99
5428	10573	1132.513436	132
5433	6124	3184.09027	63
5435	7596	1317.795019	101
5439	9014	580.2062871	45
5441	7038	1481.943258	112
5445	5502	3591.250749	85
5446	6439	682.2171857	100
5459	3199	328.0037431	107
5460	7156	351.8744889	119
5461	8199	482.9616245	118
5464	10325	404.319433	159
5465	794	329.6276238	151
5470	10206	403.4627073	132
5474	6271	184.5983573	240
5475	8294	508.600526	133
5476	6283	1386.51435	18.27487772
5477	1978	1341.541202	33.08095687
5484	631	217.8601365	163
5484	2065	256.5765872	154
5484	3753	257.7504509	168
5484	11735	228.1798793	162
5490	4319	3355.611846	73
5493	1499	1367.417227	72
5496	10475	390.7242704	215
5498	9117	1260.540641	95
5505	5723	664.8031087	91
5506	8607	901.2567353	99
5510	646	801.4695368	129
5523	11619	782.7320764	134
5524	346	439.7684146	117
5524	2650	466.6638723	122
5525	958	1014.525509	28.36356641
5525	8221	1008.565152	28.99386789
5531	7764	323.2752117	268
5540	2530	969.9419525	116
5547	2005	507.6235468	115
5551	3611	2188.422891	70
5552	5443	2138.196619	77
5556	1466	606.8897695	84
5560	6702	385.2309431	141
5568	6547	837.8160533	48
5570	9162	4762.654167	66
5573	3037	2600.062851	99
5574	10856	3129.888929	80
5575	11345	226.1212555	122
5580	4025	2711.259643	113
5585	1742	276.6159974	166
5589	3037	2165.249134	99
5594	8488	1007.335016	41.21271655
5597	6702	590.3443163	124
5606	10417	467.1448394	114
5606	11303	455.1934178	121
5609	4597	7991.687587	71
5611	6637	993.406096	34.5675579
5613	7852	729.0086225	88
5618	7381	2646.180893	39.44033602
5620	7106	2115.756791	52
5632	1309	2314.080139	66
5636	1133	517.6634365	185
5643	9268	1712.418709	68
5645	7736	1143.779532	55
5646	9747	362.7392205	169
5647	5175	2920.865478	87
5653	35	1589.841357	40.31678793
5655	6955	6127.947544	55
5657	6412	1357.36306	93
5662	8373	628.3690821	125
5664	5524	2319.739602	85
5678	5980	1069.145419	59
5679	5447	4612.677697	24.31888239
5685	384	359.4215655	216
5686	6337	525.576594	96
5692	9640	4250.952303	60
5697	11072	262.2851412	132
5712	3303	348.5511181	161
5721	11503	1719.238602	78
5724	499	960.472933	36.92365229
5735	1347	520.2930216	89
5736	7641	1923.046876	10.0955712
5749	3351	1846.789216	46
5750	708	486.2977361	172
5767	8734	739.5829089	106
5778	8358	448.0069348	113
5781	6116	726.8571572	92
5787	854	900.1696206	129
5790	11275	740.4561447	50
5795	9379	1027.699374	73
5814	417	656.4682503	116
5815	1831	512.3752967	113
5825	3496	868.0780573	25.97643606
5827	2887	265.3309289	166
5829	4200	190.308096	179
5835	4233	524.2097436	54
5838	10330	1467.08311	81
5845	10767	2671.821829	61
5848	4196	7229.0391	83
5850	774	406.3801066	130
5853	6122	1743.708979	65
5859	11551	1369.698864	60
5866	7918	801.3246309	102
5874	1396	453.6157932	68
5875	7184	1092.62612	74
5884	5092	3538.865631	34.5675579
5893	724	1145.181495	81
5904	10002	438.6534682	163
5908	7228	551.6836714	67
5913	9092	1704.053419	92
5920	3785	279.6680934	212
5923	6244	821.9694842	152
5928	7864	5345.152808	138
5937	7005	1255.933505	92
5938	4740	426.6946586	77
5940	11636	2090.856366	116
5952	2581	325.7429477	147
5954	8916	1949.371357	39.44033602
5957	4148	766.0775378	119
5965	4720	472.7895981	130
5967	6032	2845.678025	42.1285547
5974	10690	629.9241246	63
5976	7927	1277.737251	161
5983	1778	2671.10814	88
5984	10443	781.2245169	95
5985	1677	1177.018494	27.74696714
5986	8170	1875.100541	24.31888239
5998	7652	5308.165012	19.95426572
6009	2438	1093.256139	79
6009	10894	1141.933524	82
6021	2249	734.3411387	152
6028	11195	196.0727668	115
6033	745	1044.851196	99
6037	7791	5384.193392	36.92365229
6047	2367	223.4143175	168
6054	9103	199.8404858	226
6057	140	2688.758423	58
6060	8420	302.974723	59
6062	9837	660.2024675	69
6065	825	368.1710401	104
6067	6125	1980.953308	50
6067	6545	1929.5916	52
6067	10182	1935.962213	51
6071	4022	756.1534124	81
6075	6190	1941.603465	86
6076	5880	760.3945439	27.74696714
6094	106	457.7260092	149
6097	9783	900.7437266	108
6111	68	2142.148388	88
6115	6250	2662.990962	66
6117	7844	2283.60726	72
6119	2718	3872.883692	56
6124	672	1209.634775	94
6134	10389	1487.453068	95
6135	1979	523.2208979	92
6142	8645	523.8849082	146
6148	6882	1547.200024	33.81608925
6152	943	738.9591393	193
6154	5020	2445.278772	95
6157	3521	302.9121392	103
6158	1909	974.2701294	111
6167	2100	6472.782609	27.74696714
6182	5271	515.2442969	142
6188	5108	446.3670234	28.36356641
6194	9560	218.0298717	253
6196	875	572.1963904	124
6197	860	2172.657071	77
6204	7631	380.5359842	113
6210	5267	191.7118232	150
6212	7501	220.299494	157
6212	11381	197.4003869	162
6217	7937	488.8713159	143
6227	1622	934.2599158	145
6228	5948	2400.104567	68
6235	11844	710.8843373	59
6236	7701	1860.486057	68
6239	2160	937.724024	96
6240	11727	5085.562745	4.996670636
6244	9095	401.4192147	95
6247	8629	2493.379532	74
6249	2965	837.3505878	47
6250	8908	929.2942635	72
6256	948	332.0645558	166
6258	5290	628.0375156	131
6260	5492	1392.245851	70
6261	8855	1322.533258	28.36356641
6263	6352	568.2661684	149
6268	2330	1133.794176	76
6272	5467	1107.880192	80
6287	5783	1741.732282	68
6289	4184	2571.987571	63
6296	5522	1260.094458	81
6299	5013	827.1035169	131
6301	9451	1313.226826	89
6302	9367	327.902142	142
6314	3851	1385.645723	23.79021103
6321	6178	688.0387477	166
6327	2151	1126.980342	83
6327	6841	1062.540008	88
6327	7017	1213.309998	74
6331	211	618.4211918	54
6332	6138	4992.172303	44.02173913
6334	10499	6705.386335	126
6340	9144	1192.519484	56
6341	770	420.345001	74
6343	6741	381.1265366	163
6349	1763	663.753602	142
6352	569	4993.510518	71
6353	11224	2952.325346	40.31678793
6370	8431	1806.432255	44.02173913
6377	11050	2309.492524	22.27216015
6384	3862	357.9320588	164
6385	4831	380.2738962	121
6391	4401	228.8798728	171
6400	6940	2150.439179	37.7441779
6405	5136	1598.16709	59
6408	7392	1445.028279	17.10875968
6411	10831	1668.008787	28.99386789
6416	8346	932.0003635	91
6422	8808	489.3055695	106
6424	7442	2161.61409	67
6434	10269	513.4958881	139
6435	8967	326.0344191	99
6445	10481	1076.546387	101
6462	707	997.7086019	60
6468	2907	435.109356	133
6470	11492	2564.651121	47
6489	7859	3402.369025	99
6493	4018	598.6365217	152
6505	171	1527.881717	104
6511	7130	909.2413286	72
6514	3597	729.4857272	111
6514	11407	651.2077169	122
6516	3275	729.6557348	63
6517	1107	1171.272317	69
6517	1972	1303.124765	64
6520	11648	1397.278139	87
6522	8240	3097.455629	28.99386789
6524	793	1394.107598	91
6538	377	836.1598805	59
6548	9606	1071.887477	80
6562	10595	1292.269603	30.2968022
6565	11429	1769.491004	109
6566	4108	1790.768215	49
6568	4796	798.0067973	93
6577	5995	946.8644884	117
6580	9118	1712.194591	52
6584	4664	208.344192	118
6590	10157	5530.047117	19.52047734
6591	9023	190.8556824	111
6612	3852	207.1654074	138
6616	7162	207.6892552	256
6619	4382	1232.000612	26.5536902
6629	6540	3208.867428	101
6634	77	1327.362741	101
6635	4884	2320.931358	62
6637	6126	600.0920426	153
6644	10828	1637.251717	89
6652	1055	759.6775826	71
6654	9874	315.5537685	207
6657	651	512.356674	96
6664	10812	4536.443641	104
6667	2430	1538.61515	64
6672	5333	810.0922958	94
6676	1680	1098.213005	134
6681	3684	273.6960808	219
6687	9708	621.6527963	79
6690	3697	1394.137614	71
6693	3872	1021.461853	39.44033602
6696	4076	271.4134537	124
6698	5733	809.7360143	71
6700	967	494.0719039	86
6700	3833	598.0108784	87
6701	3517	2443.0775	78
6706	6810	295.2621333	164
6717	8871	248.5452481	188
6730	8978	204.5561619	182
6732	1813	873.9612601	141
6734	4288	852.7250106	108
6738	7084	1616.975728	132
6742	9401	2081.318404	62
6755	268	931.8395746	78
6767	9587	1218.099213	102
6774	3509	1520.796116	144
6777	10082	1561.646415	137
6778	10338	774.9633706	27.74696714
6779	10079	3099.632085	37.7441779
6780	1531	1060.797739	94
6783	5391	207.7638766	162
6785	4608	21938.72428	16.73683012
6791	6277	859.5689168	92
6794	4874	577.5162527	176
6799	7605	499.8078629	133
6800	9944	1236.511727	93
6803	6572	365.7012478	134
6803	7472	433.6996725	131
6810	7029	1610.489524	73
6810	9701	1739.076144	69
6815	11445	6358.944582	54
6834	3313	1753.060724	35.33572585
6838	10827	287.3411753	187
6841	10006	581.4260923	142
6846	2032	5669.824607	61
6856	9395	732.2937157	55
6859	7686	895.4713951	110
6860	2202	864.9183905	94
6862	6737	416.3878438	142
6865	15	1993.68968	69
6870	4361	984.3435377	101
6877	3000	415.4816209	165
6877	5164	480.7852906	161
6877	7850	465.4879448	162
6877	10001	368.63704	163
6878	9977	1304.754576	63
6880	6463	1298.680608	71
6881	7982	2655.423429	21.78798276
6882	3718	322.5254647	172
6888	2766	679.133084	108
6891	1827	4492.175704	57
6894	8803	2398.504244	118
6901	11743	1506.637705	89
6907	1418	1812.37079	125
6911	1521	1388.420252	48
6913	6769	1224.130806	111
6915	8986	1384.769289	174
6920	3778	2488.45292	23.79021103
6922	8759	201.4280472	139
6927	5873	221.4918023	126
6932	7775	3361.719056	40.31678793
6933	3452	1234.097608	76
6934	4239	370.6020293	149
6936	8486	3750.381052	11.51868239
6940	6168	920.2924107	111
6942	276	992.4935036	134
6947	5604	837.576261	161
6953	3883	881.9454926	110
6961	9719	1087.773158	95
6973	6669	329.2712479	170
6979	3883	998.3423398	108
6980	751	562.0934177	113
6984	343	339.8578837	185
6987	3571	1130.148163	113
6990	550	3437.514372	19.52047734
6994	3764	1051.635957	100
6994	6328	1175.037549	99
7015	6025	1275.258427	57
7020	3102	1332.048987	109
7025	6355	4404.662368	16.73683012
7028	11112	201.1332621	142
7035	7461	1624.464237	17.48895434
7047	7785	3842.842558	49
7049	4335	865.3493584	82
7050	7987	1496.437687	115
7055	2093	213.6043231	152
7062	10558	1634.123994	38.58293741
7070	6702	326.1161806	149
7080	10751	1236.505102	93
7085	8798	3645.107765	13.43445426
7086	5907	996.1617146	87
7088	7155	1754.685045	91
7095	4340	3090.926876	25.97643606
7095	5555	2672.867526	30.2968022
7097	4645	1083.089769	62
7100	1466	545.3522131	95
7103	6713	359.7623819	180
7106	1999	1390.436937	72
7111	5739	269.3876647	135
7119	5480	1124.882554	106
7124	11068	2792.400467	90
7130	2513	295.5209405	147
7130	5133	298.0442435	146
7130	5984	396.6150315	124
7130	6589	287.5424657	145
7130	7740	357.2802667	124
7130	8713	316.2919585	147
7130	9296	340.2126444	141
7131	2253	693.6698203	104
7138	2922	523.7532442	33.81608925
7140	7454	570.3595125	119
7142	210	3342.47575	56
7144	6647	1141.857072	28.36356641
7146	1598	3001.5074	33.08095687
7149	1843	668.4423516	132
7155	1730	1941.866173	69
7161	3668	2517.196909	27.1437722
7163	238	1347.52773	97
7163	1085	1347.101471	97
7168	9852	704.0222567	109
7169	3615	17460.44584	72
7172	6416	1235.452865	76
7175	6961	926.3193723	50
7178	6549	595.5642434	147
7184	1492	619.7524444	53
7201	9903	816.775218	118
7204	5909	264.791652	123
7218	3214	2427.424323	29.63817606
7220	3597	604.723342	122
7220	11407	646.626883	118
7231	10489	823.1571121	90
7235	11568	946.4774993	100
7239	6551	338.2899126	88
7240	2285	1767.608358	97
7241	8783	1350.646687	54
7242	9245	938.8625443	76
7243	3230	630.7191271	146
7248	6343	13518.96382	71
7252	5637	344.940668	108
7255	262	523.316577	74
7259	607	1561.750649	66
7260	8068	6655.298995	19.52047734
7261	158	3130.407596	71
7262	3431	513.7908711	80
7265	11020	935.3973889	69
7268	3404	1806.474904	82
7271	5809	1331.574126	101
7276	9689	620.2527367	100
7278	5329	737.3092245	126
7287	2548	258.5303739	101
7288	4615	616.6744185	164
7294	2686	2418.18303	48
7295	10777	1393.712736	79
7297	7727	206.4575954	209
7307	9563	1174.110892	54
7312	5401	5481.424975	45
7316	1523	897.6771562	128
7316	2277	1240.174897	111
7317	10334	1824.575611	72
7318	8674	766.9901996	101
7322	2202	734.8670528	105
7337	6483	611.5233854	107
7341	2147	490.4860957	151
7345	10320	189.7510971	173
7351	1266	405.5627076	81
7354	7540	980.7458585	108
7355	8762	946.3629298	96
7360	1061	209.9538343	195
7360	7012	210.5787767	165
7364	554	1377.657998	33.08095687
7370	741	669.785264	113
7374	10337	1813.004529	55
7383	8620	215.0099053	299
7385	9088	1952.989451	99
7392	2748	1417.426451	70
7400	9324	261.0798744	92
7402	8398	272.9111947	180
7403	4869	989.3749302	108
7407	244	359.5083769	184
7410	2790	699.213481	172
7417	635	1731.466994	76
7421	6266	233.0474394	81
7422	3183	647.3789346	137
7422	4091	954.5610717	137
7423	4995	820.2931521	114
7423	8202	441.2161241	129
7423	8207	802.5001648	127
7423	8216	598.1841255	127
7430	1911	556.2896486	155
7432	2551	3368.68201	34.5675579
7435	10417	561.4130169	107
7435	11303	547.5202103	112
7436	6253	1470.272959	85
7444	9201	571.2613752	81
7445	7081	682.2344979	107
7447	9777	2203.897402	52
7450	2364	839.5913591	85
7451	10911	454.2570285	139
7454	7778	3231.806134	41.21271655
7456	3953	841.8874026	100
7461	5219	1139.013653	30.2968022
7463	8723	3612.058573	92
7477	11384	391.9064844	117
7486	4842	453.1719879	115
7488	6844	356.3603652	154
7512	3143	5389.015604	55
7513	6130	3765.015579	71
7516	3383	2983.986192	130
7518	4627	1118.303885	105
7522	6457	1969.268025	48
7526	382	584.3920068	121
7528	3084	3315.302586	12.57720313
7531	3669	380.8428408	95
7532	153	569.9082024	179
7546	8080	475.9341786	111
7550	6747	721.2266119	158
7561	11787	447.3118575	112
7565	9799	3685.229517	73
7567	2872	2282.673154	61
7575	3107	1054.429733	87
7575	6309	1019.661513	77
7575	6312	1218.379515	74
7577	4993	1477.061229	45
7578	5118	1132.587898	47
7581	10044	3165.084845	36.1209642
7585	4925	770.5705793	147
7586	9934	416.1433537	113
7587	1748	1340.775184	145
7588	2735	229.4320136	227
7591	1281	1448.853478	61
7601	1082	647.4112192	120
7604	2916	4421.356061	45
7606	5360	853.4721651	121
7610	6261	484.800538	89
7617	1567	773.3967167	176
7621	11634	364.7753987	135
7624	7830	282.9934655	145
7631	7679	425.4294927	151
7635	4166	2922.167871	30.2968022
7639	9508	2284.213394	26.5536902
7640	8517	366.2194797	89
7641	3227	471.4768107	105
7643	6067	1047.077575	62
7647	8364	197.2060459	304
7654	4549	3463.925125	63
7664	2864	829.6797967	105
7666	11349	2314.101556	73
7673	4506	605.1106011	76
7676	7320	375.2153266	144
7678	6031	1650.993561	70
7679	2751	1203.779603	89
7683	7115	3347.866539	58
7684	2392	1448.487043	94
7689	2151	809.791018	87
7689	6841	799.3572038	88
7689	7017	812.9578822	85
7691	1743	907.4046757	159
7694	1022	534.6497701	61
7703	10892	1905.531882	70
7709	65	332.4916135	142
7709	3364	328.6928648	155
7714	2560	637.5069844	96
7717	9688	469.2289213	109
7722	10183	1177.805044	102
7723	9024	1599.392311	3.515245303
7724	4999	2224.441645	41.21271655
7733	9653	1711.40448	82
7735	7536	727.5505848	122
7737	2986	872.1615757	55
7738	10639	831.907116	208
7753	3071	871.3218988	131
7758	830	490.8910705	90
7761	1773	502.3963851	253
7762	6517	593.1707612	138
7764	2245	1052.503397	116
7771	2825	560.331625	48
7777	3480	445.5532611	95
7779	11894	758.2909568	116
7783	2710	613.8575785	125
7785	8536	673.055225	116
7785	11447	313.6506577	128
7793	11029	200.0453712	155
7802	5224	516.9227802	116
7802	5969	404.9392124	120
7813	5635	423.9452312	70
7822	8351	342.2160563	104
7824	4716	611.9811219	160
7832	9498	753.1686648	57
7834	1551	199.7106899	199
7842	18	2205.741313	52
7846	9048	661.503314	157
7850	184	836.4847877	91
7852	6060	194.9290368	191
7853	11812	701.8559573	95
7856	3896	904.2293816	44.02173913
7857	9518	1676.098859	58
7862	2377	653.2475521	90
7866	8730	2887.423999	70
7872	7140	1613.326708	86
7873	2202	939.4548874	88
7880	214	555.4478351	90
7884	3726	667.2868104	34.5675579
7891	3027	333.2386985	77
7902	2672	1162.754964	102
7910	9667	260.5788733	114
7913	2632	493.9030417	74
7918	11821	1277.029724	107
7922	11087	1654.99556	14.99500512
7928	4270	1147.168297	40.31678793
7933	9061	187.6705867	133
7935	909	400.478267	120
7936	4386	403.5744269	78
7938	10686	4524.800589	1.858409502
7943	9628	1187.432876	86
7956	8652	385.8433421	244
7965	5988	385.8165369	163
7971	8315	2161.212833	4.284138454
7972	2317	1993.159575	59
7985	6911	359.0110197	126
7986	7057	1510.330718	86
7992	2411	608.2599724	73
7993	2890	963.1234456	61
7997	4174	1469.774466	66
7998	912	1183.855512	92
8005	3341	1734.375659	176
8005	6973	1525.734587	172
8009	650	183.3389863	101
8019	1008	1954.46961	75
8024	8097	4285.559104	71
8026	5854	750.6156598	37.7441779
8030	4122	3167.99675	74
8033	877	5298.166757	91
8034	1408	1376.103196	80
8038	11910	2652.895863	111
8039	1815	986.2584174	46
8044	7649	1899.096776	78
8053	11617	430.5403169	87
8058	4681	966.8921751	101
8059	11471	2873.376516	83
8064	5724	1686.375491	82
8066	5141	5422.365054	33.08095687
8073	4988	1702.271491	73
8075	1124	1256.691844	86
8080	10718	704.1392623	95
8092	5441	418.9507646	115
8100	3936	714.2584233	47
8107	1357	1578.835074	75
8109	2569	643.9335478	149
8116	5431	892.2905745	96
8121	6189	1217.934191	36.1209642
8129	6028	1162.188722	52
8130	9927	689.2832381	172
8134	6388	3158.847855	45
8148	8699	536.2421155	63
8161	7948	1999.329187	94
8184	9524	296.7438274	137
8193	10748	847.4874714	69
8200	1579	1954.527575	71
8204	6342	16882.75895	59
8207	7077	1413.238361	102
8208	3271	2153.234247	62
8210	2544	773.6170177	105
8214	11567	716.1050247	62
8216	11704	1138.611719	69
8217	60	844.8712545	108
8218	996	385.8528424	149
8218	5656	254.7033378	164
8223	7485	1939.831568	94
8226	9197	353.1327219	127
8227	10811	716.6982046	86
8234	8794	314.4067879	156
8239	2092	2308.319801	93
8247	2924	2680.842166	76
8249	4916	1131.996693	109
8249	5392	1185.962804	103
8253	1990	232.5109158	185
8264	1336	1300.856088	86
8266	280	861.3725277	60
8271	4733	2718.560029	56
8274	6775	1038.204669	108
8274	7117	1011.043077	116
8275	11318	622.4013642	113
8276	9550	257.1588139	311
8278	8485	386.3311521	126
8282	3944	1249.358488	72
8283	10437	1448.89671	52
8285	10313	528.9441131	122
8290	746	591.677131	165
8296	3338	3727.151305	34.5675579
8306	8009	3885.684625	68
8315	5143	2642.879102	77
8328	5952	3173.51645	67
8334	5125	299.3993678	180
8337	10434	2573.283482	44.02173913
8345	3615	18549.97837	69
8347	8499	683.8604105	69
8349	3786	1056.699271	73
8356	8088	1130.537092	81
8362	760	515.1953256	144
8374	1483	1314.334835	62
8378	6163	385.8672712	153
8387	1194	1910.796986	56
8393	1254	448.3996119	110
8399	10439	1106.740012	30.2968022
8400	10174	442.8851387	129
8401	800	572.0376421	33.81608925
8402	6473	2670.597079	65
8415	2218	1162.210013	126
8417	1916	467.8294612	100
8430	2290	329.9581633	149
8434	3960	3422.051076	18.68098611
8441	10194	1157.625968	79
8443	11555	465.7063775	36.1209642
8453	7526	571.9630916	145
8455	7269	479.7722978	122
8468	8326	189.2167697	241
8471	217	315.592036	136
8473	11546	3219.974046	44.02173913
8473	11809	3105.343656	46
8480	3761	931.0025595	88
8482	10310	638.2145882	148
8486	985	1714.80088	141
8487	11128	457.3503874	129
8491	9489	1605.42262	78
8492	4515	1437.448025	84
8493	9506	1719.717761	64
8497	10041	2012.862301	98
8500	6484	1140.34013	81
8520	8134	890.3102269	85
8523	5122	281.516653	140
8528	7674	585.4844914	87
8533	6375	199.9049036	176
8541	5366	519.3397421	103
8547	2834	830.1784	33.08095687
8550	3834	1974.157488	36.92365229
8554	6801	3924.524726	65
8555	7295	370.6779627	92
8558	11402	964.7177005	75
8561	2991	191.3076374	173
8561	3104	343.5271276	150
8561	4877	210.4136824	185
8561	9119	203.9414549	183
8566	10482	1598.005569	83
8571	6331	2334.346584	104
8578	10971	2488.92414	42.1285547
8606	8366	4143.012172	74
8607	1699	2390.391276	56
8608	6768	740.0453143	149
8618	9755	369.6810171	115
8619	1610	527.4876231	144
8619	4826	640.4066275	137
8622	5146	227.1775751	180
8636	7224	1657.980802	22.27216015
8642	2753	506.6422235	140
8647	11695	277.2439642	163
8649	11656	1063.128551	88
8652	3021	3444.95184	90
8656	5857	834.4999599	95
8661	1555	2406.031907	66
8662	240	1060.795689	81
8675	6177	333.9388498	99
8677	7248	660.6242254	57
8678	1895	903.3776889	139
8679	773	892.4804052	53
8679	4725	866.4227339	55
8682	9343	733.0748879	115
8683	3571	939.7170385	104
8695	11044	515.9075841	160
8697	6274	3007.430394	37.7441779
8701	1696	451.7857252	108
8702	671	196.8236901	171
8702	6305	293.6510592	157
8705	6299	917.7878086	110
8707	1203	619.848779	86
8708	4103	425.0681194	89
8735	7685	780.5273345	109
8747	3723	879.8573449	37.7441779
8753	3751	530.4846533	131
8754	10468	279.9886636	128
8762	10955	317.0785531	161
8765	10266	3634.953301	106
8766	9979	884.1875398	87
8767	1343	329.8759786	79
8767	3578	326.0635892	80
8773	7990	261.6029186	185
8776	1398	330.1427476	160
8782	11422	943.9108398	109
8786	3405	732.6767833	76
8786	9075	565.9969024	95
8792	6325	396.9032351	95
8797	10171	2312.992046	52
8805	11737	646.0012216	162
8808	9766	728.8551274	73
8809	1799	1044.558207	43.0647448
8818	4076	336.1891958	112
8828	4206	809.7307019	73
8829	1239	1995.72762	38.58293741
8830	496	560.7725755	65
8835	2784	1053.184506	131
8841	6000	233.7189698	224
8849	5471	2942.292325	83
8853	7361	1077.042466	69
8854	3919	900.6154481	103
8855	4623	4524.543552	51
8856	10671	232.2598735	203
8859	2333	10458.01082	41.21271655
8862	11793	1834.68018	75
8863	8706	531.6299172	102
8870	7435	1442.619185	14.66902675
8883	3424	1030.545467	51
8885	3107	1154.890056	77
8885	6309	1156.81504	64
8885	6312	1091.852104	86
8888	10392	638.3491688	126
8889	6532	2096.60925	85
8891	5704	3103.385205	76
8892	2983	2367.760188	105
8894	8244	1872.684228	123
8896	5687	888.3340259	66
8898	2055	1047.684612	49
8905	2467	2783.749612	120
8907	6474	1623.718492	98
8912	2355	1587.550198	115
8924	5657	1328.40691	119
8928	5365	237.4904567	167
8929	3689	3196.369772	107
8936	10841	750.0620105	109
8937	388	1313.665376	122
8940	181	838.8215629	110
8941	6654	1211.341786	109
8958	2394	739.0639313	109
8966	2866	549.5884302	158
8971	4818	2964.575338	12.03631207
8973	8048	1446.343201	68
8976	7086	1087.070496	63
8981	6639	474.2182275	172
9005	2631	200.5560172	227
9008	2797	444.921659	127
9014	10887	319.5997931	179
9015	6525	486.9247871	165
9019	6064	234.2208423	114
9023	8108	312.2791654	111
9026	3998	2658.040114	63
9039	491	898.9116299	83
9047	3307	1092.560891	47
9050	10783	385.3660115	131
9054	9454	1121.618972	154
9068	574	1967.151918	101
9069	6340	1404.649902	61
9071	2750	269.2468678	186
9074	9713	4109.806401	84
9078	4799	203.8089589	205
9079	1484	741.3511653	135
9079	7930	507.9811846	153
9083	7067	1006.17034	47
9085	10393	422.1757196	118
9089	11606	813.7652183	170
9092	4362	600.8585114	97
9093	2881	1222.021279	113
9100	5140	417.8655483	130
9102	4076	387.0207867	119
9103	7072	2346.446356	111
9105	6681	733.4907515	62
9106	10147	5210.919942	44.02173913
9110	10485	3813.916454	62
9114	9989	295.1889799	179
9115	1236	325.470341	185
9124	11917	3440.907055	92
9126	6489	566.216185	213
9132	594	1106.777514	100
9134	11290	644.6468162	129
9136	1556	3666.841144	40.31678793
9148	8824	1667.592153	48
9162	10461	603.2678469	144
9164	839	596.7441751	110
9166	7322	261.4727382	138
