6	1359	275.0675801	179
9	3183	525.4220095	134
10	7187	598.2835671	111
35	9513	787.8519185	77
43	9440	478.6826753	117
50	4413	2124.106004	45
64	5229	635.8091069	54
80	8629	1681.257093	65
87	8920	735.8966148	89
87	9836	854.3586894	83
92	1566	791.6995298	118
94	10323	1107.829329	99
94	11683	853.6151794	112
104	13511	338.3383214	131
109	3574	222.5121014	139
110	6617	324.8905155	216
122	2742	613.3305176	103
129	4099	2726.350375	87
135	2898	1856.637839	67
144	13085	568.0962874	86
149	2113	1646.165275	29.63817606
158	13835	456.5720947	149
160	6111	270.533602	109
160	10906	270.533602	109
161	7567	3694.350542	42.1285547
170	1213	836.305134	57
172	1478	1763.863711	57
174	6374	652.6386212	54
176	2751	4374.733183	79
181	11088	1492.43714	21.78798276
186	5136	704.170234	155
187	5183	225.0740392	238
194	4650	1016.894296	55
194	7864	1108.22603	46
211	5347	3728.268203	24.859302
211	5937	3726.445294	25.41173093
211	7424	3743.169728	24.859302
211	8223	3657.622393	24.859302
211	10899	3748.231899	24.859302
216	7554	1828.734301	45
223	7034	992.2024423	35.33572585
225	2862	548.6304237	141
228	1012	1176.17582	60
230	8811	262.9163245	159
237	5820	2852.783941	36.92365229
239	12639	596.6545219	100
240	12427	191.8819503	234
255	13526	194.334526	178
261	1841	1801.279416	35.33572585
262	1414	903.9258321	142
263	8592	1067.95027	85
270	1903	639.0334945	124
270	13164	874.9570161	115
273	12575	186.822423	179
284	984	1234.604258	77
291	1687	976.4721709	116
297	10696	209.7197677	108
304	5845	1001.374986	135
309	3706	2126.798754	42.1285547
316	312	6157.829322	72
325	3631	295.9189729	133
335	13384	393.5930346	80
338	2399	2070.121935	71
340	1463	1814.874001	33.08095687
341	3435	1728.222243	86
351	9838	3177.929911	28.99386789
353	9066	861.4335283	33.08095687
368	3239	248.3351541	129
368	9352	248.3239438	128
375	1693	1341.316813	50
383	5819	1375.810238	46
388	10763	300.801119	95
404	6391	544.9434935	102
406	3420	378.8961026	152
410	9005	1098.41877	94
424	6089	358.8016065	129
450	5691	722.3805445	70
451	4464	1169.825021	147
455	12020	439.5985525	106
470	6868	3766.610598	49
471	8861	713.920034	126
472	3983	1144.632629	119
473	1711	1970.745616	53
474	10078	594.0983233	119
474	11604	588.567933	120
475	10950	1229.751773	81
484	7260	2665.416621	54
489	6396	1157.374792	83
491	11646	2023.29197	66
493	2226	1049.044603	97
496	9512	3382.308162	110
500	3206	1288.747015	49
503	12349	930.1158082	104
504	7440	995.1752391	141
505	1017	1051.960989	95
505	4622	1082.93319	106
505	7313	1071.705844	105
505	11291	1200.232914	93
513	1596	969.4535893	56
518	1448	1319.670175	143
531	3690	1117.916943	42.1285547
549	7713	280.4481405	115
549	9629	307.8752975	125
560	12708	588.564567	131
576	1297	224.208578	240
576	5504	249.3562298	220
579	1374	1002.981281	46
587	5003	1205.575789	96
600	5803	610.6049422	90
604	4823	1002.137238	114
609	6412	3334.915269	21.31433096
621	6949	246.6966891	157
622	1906	3252.698027	95
622	2318	3381.367861	93
622	4771	3312.523909	99
633	4609	515.617133	106
646	1848	4006.608343	59
655	4359	2131.724132	38.58293741
655	11159	1913.264261	36.92365229
657	6266	764.3617479	96
666	3144	750.6865095	73
668	645	698.4637796	117
677	13528	182.3628287	174
685	2153	3650.822314	14.66902675
685	2194	3658.011939	14.35013486
685	7837	2885.316487	14.35013486
685	9533	3640.967689	14.66902675
685	12311	3649.267461	14.66902675
685	13170	3822.938658	12.30378567
685	13478	3793.15617	12.85669654
685	14044	3729.764587	12.85669654
691	9092	208.6567768	148
693	9628	353.7992817	147
719	8881	487.1758757	154
725	861	1442.48841	94
734	1030	2207.253552	106
735	467	2924.563472	35.33572585
743	6191	404.292306	109
761	723	1059.282218	45
774	5479	912.3181951	69
774	11695	658.3339918	78
799	2069	276.1763048	140
803	10616	3214.421758	61
806	4184	482.4085993	134
806	10197	453.7921711	132
809	8324	459.8956027	158
824	13159	425.4295513	97
836	7089	920.6314153	37.7441779
872	13091	284.6414677	112
878	2632	739.8464109	84
889	5087	1091.510608	114
895	9042	464.646124	112
895	12008	358.0522162	101
899	2930	1250.098187	72
917	2694	851.4027248	51
933	4557	1883.727648	41.21271655
940	7606	1376.977825	76
942	12256	475.0605192	127
943	14	1887.145527	94
945	9684	389.1736549	129
947	2923	952.0754466	83
953	12706	1556.800257	76
955	612	831.5163818	111
955	7939	761.215581	109
973	3362	818.5638857	131
974	11864	701.3797993	125
976	5407	493.0789898	148
983	4485	367.2194755	112
983	7370	373.4843538	124
983	13002	369.6287058	126
986	11585	365.7756666	180
1004	112	736.5050281	112
1004	7867	653.3668526	131
1007	10759	193.3151705	175
1027	8557	532.2352382	157
1031	6127	1104.529611	89
1031	10944	1085.008702	89
1031	13849	1197.010706	83
1038	9007	1548.932874	140
1039	3598	1490.813732	96
1045	6599	276.5115374	122
1054	3347	1536.137885	68
1060	2541	219.3657137	345
1064	5204	5091.699967	61
1067	5913	1136.580784	94
1087	9399	1232.885735	50
1092	4170	347.9450634	55
1095	3595	294.544523	132
1097	11334	715.6657745	75
1101	5189	1071.548672	139
1105	1255	424.8918023	106
1106	4810	1598.091197	66
1106	13405	1511.395504	65
1110	10240	554.5847567	161
1129	12957	659.1972223	139
1135	8599	353.8282564	114
1142	13916	1664.399569	115
1153	11861	189.303717	149
1153	13597	713.3757886	127
1167	5019	1364.814608	62
1168	9757	237.3151081	136
1179	7625	491.2808719	128
1191	3131	355.5562271	97
1223	1350	540.139787	171
1224	4837	664.4786349	93
1227	2367	1846.78862	117
1245	3443	245.5054212	212
1252	2353	2345.244964	81
1252	6363	2164.663347	81
1258	4600	812.3602873	103
1281	9776	425.7369722	54
1285	2634	726.9844806	108
1286	8503	1974.153786	93
1294	8578	631.6456112	88
1294	13707	461.7292375	90
1298	709	4810.06376	44.02173913
1317	10279	973.0544265	22.27216015
1333	12121	550.6678194	172
1334	126	517.4290599	88
1348	4241	1490.103643	117
1356	2112	841.8700746	116
1362	13732	524.415428	64
1366	6215	1233.438691	100
1366	10832	1232.482758	99
1371	5515	1685.004324	53
1381	2170	573.7849799	140
1382	1189	2345.029565	45
1402	13899	1502.866731	99
1411	2516	622.6541315	94
1427	11070	189.4574346	133
1432	12331	2609.76246	37.7441779
1436	12889	546.2831739	76
1438	2810	948.5336001	66
1446	12261	672.8027832	123
1455	12614	469.4056808	140
1459	12732	614.9332942	80
1461	680	1172.294674	61
1461	5686	1170.877272	60
1461	9811	1201.299187	58
1485	10829	891.1214281	55
1490	6074	1442.893713	66
1494	10715	643.7080975	114
1495	3470	1781.774454	113
1510	5349	1088.372638	71
1515	11191	1099.639102	100
1516	3410	2340.743163	92
1528	8809	908.0886936	89
1533	13442	577.2208633	115
1536	3699	768.3972882	58
1569	1701	554.5466963	60
1574	6864	406.7045639	103
1582	2851	1142.202411	74
1593	9823	665.8999938	118
1595	3910	2556.120286	67
1596	8032	225.1727722	193
1596	10484	224.9655006	193
1597	11663	1104.403155	117
1601	1893	3469.844425	66
1617	7911	587.5705756	98
1624	1297	186.9605913	232
1624	5504	250.7204393	222
1639	2697	2188.721721	49
1643	12540	2426.291716	57
1645	2486	2258.837075	67
1651	5655	1409.236966	77
1655	10378	504.425836	68
1662	4670	270.1749957	190
1667	6313	364.4324573	197
1669	2595	950.8886234	95
1675	7602	214.6054288	119
1675	8362	214.6054288	119
1677	9138	406.4580803	67
1689	4295	1044.7316	166
1723	3839	440.67985	128
1754	10122	1529.093991	37.7441779
1758	7430	983.2687415	71
1764	6366	1382.600632	102
1774	8597	476.1423331	91
1799	13583	2537.290449	45
1803	5173	1476.560806	83
1808	6421	191.8411166	163
1826	62	656.9584057	49
1834	7821	1453.457884	85
1839	6553	901.8314365	65
1840	6705	565.246083	108
1847	1248	727.480154	73
1852	7361	843.3850804	98
1855	2909	507.4318069	82
1857	11704	527.5884781	53
1859	1036	618.479591	141
1865	1491	644.7096848	101
1869	9518	1300.60361	11.02331373
1895	2303	429.1287116	189
1901	3312	928.5537245	161
1914	11728	1617.061533	64
1918	2834	812.880651	52
1918	5608	686.8905951	55
1920	4531	1315.811909	105
1921	6662	1048.436239	93
1921	10209	1125.903978	89
1933	5553	424.8028828	115
1937	2673	798.5437791	122
1947	11571	1581.569272	94
1948	7976	505.2966569	82
1957	3149	812.454176	28.99386789
1962	4636	803.8578318	117
1987	13413	435.6986939	184
1990	6531	439.7274045	149
1995	11314	347.0401868	172
2001	12863	934.3432115	88
2002	13586	1160.360174	148
2017	7966	274.887325	176
2019	7416	1159.086613	107
2021	8672	1217.113831	121
2033	8937	2307.251222	57
2033	12666	2267.386147	58
2040	12489	983.5887737	70
2042	91	3865.486207	58
2045	7764	356.162499	150
2047	11240	1901.187514	70
2054	3716	264.8386333	140
2058	6329	885.2051832	56
2062	5564	998.2215441	101
2062	9778	920.5223312	95
2064	8690	585.8692924	135
2066	13220	826.3234364	115
2070	5074	1826.904329	67
2071	8173	443.1449227	154
2089	12977	1804.344853	68
2121	448	669.6791319	103
2125	13507	189.8605942	132
2128	2094	329.2620911	155
2128	5288	323.2611868	162
2137	4281	1815.763512	71
2144	8782	634.0826683	151
2149	5024	859.4547128	91
2159	6405	1070.303623	58
2167	10590	1405.372587	60
2181	4442	544.6279559	182
2190	6708	418.2301001	188
2197	531	1760.696715	81
2199	8789	1417.320252	57
2209	6773	841.3906465	116
2216	2623	834.1751656	84
2217	1303	1400.183392	58
2218	1504	755.7840367	76
2225	7540	752.7814003	33.81608925
2231	9570	249.7303897	172
2231	14036	190.9689013	174
2233	480	656.0507473	101
2239	759	906.4909074	95
2242	3824	2391.902851	56
2244	3114	575.1136835	111
2249	7048	183.2828648	133
2253	7996	204.0654032	238
2255	12817	318.5935968	111
2255	12948	308.2585828	116
2280	4450	1116.481759	73
2296	1251	234.32412	180
2300	10357	635.6360386	98
2315	10895	1259.142656	99
2317	12783	601.3919082	122
2318	4644	5939.891513	71
2324	7964	875.4867678	106
2329	596	283.5532333	109
2341	3479	1855.111203	62
2355	5404	181.3316487	280
2359	8608	318.9733277	139
2361	2710	201.663497	130
2368	12082	1769.107769	53
2374	10942	1848.889957	116
2375	3549	263.7665585	105
2384	13619	524.3536928	145
2385	3594	517.1672531	150
2389	3037	341.0264334	125
2392	11638	421.8385748	117
2392	11769	371.6763122	125
2393	9457	2602.689651	39.44033602
2408	4113	1804.349909	91
2409	6899	675.5946733	146
2413	7522	474.7848611	99
2416	6429	555.768405	89
2421	3522	442.7537838	159
2433	4019	301.4078779	195
2436	9585	1051.89313	110
2444	6575	1822.992062	115
2445	10290	804.9307527	67
2451	3062	541.4325394	164
2467	13152	988.8393174	136
2474	9730	907.3949163	60
2478	3126	2696.338543	82
2497	6110	1153.220503	134
2511	8798	4162.211332	37.7441779
2512	3812	1100.48381	71
2517	4707	643.0544661	210
2521	6215	1207.241699	103
2521	10832	1210.984715	103
2523	9706	2087.767096	35.33572585
2527	5321	509.9619658	87
2528	1036	779.5748864	140
2533	8482	1137.659767	63
2535	1143	979.3134517	69
2536	6752	519.6417051	109
2536	6988	519.7364208	112
2536	7912	614.6880433	103
2549	6658	451.4359719	164
2551	11009	201.7634392	124
2569	12329	779.3113018	80
2574	3408	1148.417413	30.2968022
2574	4521	1258.448905	21.78798276
2590	2305	1012.664892	106
2600	2463	206.4858306	112
2600	2563	222.9727481	113
2605	10203	1380.570043	117
2606	3632	856.2713785	62
2610	7000	3094.789121	94
2618	12501	324.0698776	148
2641	8481	231.2463784	181
2657	6999	6165.952951	95
2665	692	2231.683068	69
2672	13860	2457.35257	67
2674	2472	1511.27977	172
2676	7907	980.4667019	149
2682	6226	1264.263371	59
2682	9314	1186.615058	63
2688	3670	828.143012	105
2714	13939	1593.497935	136
2724	239	369.3340123	97
2742	1597	3356.606916	27.1437722
2742	9114	3193.235726	25.41173093
2747	7266	1690.057515	125
2748	1106	1004.553028	91
2749	301	588.1259137	111
2749	11856	600.7639633	110
2754	13523	952.9185456	126
2761	13154	251.8829917	219
2784	10074	1086.543737	100
2795	2564	2813.651472	99
2799	2827	2816.374183	39.44033602
2803	2987	377.5985814	141
2808	95	529.5044396	79
2810	9531	1004.181156	96
2811	3429	373.0522973	106
2811	5586	472.5973293	114
2811	12294	458.0998918	114
2818	10870	533.0086626	67
2831	184	834.410121	131
2831	197	874.414578	120
2834	10575	2397.186711	46
2837	5311	1549.475491	70
2841	533	3084.393722	45
2841	4112	3229.868594	44.02173913
2848	9731	371.4741128	176
2854	12019	1993.982539	129
2863	12742	1073.268137	61
2872	185	1029.090812	91
2882	10086	250.5388348	221
2888	4514	1356.583214	121
2888	13694	1323.868478	118
2898	2464	1750.118969	45
2902	13185	952.8085499	94
2903	3840	320.4438025	158
2903	13435	457.7954641	145
2909	382	226.7090233	116
2912	968	1247.557793	99
2917	10897	782.4067401	131
2919	2653	835.0981236	85
2936	5658	213.1799644	190
2947	11353	725.9767286	66
2952	13962	1646.580684	61
2953	3818	852.8593224	83
2956	10254	633.2234718	77
2962	12273	326.3773391	127
2962	13423	368.6327838	115
2974	3180	1461.79104	81
3008	10272	968.1473093	78
3014	10876	192.5754516	184
3037	11082	512.7263736	60
3040	8244	2182.154843	59
3042	8475	1537.443787	73
3052	2417	571.340404	72
3053	3946	748.2011785	144
3055	7100	818.2116252	138
3079	5252	2039.717162	87
3081	11473	966.5231201	151
3087	11585	211.8331745	189
3098	1891	491.1548931	128
3107	5973	1902.53749	63
3116	397	854.2939514	114
3127	4713	1580.446808	46
3127	6078	1540.472165	47
3145	265	876.0046003	93
3148	7868	302.9441535	185
3148	11142	466.3090507	169
3155	1684	1149.250346	108
3157	6136	1429.365861	33.81608925
3158	12214	2493.413309	74
3176	2252	1049.292963	117
3178	1458	382.8709236	88
3185	4850	1172.32656	82
3185	10943	1303.126343	76
3185	12873	1287.79611	77
3188	5986	968.877542	93
3188	7129	659.161112	96
3194	12330	1072.475505	55
3199	10027	1893.857893	33.81608925
3206	2643	3001.161403	22.27216015
3221	7298	1775.074353	26.5536902
3224	11589	713.4551726	84
3225	476	935.9289566	58
3225	1897	1028.207226	47
3232	10655	1644.976057	63
3236	2259	1573.14646	118
3255	294	263.3033948	140
3255	5666	369.3941051	120
3255	7151	480.7690934	109
3255	9872	402.535396	123
3257	11398	229.5230857	141
3266	10682	1156.977877	105
3277	5781	302.174643	98
3281	587	4545.261222	43.0647448
3282	3585	556.3841858	88
3285	2915	964.0361478	118
3290	3567	681.6449896	104
3291	13344	1218.850631	116
3296	2282	452.9244927	73
3296	13488	368.736117	69
3307	5541	1091.220219	70
3309	109	1007.657669	40.31678793
3309	12850	987.0735757	41.21271655
3318	5471	6408.122097	92
3319	3731	406.4370708	122
3327	3070	897.0873203	101
3337	4701	1077.608696	108
3337	12573	1115.568088	109
3339	2998	2844.522065	29.63817606
3345	875	675.9166276	101
3358	6235	1378.003333	97
3362	10036	1165.131337	87
3365	2905	379.4820374	155
3372	6020	1288.298779	142
3373	10606	1803.40123	184
3378	220	4560.144994	59
3395	6100	705.9474006	112
3411	211	2402.767662	76
3414	6826	927.8255158	40.31678793
3416	5487	267.1494937	190
3422	8289	938.7421136	83
3442	2865	775.6078426	159
3456	12040	734.586065	124
3459	4699	1215.482201	87
3474	3409	417.516113	122
3489	11865	477.1308038	149
3489	12574	496.8322192	152
3492	9096	1393.886291	108
3498	12613	1161.556216	93
3500	5718	859.7457513	113
3502	13642	643.6830103	69
3514	9107	5040.182905	49
3520	4585	745.9371038	32.36180563
3525	3454	333.9229472	128
3540	8862	5315.057404	32.36180563
3553	8453	1084.686269	168
3559	3370	1446.91071	52
3562	5697	748.2513648	100
3562	11535	741.5927455	101
3565	2889	225.7219267	224
3577	6175	1153.254973	46
3580	10096	306.8326316	89
3581	5418	2255.408575	105
3585	11533	1788.197337	56
3587	10354	4364.670705	61
3608	2555	2175.033453	98
3608	12944	2250.934936	98
3618	5308	546.6140439	113
3626	7297	1522.12433	46
3630	13684	636.62348	85
3646	10481	320.6738197	163
3668	3535	2806.417698	15.66885474
3668	13044	2883.150452	14.66902675
3671	5381	1402.415473	78
3688	10690	3716.769803	25.41173093
3690	2328	1546.343939	50
3690	10635	1556.501073	50
3700	571	1042.920946	37.7441779
3715	2459	1602.146868	52
3724	10127	3714.640674	67
3738	9249	3002.56836	85
3755	1831	1629.110997	29.63817606
3757	4034	1861.991365	60
3766	11734	770.3519769	44.02173913
3773	4614	1954.028789	81
3781	11587	374.7649381	75
3783	859	1194.430614	67
3788	4225	505.4949297	68
3793	5537	4830.056031	27.1437722
3813	294	336.7722124	129
3813	5666	487.6254155	112
3813	7151	399.5201396	111
3813	9872	233.8237269	153
3819	13581	3577.854984	75
3823	3156	2657.400656	76
3847	1046	1041.668293	97
3849	3946	624.3701373	145
3861	8330	640.9921482	109
3861	10483	640.9921482	109
3869	1791	765.4956705	100
3882	5112	1045.394249	54
3888	3610	870.5320383	105
3892	2139	2607.767591	110
3896	13428	1066.486892	75
3899	3058	3481.249686	61
3901	413	734.8959152	126
3911	8640	674.8384837	58
3914	7067	553.269752	88
3924	1927	1164.964179	59
3928	9835	1212.562146	16.73683012
3947	597	1632.031354	40.31678793
3949	3877	2420.803967	83
3951	9360	263.0709041	143
3959	1819	1871.504114	139
3984	12440	207.2707093	162
3994	13395	3983.469547	71
4007	11247	858.7170246	176
4014	3288	529.4697563	128
4014	5496	593.001481	123
4034	2493	300.1654976	144
4036	2721	2053.79761	110
4052	1638	317.1308051	186
4075	3309	245.4034926	170
4082	4249	1832.49008	90
4083	6098	696.1330564	97
4092	13646	187.1700067	164
4099	8010	1189.786394	70
4109	13240	301.6837882	144
4121	13725	755.1208082	74
4125	3448	441.7898331	192
4134	11542	1509.00296	68
4139	9179	1360.424914	107
4144	10450	967.78207	114
4146	8808	2057.140791	73
4149	10000	327.0184373	130
4159	7876	1324.486123	69
4172	1133	2225.894701	37.7441779
4182	7169	1622.930581	63
4194	6143	1960.622058	83
4198	10033	600.834397	104
4217	3548	633.0994547	146
4218	10249	220.3321267	187
4218	10749	200.5899701	204
4220	11420	876.0126949	102
4230	230	731.2472334	65
4230	12743	575.4130226	67
4235	1869	184.0510403	229
4238	13664	379.3926638	131
4254	6419	1140.97826	99
4255	7112	364.497493	126
4255	7480	257.2443197	138
4271	3111	991.009937	92
4273	4384	901.3605496	88
4273	8489	807.8596525	97
4273	13706	774.8046397	92
4278	7160	849.0038481	62
4281	2043	1044.384232	90
4292	9150	4699.73103	72
4300	8132	3730.891038	79
4313	10168	1638.796648	106
4317	5931	1443.889757	76
4325	1895	2390.540651	45
4329	8503	2081.878561	98
4335	11893	1258.09078	47
4335	13208	1264.923514	47
4337	40	1026.340206	53
4351	8137	822.9242905	109
4353	11906	2102.389213	99
4354	5383	2173.890932	67
4354	7231	2148.946507	66
4355	8104	394.2730466	131
4355	9018	392.0578931	128
4368	11896	686.8492468	87
4371	12237	261.2008894	171
4373	3841	1141.854923	93
4378	5787	375.6416136	87
4378	7506	357.6561356	84
4381	6891	708.8298088	127
4393	10766	2267.319737	68
4401	6563	260.4137821	132
4401	9267	230.1402048	140
4401	12640	258.1750308	137
4406	3258	235.3124728	137
4410	9799	742.0679782	88
4417	6193	973.485694	94
4420	1034	3068.738096	36.92365229
4423	1507	408.3478484	105
4425	1297	222.2460704	200
4425	5504	272.4206015	205
4428	9372	345.4382811	48
4445	4987	1419.002032	24.859302
4446	2380	1415.924027	73
4447	1854	1631.166794	67
4448	3317	673.4666117	150
4450	9954	1985.333638	77
4454	2528	1436.311477	81
4459	1738	849.4560296	44.02173913
4460	7329	1460.50603	74
4469	2458	594.1022144	106
4475	3434	880.7621345	174
4479	9613	1216.981984	36.1209642
4484	13988	524.1042731	58
4485	920	1045.203472	104
4493	12726	3916.656634	39.44033602
4495	1709	314.4599087	174
4504	7281	538.4989444	132
4504	11703	767.5079939	114
4509	363	1141.272902	118
4525	6141	3228.290208	66
4528	13066	268.2429342	75
4542	9789	856.1009963	92
4550	2480	4400.986105	80
4550	10573	4230.773883	80
4555	8494	1408.775283	62
4557	4944	1166.589411	124
4559	890	321.1720225	116
4566	13883	4173.856367	63
4569	9829	942.4185909	147
4573	9220	2429.821419	46
4579	12014	878.6722528	69
4585	11507	2149.928359	86
4597	12607	858.8380831	22.27216015
4599	1867	1325.675471	34.5675579
4603	569	3114.30699	88
4631	7397	239.3747927	124
4637	12365	1125.911464	97
4658	1616	304.4339336	220
4658	10496	264.5437224	222
4661	9847	199.5827788	186
4663	10562	601.7915327	101
4666	9979	2483.332375	64
4671	5064	1674.299324	135
4684	9661	570.9983818	108
4686	10960	758.7214762	143
4700	1817	2764.75186	46
4710	7348	4276.685417	80
4716	7967	1001.177722	49
4717	5742	677.0960577	54
4717	5849	627.6244588	53
4717	13169	1147.289061	38.58293741
4718	2703	722.4074123	110
4722	238	2197.499184	90
4730	2189	1518.13758	70
4737	13465	895.3504421	155
4750	962	1770.636514	49
4759	2784	822.9487108	84
4764	7265	498.9029735	136
4764	12816	391.0042056	138
4765	12317	1219.324115	55
4779	9729	372.3206033	151
4781	3413	213.5115455	121
4783	2142	342.279519	197
4787	491	807.5058522	125
4818	7670	1102.563902	91
4827	460	3879.716804	39.44033602
4837	7115	1742.226878	123
4846	10806	881.1677504	57
4858	10415	734.5587708	154
4864	555	472.6155377	127
4867	6836	645.1009697	119
4867	8468	870.4216667	109
4867	11105	633.5975717	119
4873	10046	1417.06855	109
4878	4930	1226.251613	141
4883	8853	3187.180735	80
4885	3474	356.9595698	139
4894	11600	222.4572948	215
4895	7843	910.7223734	50
4895	12755	679.7652117	54
4907	2550	509.8555852	143
4922	9923	464.9604353	102
4924	6140	483.5509148	145
4926	10742	550.204531	131
4927	2658	2449.599008	92
4932	7934	181.4466798	116
4941	3303	1677.970967	62
4947	1131	1367.572015	82
4949	549	612.3442038	89
4949	7595	519.4528696	102
4958	1111	453.7218515	129
4965	12319	2359.928163	104
4972	2921	443.3001704	69
4976	1481	1880.227566	63
4983	13015	376.1096054	151
4988	8499	2337.563245	100
5012	7553	1779.379001	136
5029	4151	538.7530769	86
5029	11490	526.7838726	88
5036	1732	1051.412531	104
5039	2085	224.5308015	262
5047	2971	2030.068776	72
5060	11043	752.4363445	100
5088	9262	981.0735497	34.5675579
5088	13328	907.6175464	43.0647448
5090	12058	256.5578305	161
5092	5928	703.367107	110
5095	570	2708.727025	96
5097	5337	760.8671374	120
5102	6364	309.3403908	70
5103	6215	1312.431843	93
5103	10832	1312.971088	94
5107	3574	279.459409	147
5111	4595	842.2690054	77
5120	8701	858.979308	79
5123	7596	686.231332	111
5124	10839	16297.97635	71
5137	6733	1137.60762	88
5151	8048	874.3577825	97
5153	5745	420.5085881	179
5154	13204	308.2127904	158
5161	12720	1250.266932	133
5165	13649	359.5079453	141
5170	13720	1330.298735	136
5177	10269	1023.930489	127
5179	4230	3282.009915	78
5215	6714	546.6982574	89
5217	7324	3511.979548	79
5222	8700	737.2014549	91
5226	13484	271.2192742	121
5230	3623	603.7166541	102
5234	10045	959.0673792	87
5237	8691	660.1960054	91
5238	7036	1444.22657	71
5239	12525	2675.557808	87
5241	3587	429.9227528	94
5246	8905	267.8694004	163
5253	4248	739.2614983	110
5271	1159	2934.949894	68
5272	10128	1271.965356	193
5310	7118	550.309654	121
5329	13676	330.5868122	162
5332	6127	1080.528024	87
5332	10944	1011.726972	93
5332	13849	977.3821333	94
5336	3875	620.6283769	158
5341	8498	559.4527328	102
5341	12098	761.5304459	100
5342	9245	690.0316235	126
5345	5573	464.3394078	84
5347	12296	1464.473234	107
5364	7609	343.5891044	179
5366	8079	256.7658339	109
5366	8109	252.3631686	109
5375	7931	713.2561336	67
5385	13439	4618.826991	54
5389	7747	1472.514056	77
5397	7484	3113.42932	43.0647448
5410	2010	401.1018831	133
5417	3639	2245.75097	87
5424	11054	488.3360988	131
5424	11526	440.6936865	127
5441	8926	455.2202143	105
5458	8467	442.405784	167
5474	4049	1700.340247	67
5504	13665	1166.463928	134
5506	7403	1437.78194	75
5512	8988	414.4606379	112
5555	5975	1480.104293	58
5558	8060	228.1493892	178
5562	880	346.1707661	143
5564	14021	824.0447322	132
5565	12421	350.7691108	162
5588	1715	2073.931325	49
5592	11833	542.2092463	112
5592	13239	522.9902291	110
5593	8410	1121.150673	74
5596	3579	705.1847776	112
5598	13744	785.874296	115
5605	8685	464.0477085	21.31433096
5606	5107	485.1725665	121
5614	12004	217.8024857	181
5621	538	3091.209102	24.859302
5621	5776	3065.641356	24.859302
5623	13595	1246.415727	55
5630	8439	614.0962292	96
5632	7475	430.4434649	141
5632	10144	442.7326433	151
5635	13829	612.9873268	113
5641	3501	873.706351	62
5641	5065	1225.651444	57
5644	2165	1163.910339	120
5657	7935	2021.321978	39.44033602
5662	8055	381.5719315	165
5663	4880	728.5820935	136
5664	13171	999.7074004	102
5665	8674	472.7510442	66
5667	6843	1098.656232	105
5670	9995	2081.890785	46
5671	2144	935.8780905	121
5681	10523	659.9739941	71
5683	10204	881.8399801	88
5687	711	623.9880736	93
5690	9286	956.3447212	37.7441779
5697	3013	1269.614885	61
5703	1685	187.3362122	189
5713	1998	370.8206921	144
5733	1315	1378.499597	70
5733	4410	1291.077238	74
5734	4690	2896.336901	91
5744	12874	2317.748392	120
5750	6942	187.4231429	166
5754	1531	752.0551679	52
5765	9718	346.2281776	136
5770	4119	1020.573164	55
5772	11357	400.739795	150
5775	747	1026.936978	102
5780	11724	895.7862024	66
5794	5858	441.7987201	91
5828	4598	2691.038043	67
5829	1438	898.8843351	85
5842	12949	1718.718075	52
5857	9844	912.7575206	58
5859	2363	258.5822044	150
5860	2527	248.7536593	197
5864	3716	241.393898	134
5877	4416	1146.692019	126
5878	10465	462.7679151	146
5896	1736	1533.225126	16.01705151
5904	1486	1413.400155	125
5907	2079	190.6767752	131
5912	12513	400.7755645	170
5916	7080	1484.878944	32.36180563
5921	2915	1258.26524	108
5925	7188	522.62328	191
5955	4757	302.1921847	205
5958	276	978.3355889	96
5959	2395	490.5286888	104
5975	5681	2398.459264	103
5984	6987	712.656098	96
6007	5783	271.4336939	130
6008	2853	945.6943235	61
6025	11053	1293.683014	83
6026	7104	4491.006048	59
6028	8959	956.8700865	33.08095687
6029	3086	1492.969411	58
6030	13690	760.623316	133
6031	3906	231.4936402	187
6034	7572	302.4646414	150
6045	11115	209.5262388	206
6063	11296	845.3271081	72
6069	4911	1422.959513	107
6069	10125	1435.168136	102
6075	11623	1574.7431	71
6086	9259	769.4781431	63
6107	12880	608.7361266	147
6113	9346	416.0400798	206
6122	13873	522.240921	83
6130	1840	212.3215973	204
6139	7141	1368.175022	91
6158	1626	209.0312469	138
6159	11510	569.8229892	124
6172	1064	2093.581016	119
6181	11092	506.0891024	138
6185	13260	929.8401543	52
6198	6129	1399.339964	52
6205	5844	483.1400475	165
6216	997	598.6337576	140
6218	10784	1137.733682	101
6223	13127	953.5133886	174
6252	6463	2458.257221	108
6270	1945	1520.739825	70
6270	4972	1118.468096	78
6271	12243	458.9014692	129
6276	13728	242.5062761	207
6277	13818	997.9486487	106
6282	450	2017.253825	80
6284	11209	353.7663658	140
6285	487	2953.273084	76
6286	4945	300.1601513	141
6300	10913	4073.796318	28.99386789
6311	9632	2536.760109	57
6314	2111	620.7152206	83
6316	2448	322.0476433	97
6322	8612	294.6489792	89
6325	449	709.3191041	117
6327	13677	6432.181066	33.81608925
6346	10559	1581.890136	28.36356641
6356	6242	1535.453187	98
6356	7350	1579.862928	104
6356	11709	1281.241626	108
6363	4691	906.3961199	97
6364	6099	1130.697918	108
6365	7768	562.751755	248
6369	11107	1638.641526	131
6370	5470	2635.681565	63
6371	12173	605.9824296	122
6373	757	1471.38396	12.03631207
6377	2622	573.0086725	103
6385	7756	1470.881954	19.09611913
6390	6083	1497.857977	58
6400	13951	367.6288198	102
6413	1121	1572.680553	103
6415	2529	2255.40285	58
6416	9606	955.9397949	112
6416	12408	928.8948878	114
6421	4675	2777.266942	42.1285547
6446	3490	3833.564635	40.31678793
6446	5927	3823.414504	40.31678793
6460	9034	516.653399	156
6465	8533	1017.207179	88
6471	12762	3180.076392	32.36180563
6478	931	891.171628	75
6483	6787	1820.908056	72
6484	1273	1676.400356	51
6485	2995	228.6982045	146
6486	5579	2978.562539	34.5675579
6488	1485	1439.495947	105
6493	9865	1098.526391	7.260242512
6496	1686	894.8425352	104
6531	280	1777.475583	72
6542	10296	333.2145566	141
6551	5875	3111.503304	39.44033602
6555	7426	286.1851389	137
6556	13570	685.7055626	80
6561	2046	2518.281571	40.31678793
6571	3071	694.9669232	68
6571	11891	551.4033293	81
6586	4193	1089.040795	69
6588	4421	861.9269657	99
6596	1796	299.434617	163
6602	121	393.250185	150
6608	13625	2041.260175	54
6622	3819	7094.126069	80
6629	1922	406.8057337	100
6629	8436	406.8057337	100
6631	8281	4339.366493	63
6635	2977	2923.713549	26.5536902
6642	3922	265.190443	108
6642	9381	306.6144631	97
6642	9990	265.190443	108
6643	6591	2110.559388	50
6646	11446	214.5611594	131
6653	13324	646.9109885	102
6663	887	1559.608663	74
6666	5096	485.7493146	116
6668	1527	1698.966701	72
6670	4581	379.2403404	106
6670	8416	410.2162113	108
6674	1542	3571.268646	36.92365229
6675	6907	1591.412637	77
6678	4740	743.5433755	93
6679	12552	2690.813578	85
6681	7084	877.333619	118
6681	9616	1017.94486	113
6686	2242	341.7982125	126
6692	2741	1736.619092	57
6700	11346	783.4745431	119
6702	2974	1460.86135	62
6705	3509	1013.13078	92
6720	5464	182.9798573	182
6728	169	2230.832763	71
6737	1015	1662.889654	79
6742	2187	482.9127863	93
6742	9273	482.9127863	93
6745	2705	1100.257341	72
6750	926	474.4054477	117
6750	11460	444.7477408	128
6759	8563	357.3396159	173
6777	5827	1424.115094	83
6794	10911	1552.782145	109
6795	6743	1349.932891	8.848282679
6806	3924	3727.063771	33.81608925
6808	4552	1900.558588	71
6808	8826	2049.085853	69
6818	3833	1027.330921	81
6825	5277	421.3431739	116
6827	9264	1968.44194	78
6834	12810	267.619658	179
6839	6677	5096.989105	61
6841	9815	941.9113537	93
6844	4918	1991.840938	102
6845	11169	295.4606636	309
6846	1616	266.564427	212
6846	10496	276.0808815	222
6848	9784	2539.971327	71
6851	1420	1226.522415	168
6866	1354	2004.574228	82
6892	10693	1437.654723	90
6894	1	1481.558402	23.79021103
6908	5279	243.7507017	130
6911	11780	649.4753072	51
6942	12424	1490.95614	98
6948	5007	433.6038483	105
6965	502	1875.53267	49
6975	13135	889.479717	116
6987	11461	275.2735066	229
6989	1241	1100.487082	66
7001	7932	535.5137022	130
7023	2757	446.7989868	147
7035	5914	477.1802941	107
7035	8158	466.2862795	109
7036	4663	184.278125	154
7047	12402	977.6750665	46
7050	11288	215.1413844	189
7067	8950	1042.994535	145
7072	2946	1013.903626	129
7072	4259	637.1358429	133
7084	12193	440.4889305	42.1285547
7092	4566	605.1202278	86
7093	2162	198.0164829	187
7095	7249	603.0683422	123
7097	11432	1400.297863	65
7098	13108	372.51846	125
7101	7037	229.4422334	179
7105	12266	1057.396429	107
7117	13505	562.0861653	143
7140	1865	486.2081822	34.5675579
7153	3447	1989.238264	91
7160	7750	1054.461426	120
7175	8177	1706.998969	79
7178	13090	3038.797092	43.0647448
7181	11961	298.7946651	197
7195	13680	1767.427135	111
7198	13302	1043.210442	19.09611913
7204	3213	879.6227778	87
7208	13097	558.7293592	94
7214	1577	1021.516504	102
7227	7542	290.7784726	140
7230	11881	2320.224999	92
7237	12658	192.2716886	147
7243	6000	1583.414269	69
7244	13769	1933.89432	117
7259	615	1734.115137	69
7275	13681	867.0942776	111
7280	8876	274.3578791	154
7281	3010	1797.031783	91
7290	13991	2312.673399	68
7324	11898	368.2797494	76
7328	12222	1640.750559	73
7329	12085	687.1265414	121
7331	5271	661.0441326	101
7332	13621	988.0772902	57
7333	8874	895.2028232	121
7336	7790	1328.353275	102
7337	5285	5090.561348	63
7340	1523	1074.726325	97
7342	3629	479.107463	129
7349	213	359.6798713	136
7353	11640	1124.609588	124
7375	8111	341.8059482	139
7376	5649	4317.361948	49
7379	4376	1362.952504	44.02173913
7382	7909	459.9395025	77
7383	7158	1140.595328	110
7389	8327	4185.779718	64
7413	10223	725.2487349	111
7418	3001	373.6322511	144
7422	2210	1424.339585	81
7422	9675	1276.614139	76
7435	7169	1497.592862	68
7438	2461	902.6373936	82
7441	9861	3499.453484	54
7444	4264	473.9709111	156
7458	9256	2111.384834	12.57720313
7462	12662	2241.699919	74
7463	549	770.7542835	86
7463	7595	674.19818	97
7473	10576	390.5780519	110
7482	162	207.2023425	255
7483	495	720.4237305	179
7487	11586	302.5947004	133
7495	7394	850.1009828	82
7502	5154	481.0645537	108
7512	10447	2451.829012	86
7552	1139	202.4500394	176
7555	7117	1871.541706	123
7559	9770	228.6828982	238
7563	9191	707.3799271	74
7572	2345	989.2580616	91
7584	974	204.4909354	199
7589	13259	2499.638577	67
7597	7636	348.3908235	113
7597	11792	491.1476069	105
7602	6974	1230.324795	73
7605	10408	833.7109433	50
7615	11257	368.9591805	126
7617	13243	1238.848647	91
7618	7726	2953.121865	34.5675579
7627	8545	739.3356221	119
7628	2346	582.4943557	104
7633	11351	643.6573509	87
7637	3027	607.390691	66
7641	215	307.5845213	189
7641	328	318.9606307	196
7641	1395	257.0656593	210
7641	6990	290.1492862	191
7644	4826	513.2882741	171
7650	2323	810.8328629	127
7650	6477	814.7050201	125
7651	455	429.5414747	121
7651	3212	343.8848079	110
7651	5174	423.5913918	125
7659	1754	487.0445262	171
7664	11883	347.5407898	131
7670	10401	3212.234146	68
7682	659	798.0398399	116
7686	4371	424.650791	146
7687	948	403.9169739	96
7695	12246	2279.078839	64
7700	11858	516.8611795	111
7702	11744	638.6621186	123
7708	6912	450.4857376	134
7709	6771	3020.818654	63
7711	1370	513.9535607	127
7716	7118	542.6735127	124
7721	12175	2477.082927	42.1285547
7725	6948	2136.147883	56
7729	10970	2523.042453	72
7734	2815	617.8265554	81
7735	5740	1224.981758	57
7737	6120	731.1036125	102
7745	8585	660.1440948	115
7751	5939	1337.318021	23.79021103
7754	4018	793.5593064	77
7764	2369	2309.986641	56
7764	7690	2192.647254	55
7771	184	802.4304374	145
7771	197	913.8272141	129
7776	859	991.8972907	78
7778	3276	1394.724122	109
7779	11961	266.4103839	217
7786	7090	213.6240903	242
7787	3207	601.3251395	94
7787	11204	679.4316539	99
7794	9500	239.8390404	182
7796	2870	377.0684901	141
7804	4960	702.7058527	110
7804	8894	775.1515919	111
7812	1616	310.5090957	199
7812	10496	269.9592362	205
7815	12864	586.473877	127
7816	7962	783.8965973	104
7821	3311	1708.088894	130
7836	5705	187.4839925	217
7837	9035	222.6405067	192
7846	8717	340.5739334	125
7850	2121	929.0497843	63
7850	8361	966.0557391	74
7853	3973	4219.960948	62
7853	6560	4214.536554	62
7853	12361	3985.519593	64
7885	6659	829.7586856	111
7899	3426	461.3824195	152
7905	11401	309.0699379	108
7906	4390	993.0336155	124
7924	13550	810.1491078	91
7928	2613	2057.62413	70
7928	2668	2052.576115	68
7931	1558	320.8819589	146
7937	2607	278.0141583	157
7938	10243	192.3586012	176
7959	7627	1468.295381	146
7963	11681	2372.966115	74
7967	4872	868.1758668	115
7967	9154	761.9841579	123
7967	10764	806.4031371	127
7968	2398	402.0120654	118
7969	6953	663.4641973	66
7973	6317	1645.103635	80
7975	1031	567.9035424	85
7979	3120	849.59028	88
7982	1227	1464.353866	70
8007	2202	2491.883812	126
8013	1186	233.8016351	135
8028	7132	310.8979814	137
8048	9815	973.8464077	96
8072	2309	739.7288328	35.33572585
8080	7869	1395.545015	93
8082	3877	2334.57927	89
8085	12671	953.6172881	74
8086	1228	220.5033441	130
8088	5883	940.2040666	104
8092	6242	1586.003102	102
8092	7350	1571.195708	100
8092	11709	1374.40226	98
8093	4949	537.3559009	148
8098	1423	1832.590249	108
8111	6343	2037.217527	80
8137	6958	918.6074561	150
8151	7852	769.4799258	96
8156	13228	2749.032286	36.92365229
8160	6106	1275.221725	39.44033602
8166	9931	1970.661337	69
8188	2543	343.9412786	135
8202	3583	1428.383558	52
8202	7972	1428.383558	52
8203	257	824.5308214	85
8206	929	1702.137835	83
8211	11363	1698.502684	11.77465311
8232	6277	612.5576316	74
8247	8937	2204.012056	54
8247	12666	2074.256496	56
8254	5816	392.1861891	135
8260	5664	2058.173087	56
8278	12877	416.0579636	112
8278	12905	375.4201146	117
8295	7842	925.3117381	64
8304	2173	805.541203	79
8304	4461	813.7767901	78
8305	1727	296.3900541	110
8306	5693	378.8757189	135
8312	12951	1520.850854	93
8320	11475	880.2672008	93
8324	6809	352.6904292	114
8330	9401	537.15229	101
8339	13451	1743.669514	88
8340	6563	307.4751307	138
8340	9267	256.8109397	136
8340	12640	347.1043208	134
8349	4869	372.7847852	105
8357	12572	2386.18455	53
8359	13912	343.7442484	101
8362	4428	993.2614232	105
8362	8939	937.0306454	106
8365	6562	1400.614817	44.02173913
8379	13618	357.0144247	141
8409	830	1390.459229	97
8413	12615	1714.583333	131
8418	593	259.3679902	113
8428	11007	521.1217579	104
8431	7828	592.1328131	47
8444	9891	200.0590425	271
8466	13092	483.2653493	85
8471	3146	1028.392325	58
8471	10008	1261.218487	66
8483	3937	1394.107665	107
8490	11075	862.3865944	94
8490	11668	1207.087944	93
8507	516	642.5182651	131
8508	5367	725.023718	123
8513	12522	309.4013865	191
8521	10054	914.0103223	82
8530	3396	1408.709609	116
8531	13463	3521.264395	33.81608925
8555	9708	1562.829715	70
8558	8785	694.1569902	91
8569	5596	1699.46583	69
8569	8520	2066.254086	63
8585	5531	1147.8932	120
8612	10397	2782.608155	61
8613	8364	1262.575403	128
8616	10674	1225.296443	29.63817606
8618	6549	219.6498392	86
8624	1606	3287.950727	26.5536902
8664	261	895.7231691	117
8672	7817	192.0134546	128
8678	12303	254.3125063	111
8682	2762	1049.307399	61
8683	9832	537.7580447	122
8694	9551	736.8022801	110
8697	7891	2339.105148	58
8697	13742	2175.974027	58
8706	7713	226.9532936	142
8706	9629	222.9801219	142
8708	9458	749.3284064	56
8708	9743	749.3284064	56
8711	13666	474.8788991	172
8718	11229	883.3643287	94
8722	1023	5615.929648	53
8734	12021	651.3292015	72
8743	3036	1327.054123	61
8743	11298	1510.120412	63
8749	11536	429.1859394	137
8753	2786	369.2132904	135
8758	5241	2138.25194	48
8767	11637	1117.32009	87
8773	8386	2812.980297	35.33572585
8778	3874	1414.356147	27.1437722
8780	2857	681.1817503	120
8832	11728	1587.099608	69
8835	13836	278.5111381	73
8837	1439	1326.70393	76
8841	9742	1670.267041	58
8852	2109	290.3183557	210
8852	12836	252.230566	206
8855	2224	704.6279649	123
8855	3104	912.6694002	109
8861	4711	556.8944158	92
8888	88	1151.75495	113
8894	4514	1597.299783	117
8894	13694	1471.381525	118
8899	4983	507.8830169	92
8910	8992	363.1855647	194
8913	3186	1430.284839	81
8913	4366	862.8035299	87
8929	7349	207.1944956	119
8932	1842	1549.300496	75
8935	4318	1318.110333	33.81608925
8937	10898	511.7970923	99
8938	4129	1002.723002	27.1437722
8938	9781	1005.522776	29.63817606
8941	6444	468.4741328	122
8953	12829	550.9681171	117
8955	11655	608.1483821	101
8967	10972	470.9115461	93
8970	13322	1854.30244	62
8987	4514	1414.443439	127
8987	13694	1258.910332	120
8996	4471	592.2105921	68
8997	12611	815.7012126	95
9005	2765	1887.889026	66
9005	4578	1888.435273	66
9015	1392	345.5978349	140
9016	7615	1399.14614	119
9026	269	973.0522316	99
9027	1719	624.9913353	109
9028	3277	1036.035454	33.81608925
9040	387	498.3384188	198
9050	3025	1340.550659	63
9054	5584	1013.607372	78
9055	174	474.1839198	54
9055	11426	467.0121968	56
9069	13253	547.4830544	161
9073	9831	364.6656215	127
9081	4351	1658.687039	57
9084	4708	194.0241504	191
9084	9462	216.2672429	194
9089	7840	741.5840354	120
9090	8104	402.3891106	140
9090	9018	402.9399358	140
9091	3364	1707.30109	79
9094	7211	287.9269306	170
9098	2870	225.2491722	151
9102	2535	200.7133815	236
9106	8261	812.500757	156
9117	2191	688.6571486	83
9123	8307	361.4856592	96
9128	2362	1095.57436	28.36356641
9133	12544	352.0824748	182
9151	4684	371.9887679	134
9152	259	3120.595142	61
9153	8827	1509.669873	81
9162	7086	547.0408328	113
9165	4607	1278.205805	95
9171	457	1586.263511	131
9180	12537	886.9173538	71
9183	798	237.4702656	227
9184	13600	2071.873972	61
9187	11751	803.7472823	62
9193	1991	8514.691251	70
9198	10656	186.6987536	162
9206	7623	2422.487674	49
9212	1244	554.7444824	135
9212	1746	437.9685697	140
9223	6603	3892.599557	90
9247	13726	1148.966728	60
9254	8483	1408.288391	88
9263	8825	1079.327139	117
9276	3030	328.6745349	150
9284	272	274.7200841	106
9284	1384	260.7866691	94
9285	9680	311.0268634	137
9305	11981	266.5972592	165
9308	4744	1146.167769	70
9309	2337	237.0074789	182
9311	12141	292.426931	139
9313	801	1010.669586	98
9319	5660	1671.609035	82
9319	7113	1469.176882	80
9319	8007	1297.661767	85
9322	7744	404.2364615	143
9334	4998	302.6222417	164
9349	3369	821.0163682	103
9350	368	1204.147834	116
9364	11113	1786.084026	58
9367	7110	210.2062671	153
9368	1912	3122.014246	108
9408	6239	993.7303953	115
9412	3623	572.6733234	105
9420	9615	2364.618582	77
9421	5129	430.7945713	115
9422	3482	629.7246597	123
9427	7007	447.2383919	109
9431	1277	1200.180265	55
9431	3273	1574.690144	55
9442	9182	2523.663055	100
9448	5754	483.9983034	116
9448	7725	488.943813	115
9461	9194	433.8090664	155
9470	11290	378.6452855	141
9477	7494	4303.517367	147
9495	7770	503.7051133	127
9532	8254	2865.546239	97
9546	8323	4875.418849	30.2968022
9568	12117	7587.218207	60
9573	4769	216.8926485	228
9576	12764	517.7162289	115
9582	13284	720.3537371	99
9593	1052	1064.419812	181
9601	6994	2449.766497	24.31888239
9602	3034	2628.821935	55
9608	5416	561.174716	144
9611	10050	800.4160645	107
9613	1238	487.3365717	114
9614	4863	3212.226022	89
9644	5389	1626.494008	82
9648	7844	1232.761708	65
9662	817	1368.774025	9.661404388
9667	10280	328.3879425	101
9668	1390	2408.479468	42.1285547
9669	7281	777.5445302	122
9669	11703	881.3317159	109
9670	5003	1086.175418	91
9672	11719	2571.214282	39.44033602
9677	9916	2350.996748	50
9677	10555	2809.866833	47
9679	9653	2154.645757	51
9681	13198	205.9920793	192
9702	5926	564.4926499	154
9713	2210	1208.720222	93
9713	9675	965.7391302	96
9718	8276	609.8082831	122
9718	12465	587.9010706	123
9718	12830	642.7406926	115
9723	4848	363.3903961	179
9733	13227	1536.231556	66
9735	2797	193.1019709	178
9737	7492	279.4983684	93
9769	13622	997.7881632	152
9772	8212	885.0292859	71
9773	4384	815.3365705	100
9773	8489	718.8300598	105
9773	13706	766.2569671	95
9793	7751	366.550409	108
9799	13610	782.8208284	97
9806	7419	2652.851555	93
9807	1493	4149.986337	16.37298599
9807	11805	4136.525496	17.10875968
9812	4549	668.2883092	100
9812	4968	615.8759127	98
9813	4885	1938.518525	115
