6	26253	2505.419387	82
11	9724	1601.249459	61
26	10247	257.9534952	166
28	20912	326.5635359	110
29	6265	1035.858206	57
42	6874	770.2722586	92
45	26300	650.1227821	97
48	9513	825.092224	100
49	10744	485.8246317	119
49	12927	468.2570089	136
51	17053	397.996618	123
88	5123	191.9246096	204
88	9302	183.7161257	208
107	24300	219.1506689	147
114	24922	1611.619147	85
132	3332	400.1617657	135
136	23141	1901.376283	22.27216015
139	20452	896.2564361	126
143	12	1090.070246	74
150	11515	243.665799	149
152	22451	1340.973669	140
168	23414	1280.63064	74
172	27495	1240.675079	94
177	19103	1615.601062	67
198	21090	1416.99474	60
200	14123	1537.440342	41.21271655
201	25639	416.544025	108
211	24707	765.134032	109
215	2842	377.1703466	166
215	19768	365.275459	171
242	1936	417.8216106	116
265	3878	509.4165082	141
265	7542	583.4815728	133
265	23166	603.5033911	139
286	12598	2407.037275	56
294	25491	275.8531955	150
296	20852	513.6960704	148
296	24354	376.9500695	158
301	5634	872.0166568	131
301	7451	809.0697483	126
301	9813	832.887585	125
301	10191	1042.511209	118
301	10299	938.5088443	121
301	27993	1022.113789	129
307	23016	1332.889471	49
309	16012	756.4738498	69
316	16548	465.0071959	82
324	13295	1327.255169	107
335	681	1105.421742	35.33572585
336	249	1118.525631	120
336	2376	568.1929472	124
336	17945	1118.799229	113
336	23337	919.5502383	119
339	17685	616.1732429	63
342	9998	1500.544919	140
349	12969	189.039474	237
364	13320	3145.538179	26.5536902
379	26343	189.0935461	302
381	6484	903.4663664	134
388	5286	195.8507645	127
388	12419	190.623161	142
390	21958	423.7600935	170
416	16327	1747.023088	104
418	1091	277.087689	195
418	2271	297.1627261	198
418	4431	265.1685161	222
418	4512	349.7389377	180
418	4767	254.4511606	196
418	5381	327.8505059	196
418	8053	271.2724994	196
418	8549	240.0752082	201
418	10755	254.6287803	196
418	13896	329.4299685	179
418	14542	254.8387025	196
418	17330	236.2662578	199
418	18516	233.2688558	213
418	18771	309.8291243	206
418	19393	313.5888496	171
418	22932	285.7987189	193
418	22954	228.6828359	215
418	23743	281.9571542	191
418	27271	241.0813162	204
418	27411	266.6438433	201
423	3546	989.4400359	102
432	7534	1446.876238	105
437	12603	2791.821245	36.92365229
437	18724	2988.639925	32.36180563
440	16471	875.8755959	97
444	12930	1349.758373	55
465	16696	997.7357548	80
475	8454	1653.727037	65
477	5702	2714.955326	44.02173913
481	350	610.9155768	107
513	12145	2177.172544	68
519	2632	232.9373649	146
519	3284	268.8224972	139
519	10448	245.9189877	141
519	11481	278.4178767	132
519	16668	273.5219096	133
519	19723	254.424173	140
519	21509	322.8361031	128
519	22835	257.9055286	139
521	11414	568.2322209	158
537	19143	205.956884	274
541	19290	337.7302519	74
561	20325	3018.834974	60
566	28222	511.7160326	123
572	20399	406.9850765	183
574	4156	296.9813867	161
577	6222	245.38133	133
577	8509	247.4521912	136
577	19019	261.4805464	135
577	23361	244.1187818	139
582	7348	1487.362227	71
602	26795	221.8869161	137
608	11668	814.2321366	117
609	2577	727.1788311	92
617	2509	1104.023044	88
617	11336	1052.992567	86
617	15907	984.5357669	89
617	16630	992.8853083	91
617	17302	1219.284294	79
617	17442	1035.909888	88
624	13308	886.6387371	48
638	20591	1747.449286	55
660	11328	242.2887641	124
660	20988	262.1526837	114
660	22247	278.335655	101
672	9981	895.1419324	88
675	6412	790.816556	94
679	19773	769.7211115	107
683	15162	197.7842131	222
687	3361	299.6326973	74
698	5139	1159.368212	79
701	12726	310.6709852	135
705	59	830.6880242	94
706	12790	686.1939753	101
706	25673	726.751553	109
711	16577	421.6964318	120
711	28150	503.9451577	123
717	5005	473.1559895	140
727	167	266.4006964	178
727	679	332.9715521	167
727	15723	241.5058259	175
727	15807	241.3408843	181
731	23875	3064.089187	36.1209642
745	19343	3140.739239	63
748	2675	247.8143595	109
777	12356	451.0855271	125
782	17003	1183.916441	116
784	12415	723.6029015	129
800	5112	351.9211052	130
800	14346	410.5392619	141
812	3450	364.7607116	95
827	5385	198.8154236	144
838	9800	1276.222641	98
842	6731	1445.400189	72
858	12431	1318.198534	57
900	12792	703.8928646	88
905	7106	2091.796199	64
912	21441	212.2076044	153
922	21204	1691.640159	71
942	13007	849.1747845	134
947	26471	1483.878678	30.2968022
960	16052	1127.199983	144
960	25000	1124.246596	143
960	26263	994.0983153	154
960	26453	1093.201746	145
976	25729	227.4825715	63
982	5934	562.7329107	112
983	16278	338.9879874	126
983	26057	354.4216903	126
991	72	506.7469551	48
1001	11399	964.1154541	78
1010	15346	777.9689791	59
1014	17415	636.582179	121
1019	4697	615.9098201	168
1028	20676	1583.979746	110
1065	8398	213.8638803	152
1086	1951	383.4246362	155
1093	24483	429.1575834	73
1097	24835	663.1039179	117
1098	20824	1060.836804	30.97006447
1102	11732	1250.689607	128
1105	4955	205.015944	174
1112	2330	463.7497612	129
1112	27124	368.4259444	147
1117	22327	2307.532028	63
1124	22641	409.0748336	161
1128	24251	307.4410474	149
1130	1337	495.0225071	166
1144	19778	669.594533	153
1144	23249	674.8371344	132
1145	24827	433.4529231	175
1153	12594	229.4259351	151
1196	2883	989.6658523	145
1214	22345	930.7290366	91
1215	26997	1669.005696	68
1220	5518	240.7536	173
1234	2187	386.6847479	177
1249	15279	653.4580659	81
1267	2347	1229.740594	98
1267	9211	1184.495378	100
1267	13616	1022.428076	86
1267	23120	1176.598871	100
1269	2353	962.9816843	98
1277	5857	630.7081077	113
1281	14877	1252.461606	79
1282	3697	409.3567844	53
1297	11042	1392.029862	121
1299	12723	458.9698811	125
1311	15	288.1368691	161
1312	7515	242.3979346	127
1327	4571	280.2679499	154
1327	6007	320.3036456	158
1327	7440	368.3702516	130
1327	14734	297.6067336	157
1327	19052	279.6513634	148
1327	22140	285.5218632	155
1340	15083	316.0143623	122
1365	25928	259.9583628	149
1389	1011	342.8939346	69
1391	10315	940.0587145	91
1397	21390	1210.943085	106
1398	5847	2106.703014	96
1401	983	591.5958329	154
1401	14484	595.5128893	154
1403	459	863.7618093	149
1403	4877	878.0450122	143
1403	5318	841.6353016	157
1403	7719	886.2853903	148
1403	9480	852.2093822	155
1403	27538	887.0785089	156
1415	1414	251.0095408	175
1428	28234	947.7319471	98
1432	21845	1082.151433	118
1433	14268	452.1761459	86
1439	10087	1449.140269	69
1440	7189	436.6819807	164
1441	2895	3269.389855	17.87759777
1443	15767	761.0666276	99
1443	26133	813.8367322	91
1444	15370	572.4902624	54
1446	233	1322.032294	74
1461	15600	193.7070184	141
1476	10403	890.8964348	133
1477	3932	576.8441159	156
1477	6233	632.6553029	150
1477	8122	645.206171	154
1477	13636	603.5436247	159
1477	17522	592.1834012	160
1477	17887	693.6625729	154
1477	21901	693.8056988	141
1477	25669	581.3176104	157
1478	28161	1661.909482	47
1483	5068	1094.256949	49
1496	5682	619.9577083	123
1499	19180	296.0674552	90
1502	18888	917.4464838	130
1507	22592	262.4196874	134
1508	12540	1274.867136	88
1518	10643	395.3543094	117
1518	15782	425.6668001	116
1519	13470	597.0405912	108
1521	23132	483.2286504	153
1522	16933	236.718305	153
1529	22145	556.8005715	105
1532	11524	204.7910793	149
1540	26130	1094.375004	85
1556	28097	721.9090163	184
1570	15397	1229.543134	100
1576	25279	907.3955206	125
1578	11696	891.3912176	91
1578	22340	889.8871865	94
1578	25557	883.7702231	95
1586	25597	400.8924038	117
1596	7543	321.5165377	147
1600	4943	623.7792813	142
1602	15318	1430.99989	122
1611	20429	2342.528482	105
1616	2999	1954.035774	91
1626	14567	1425.350009	71
1630	13681	1677.01843	76
1631	18894	707.3247278	47
1631	19374	733.7861018	44.02173913
1666	12998	3865.385178	38.58293741
1691	21746	1020.519556	84
1750	5829	553.0525204	106
1755	2082	206.8557944	216
1765	19506	436.5067352	109
1770	1091	276.5876843	181
1770	2271	324.9795652	184
1770	4431	381.6965447	175
1770	4512	345.2125257	184
1770	4767	232.0474962	201
1770	5381	385.9524983	188
1770	8053	262.8872953	215
1770	8549	375.4505768	170
1770	10755	318.7357284	184
1770	13896	251.5101893	175
1770	14542	309.6524581	183
1770	17330	273.4647735	202
1770	18516	305.3291415	204
1770	18771	433.0569788	176
1770	19393	270.892825	191
1770	22932	232.9210022	213
1770	22954	326.8629499	187
1770	23743	299.4406996	192
1770	27271	276.429215	203
1770	27411	309.8040909	169
1781	16684	1867.685147	71
1785	16024	848.1644391	74
1786	1280	519.9626281	135
1788	4139	1153.987637	50
1792	18676	198.6957644	161
1813	21310	2711.068811	44.02173913
1821	23250	277.7927055	168
1825	1048	2078.282735	32.36180563
1833	9159	663.3539542	101
1839	18188	3710.364245	58
1852	17479	212.2652313	241
1875	6144	3087.255798	141
1883	9976	1473.131289	79
1883	24289	1580.277329	79
1890	18307	185.0374429	212
1893	19919	183.3166347	204
1893	21035	202.2607916	183
1895	20270	5660.2502	30.97006447
1902	495	333.4234964	151
1902	26148	382.8266803	139
1913	11386	485.0486947	106
1916	24124	223.6912031	164
1920	17689	225.3180971	150
1920	21899	287.5144496	151
1923	7567	624.4745773	95
1927	6595	266.9055604	165
1927	8164	300.9338474	168
1927	20776	243.117746	167
1929	17859	795.916177	71
1937	5768	942.0283438	104
1937	23599	847.6612545	108
1941	26820	436.4515355	143
1950	8049	371.330626	133
1953	4571	403.9099575	133
1953	6007	472.8094611	123
1953	7440	671.3214445	106
1953	14734	529.4423871	121
1953	19052	403.7071899	138
1953	22140	460.511491	124
1955	11664	2792.799467	50
1965	21849	2256.299295	34.5675579
1977	3249	326.2927251	127
2012	23227	1064.466551	106
2014	10421	338.0675717	115
2020	23574	1796.256664	61
2031	25190	211.0127945	239
2041	13905	731.8509396	94
2061	925	2822.713904	67
2068	1206	999.8766561	105
2093	22783	935.3037865	84
2098	3932	688.5974224	157
2098	6233	652.4192525	155
2098	8122	706.1812494	146
2098	13636	609.1682739	162
2098	17522	641.9032993	158
2098	17887	679.3475818	156
2098	21901	688.3175032	147
2098	25669	689.1863598	157
2100	10264	313.7902965	147
2107	17967	702.5879945	101
2107	25874	650.8367967	89
2110	3867	811.1975128	79
2112	1754	620.8175024	100
2116	1091	340.5457481	184
2116	2271	367.2304849	189
2116	4431	347.2234796	193
2116	4512	367.7130978	170
2116	4767	220.5783061	215
2116	5381	364.537669	193
2116	8053	218.5179062	227
2116	8549	275.1698411	197
2116	10755	317.2573157	184
2116	13896	260.0431787	201
2116	14542	333.3928636	185
2116	17330	264.1544391	205
2116	18516	215.3987481	228
2116	18771	384.0166181	189
2116	19393	255.6400925	201
2116	22932	209.9904207	220
2116	22954	290.5349118	196
2116	23743	353.9132825	173
2116	27271	268.4380922	204
2116	27411	342.5891156	179
2128	15854	404.4172258	132
2139	4508	678.8951564	115
2139	8146	649.7873059	129
2139	12596	631.8408131	127
2139	22726	707.6439927	125
2143	9731	937.1186193	111
2143	25012	705.8985534	109
2177	23510	574.8829727	68
2194	15484	946.9211493	111
2210	22599	435.4632416	84
2240	24122	985.360759	69
2243	8648	752.9157807	174
2269	26225	588.92334	151
2273	21503	704.6396215	124
2276	15129	1719.484278	84
2282	19338	2305.32443	97
2290	5249	1882.466739	81
2296	13761	3150.545792	19.95426572
2297	14860	1128.662222	83
2299	5906	524.4238763	93
2310	3536	996.2293401	87
2318	25492	1250.141232	124
2331	2030	468.1036792	106
2331	5404	468.0970723	89
2331	5728	407.3469531	98
2331	10585	445.0175809	122
2331	11568	437.9528436	99
2331	15420	425.163571	105
2331	15785	454.3961324	117
2331	17349	456.9014142	96
2331	19663	329.616417	107
2331	20161	417.9904316	100
2331	22023	443.4866821	99
2331	27349	412.2646061	104
2331	27501	447.4296016	106
2331	27766	396.6251577	106
2332	15487	833.0137157	106
2376	27557	1046.254362	79
2378	26143	260.0875336	163
2383	20859	739.751962	55
2385	24477	1200.281629	128
2390	26613	356.5130829	297
2395	15290	626.1354823	96
2408	14316	613.9286476	51
2409	1700	822.2683084	63
2438	3110	226.355442	158
2439	13131	991.9535257	93
2451	18905	795.4356548	146
2456	8332	204.0052555	190
2457	20031	753.6109028	59
2462	27002	702.8857991	91
2466	7467	1059.250211	103
2469	11537	747.7989399	108
2469	16001	718.1245405	117
2469	19489	756.0826381	108
2469	23425	751.5485449	108
2487	1142	1996.500168	108
2506	1692	2144.552602	58
2524	9976	1385.127686	83
2524	24289	1485.229536	81
2537	10669	1739.522642	62
2543	17403	1476.630973	54
2551	27213	2117.29208	78
2552	2339	868.6011636	66
2572	17179	4297.92199	40.31678793
2572	20741	4275.608822	40.31678793
2573	5963	2151.275841	87
2574	26337	1480.444998	19.95426572
2603	13597	462.8091628	71
2605	25134	1492.1719	109
2634	4660	2531.405805	69
2635	5479	814.0624663	51
2637	20690	938.5361771	87
2641	2100	264.7097906	172
2641	2885	244.899331	167
2641	6822	264.7941865	179
2641	18136	184.9670753	202
2641	21117	200.4123571	185
2648	24731	425.4540796	148
2688	214	1876.905212	125
2688	14088	1871.290545	124
2694	25139	672.8693967	128
2701	20226	872.9439299	123
2707	7111	1584.011882	77
2707	21666	1305.983563	76
2707	24512	1149.70002	87
2709	10318	320.0197944	141
2711	12995	250.12027	114
2715	24968	5788.174899	70
2728	17987	466.5940538	125
2738	24270	4564.14511	64
2752	23185	1009.48265	104
2753	5039	1633.715114	26.5536902
2793	1161	212.8144048	176
2794	3464	585.1560988	135
2801	6071	196.6581613	172
2811	25587	256.62834	178
2812	2273	1761.837156	61
2812	11622	1699.307655	57
2813	22383	457.7520197	144
2827	12780	2958.150111	11.26827626
2829	16526	713.2944408	84
2835	12126	1052.880914	81
2852	1829	262.1496141	106
2855	19079	417.5810659	49
2877	2851	1440.533475	94
2888	8939	1257.987038	91
2892	28040	1230.348334	25.97643606
2893	21212	2237.154482	170
2893	21255	1315.932668	163
2911	1341	535.9081729	165
2913	8295	554.901535	57
2924	11360	303.2721493	165
2924	22852	289.006116	160
2924	25189	332.4122567	186
2926	4000	343.9239615	146
2926	10808	317.4469718	130
2926	24795	296.4991973	137
2941	5415	221.6844985	150
2962	7004	330.6343878	116
2962	8992	296.9866362	119
2962	10972	360.4420267	109
2962	18427	250.0632118	124
2962	18484	322.9859803	121
2962	21945	393.0235681	98
2965	27191	221.7684793	228
2973	26517	2511.205103	29.63817606
2992	20255	719.4149225	137
2995	9886	1499.165211	116
2999	11537	697.5574089	130
2999	16001	605.1144786	124
2999	19489	612.218963	132
2999	23425	662.8210246	118
3000	13532	384.5020722	140
3001	13586	324.1971065	156
3008	26476	303.4477507	201
3013	1166	1083.36665	130
3013	4384	1054.53056	134
3017	3394	266.6097556	113
3047	12132	3340.495923	62
3059	24821	463.9379448	114
3061	17223	826.1302291	112
3064	13215	1558.563294	101
3067	11734	1187.941907	125
3074	17399	1584.908744	43.0647448
3079	2347	938.0214469	112
3079	9211	1008.928649	112
3079	13616	806.8325088	104
3079	23120	1021.142945	110
3084	6060	2077.245095	78
3085	28381	245.5273911	165
3103	6120	237.6424323	128
3114	25279	1706.36754	114
3116	23023	290.4372549	153
3127	18234	398.682346	103
3127	19993	439.2104927	94
3134	7926	1736.364558	115
3139	3866	362.363309	100
3140	26584	253.5333235	152
3150	10935	967.448026	92
3150	18690	930.2377226	92
3174	27444	1606.091344	70
3175	4774	2160.879477	46
3177	15025	1041.493844	100
3180	3296	1141.495228	88
3185	16728	495.2573755	105
3189	26745	2924.273944	28.36356641
3193	19778	578.420482	134
3193	23249	559.4030853	138
3196	1163	211.3660691	165
3208	17432	3275.289734	122
3213	24751	450.5661802	98
3215	24124	239.0296122	173
3225	10586	181.9528425	125
3225	11388	231.5159014	106
3229	17741	1801.615144	68
3230	18813	258.3557741	139
3241	21257	1106.609589	72
3265	26624	2028.867546	91
3266	15738	239.0141929	172
3274	4901	1625.448761	77
3274	20955	1561.090605	82
3274	21691	1651.57637	75
3279	409	315.0821405	69
3281	6397	717.455175	95
3289	19421	228.8605105	145
3298	16677	1251.424135	76
3308	5478	312.972299	188
3308	15588	233.7863399	177
3308	26313	270.961744	177
3309	27114	1653.592976	84
3329	10293	1496.278555	67
3329	18810	1404.058413	70
3341	6805	1096.601455	64
3343	4699	235.5297224	199
3346	17324	263.2577262	126
3366	13674	591.5764193	36.1209642
3390	1257	1004.624397	42.1285547
3390	11785	1054.493847	38.58293741
3397	16147	543.2416609	153
3398	30	245.6915697	157
3398	14796	223.5299975	140
3398	15704	255.5377241	151
3404	27678	665.621652	143
3420	16591	826.3842429	93
3446	1645	216.2527481	109
3446	25642	214.902556	120
3453	67	403.9313241	164
3458	4368	750.1159263	57
3458	14175	694.5800069	47
3459	11061	1698.656743	71
3470	22085	1260.338991	81
3511	4695	3956.250326	19.09611913
3511	25797	3883.496965	20.85097594
3541	5267	1178.899583	74
3548	26253	2164.316857	88
3556	1456	1417.97491	53
3558	25373	2722.437704	54
3569	23854	306.5999934	86
3571	10728	193.3351771	208
3574	4298	1661.948718	81
3576	9348	636.7708409	95
3579	17740	1351.707946	95
3587	22748	1384.072923	50
3598	10658	1195.714317	152
3598	10952	1771.367955	164
3598	12319	1739.279348	166
3606	2261	2704.58009	17.10875968
3606	4053	3533.828158	20.39769385
3606	11807	3524.916398	20.39769385
3609	1753	850.4003293	108
3623	11105	318.9456647	161
3623	16453	275.8572766	157
3631	23535	4033.873984	52
3632	23643	1016.818633	112
3639	16158	443.8220424	198
3640	28383	3023.712879	67
3656	20486	230.4902132	109
3679	21351	832.4229392	126
3702	40	3581.652661	51
3717	6855	348.0137539	142
3724	11105	236.5045685	156
3724	16453	235.6078053	167
3730	11153	237.4832173	90
3732	5682	609.0416482	137
3758	8707	1377.977888	83
3760	23288	396.3493042	149
3768	22965	187.4203459	164
3777	4000	359.3767271	124
3777	10808	220.825228	156
3777	24795	318.9438384	128
3784	24312	621.0977025	104
3785	3844	1687.875566	64
3789	11425	976.2397279	115
3789	18636	817.1356919	124
3791	20111	391.5518052	113
3793	22790	451.185791	141
3795	7362	821.1345841	81
3795	11507	820.7861113	81
3797	26565	255.6663738	239
3798	8292	278.5338248	137
3798	27086	352.5434248	126
3802	14014	234.712944	120
3833	22113	411.468669	91
3838	10339	500.4741587	56
3844	4571	281.8713456	162
3844	6007	416.6769423	128
3844	7440	361.8770756	138
3844	14734	390.0085743	135
3844	19052	303.1741773	158
3844	22140	354.6398291	137
3855	15706	631.4302835	127
3860	25975	425.6839257	86
3883	4291	182.8939625	167
3897	13533	298.3563811	90
3898	21985	571.1188617	163
3901	23597	629.4911729	108
3908	22905	336.3675696	128
3911	26267	576.0326749	100
3932	11983	302.1890286	133
3934	10525	749.1069048	149
3935	1479	638.9900868	100
3938	3018	659.4818148	57
3949	15884	1313.653273	45
3951	24140	1436.518977	58
3952	6894	1188.580907	73
3953	6801	344.6410702	143
3962	8072	243.7357017	162
3971	28184	2755.233761	54
3981	8692	188.9046198	130
3983	25952	270.7922436	112
4000	20817	1442.678547	92
4005	25915	3050.139936	91
4041	14248	504.5890415	142
4052	25156	796.125646	88
4065	8619	266.5979934	117
4098	8462	1485.850613	146
4111	795	1375.486619	73
4123	7416	1368.715631	65
4126	28	817.7032848	116
4128	6718	1679.256814	97
4136	19005	1027.913838	61
4144	27152	1035.217447	53
4156	3406	1685.12522	91
4177	2632	414.333228	113
4177	3284	455.1573703	115
4177	10448	415.5642201	114
4177	11481	451.5661132	117
4177	16668	439.7900625	118
4177	19723	404.7973077	122
4177	21509	444.939896	108
4177	22835	439.0191908	115
4189	13186	208.2672655	183
4199	5905	979.9705584	106
4199	15309	982.7826741	105
4201	4798	1647.798881	48
4201	14164	1592.338618	49
4211	10750	622.3785895	90
4227	19544	188.8709186	293
4230	2806	460.865821	108
4230	11424	417.7159635	115
4230	18562	378.968677	120
4230	25689	388.5025703	124
4237	1728	416.7618371	105
4241	159	1565.720549	24.31888239
4241	14495	1491.275476	27.74696714
4251	1166	1146.797624	123
4251	4384	1065.957795	127
4253	21811	1964.757137	101
4260	16570	1002.190093	117
4268	10658	1757.269683	154
4268	10952	2315.716149	162
4268	12319	2185.859319	163
4278	5197	1049.292453	77
4282	23660	917.5929681	72
4292	27643	877.1560928	104
4299	18896	940.6529058	38.58293741
4300	3193	1740.808408	78
4306	30	198.7911836	170
4306	14796	263.0270779	144
4306	15704	334.6971434	140
4309	7034	712.161107	122
4326	28305	688.4653032	103
4333	2324	541.9381934	55
4335	18774	630.4062492	129
4335	20471	688.4282525	124
4338	6646	5672.253526	71
4361	26341	742.1733368	43.0647448
4364	893	185.6113138	173
4364	1075	328.9925226	150
4364	4841	236.5057845	176
4364	6891	201.3331908	177
4367	4508	550.0371187	127
4367	8146	501.844415	137
4367	12596	560.8923249	126
4367	22726	562.3909558	125
4375	26894	192.8430621	137
4404	12777	1607.9844	38.58293741
4404	15246	1556.048582	38.58293741
4406	4289	1911.61007	31.65828812
4422	6938	423.8046619	124
4431	12521	195.4203541	168
4434	875	236.5257663	132
4434	20571	209.0143248	138
4445	21725	210.2758193	157
4464	2551	1101.916547	71
4465	5487	524.3098965	106
4492	6761	1879.37548	40.31678793
4505	9382	214.0054707	184
4512	26185	600.68762	117
4513	15725	1614.327778	64
4523	20222	749.7672948	117
4536	15304	848.4903026	153
4554	2320	2118.507003	38.58293741
4566	3598	887.6321603	119
4566	19010	594.2000881	113
4586	23786	1198.85298	63
4602	16847	311.0781241	117
4606	2892	327.5611402	89
4606	15351	279.029302	100
4610	4407	1715.203521	68
4616	24934	2424.214406	85
4633	22332	781.994348	159
4643	17397	454.3493579	77
4649	15928	517.0970124	128
4677	11473	8602.050617	72
4684	2302	391.3274061	141
4684	3960	399.206512	151
4685	16006	265.4360883	141
4687	3291	331.8731717	118
4694	17107	252.6177786	106
4698	9212	199.5030297	166
4701	8140	454.9314662	63
4703	21816	357.7311246	101
4729	6928	349.3334907	142
4733	26308	401.8170506	124
4743	9453	793.4762271	87
4778	16487	226.1229431	111
4780	941	882.6099054	118
4795	7903	428.8114609	104
4809	21479	324.9026906	188
4816	2664	337.4210158	167
4816	3280	298.1637119	169
4816	3720	298.4892851	159
4816	10044	332.5158941	172
4816	26631	250.9869033	168
4836	6160	2482.111205	79
4860	4501	214.8053551	194
4872	25594	4724.829381	56
4881	4278	685.9189553	105
4890	874	1797.458917	92
4897	10645	720.0812615	69
4907	2632	408.8194898	113
4907	3284	435.8661196	111
4907	10448	433.0865243	113
4907	11481	432.1017277	109
4907	16668	455.0268798	104
4907	19723	467.3249802	107
4907	21509	473.9595974	109
4907	22835	468.3673723	108
4918	15923	709.6906427	123
4927	5332	846.214333	36.92365229
4929	10480	730.7403572	67
4930	2370	631.4794662	106
4937	11777	581.311661	103
4949	26397	569.9038807	154
4950	13231	793.6806166	81
4950	24810	615.2630803	99
4968	6495	500.7877152	91
4985	17233	706.8241527	106
4990	26841	561.4826877	93
5005	15150	837.5669837	67
5019	17769	387.9486506	123
5026	752	930.1457718	118
5026	2359	878.5983781	122
5026	3255	972.2942508	123
5026	13476	979.4809713	120
5026	26900	1027.701149	122
5065	2463	803.7094661	18.27487772
5065	4849	741.4862997	21.31433096
5065	7405	772.3960886	27.74696714
5065	16466	742.9498153	23.79021103
5065	22441	741.883225	25.97643606
5065	27014	736.3287178	26.5536902
5065	28291	786.7278932	27.1437722
5078	16657	1774.210493	113
5078	23816	1437.2227	119
5088	6032	305.7071949	185
5101	22377	344.900144	151
5105	2812	404.2715279	112
5105	24537	401.2640176	123
5107	28195	303.6725024	203
5108	4485	311.4397687	182
5108	23957	381.9500754	171
5120	9055	2570.713371	62
5121	8563	1648.138916	74
5122	28347	199.911608	133
5123	21565	3256.95964	64
5129	19427	480.9733006	144
5133	12412	1696.719245	42.1285547
5147	14809	862.0496932	95
5152	12791	277.4219118	138
5155	669	389.294314	81
5163	24699	204.9888752	186
5164	5333	964.2362893	110
5167	8530	203.4404024	164
5175	4600	308.4231482	100
5189	2119	2624.743002	94
5193	213	1374.877572	9.661404388
5193	3056	1428.437254	7.421581234
5193	9975	1365.734211	9.876102263
5193	22963	1384.325993	9.044911183
5209	22590	5051.329641	24.31888239
5210	13733	222.7591783	156
5222	7899	1796.397458	107
5222	25130	1538.998599	102
5227	13112	249.2615951	237
5228	22498	2825.843051	49
5283	12448	612.3173631	167
5295	21631	211.889108	215
5307	24305	703.5082092	85
5309	123	1689.651603	57
5309	13833	2282.811532	58
5318	12688	1082.166154	49
5331	14919	1646.153716	82
5333	12566	990.8123824	104
5359	17516	217.8661242	149
5360	10728	188.0824771	197
5393	21806	787.8302703	96
5396	11086	460.065598	110
5402	14339	1393.056553	110
5409	3986	467.4954635	128
5414	14067	987.2039054	105
5417	10432	457.8801944	137
5420	17490	654.2800439	36.1209642
5445	14890	1399.606945	146
5446	14212	1438.047108	57
5479	893	265.090537	159
5479	1075	329.2454692	126
5479	4841	305.1673722	144
5479	6891	275.135913	155
5491	21491	626.8924244	21.78798276
5493	17425	642.7224416	54
5506	15032	301.6025158	164
5508	18465	263.2766464	164
5527	19772	541.0389555	134
5528	4928	409.7250445	106
5534	10054	2267.018963	47
5535	23848	1559.05335	68
5536	23821	473.0495695	151
5542	1971	395.883837	188
5566	19342	1722.899498	90
5571	10006	1311.430035	91
5595	15203	6227.369384	33.81608925
5605	18487	1568.88673	58
5606	13545	357.3621498	83
5611	10658	1940.786641	150
5611	10952	2633.397874	157
5611	12319	2394.290614	158
5618	15929	1149.173918	118
5624	23238	931.8653537	76
5627	10728	208.3696272	211
5632	9800	1184.869009	100
5640	27546	2013.673283	155
5644	16648	230.5135666	150
5644	20005	230.3958031	150
5648	14924	1391.551708	82
5653	3778	1673.877461	108
5659	28264	1645.54333	60
5672	10557	196.951437	160
5673	23955	201.5589838	131
5683	19578	2129.051876	61
5704	24646	517.7781399	101
5705	9326	3197.056515	41.21271655
5710	27693	184.3793187	234
5713	10003	2468.691061	59
5717	20929	1171.012182	125
5720	16375	977.6278229	141
5720	28058	893.4304669	139
5727	27323	833.1504112	107
5728	22697	754.3864882	106
5753	19625	2748.702432	36.92365229
5765	8417	203.4944884	246
5772	26147	655.6584857	58
5775	15550	496.9233566	97
5803	11285	3045.127225	44.02173913
5810	24698	416.2890687	190
5814	17927	823.3239325	70
5820	6953	824.0332927	81
5825	14231	714.926303	102
5830	26856	828.2895078	63
5840	19616	644.8581583	78
5842	21661	1818.194776	69
5866	26422	2964.806755	58
5869	6181	442.3508073	111
5879	2632	381.3106072	123
5879	3284	421.1451009	113
5879	10448	414.8926302	116
5879	11481	447.3575357	108
5879	16668	404.2937964	113
5879	19723	429.4043384	102
5879	21509	378.282982	116
5879	22835	436.2413637	101
5881	19350	755.8387663	139
5882	10744	591.7561972	114
5882	12927	651.6972481	108
5883	8672	3121.077936	75
5885	15195	1340.672874	71
5894	23126	1203.940024	56
5897	8354	721.0313121	116
5903	8759	423.0415729	87
5903	21069	536.3376825	83
5907	1606	812.6285282	90
5910	26197	656.6385501	155
5915	6590	507.2585232	121
5930	22687	720.0222505	80
5938	4854	743.5017554	84
5942	19456	2820.028619	70
5947	8714	195.3827143	141
5947	23426	215.1915399	138
5948	19657	186.3164064	204
5950	1017	309.2530405	180
5954	17926	208.977797	169
5957	14368	2611.161325	61
5963	4091	1406.529599	44.02173913
5972	19146	1320.292079	73
5973	255	586.0707069	71
5976	1063	519.3414887	101
5983	18785	367.9422097	85
5987	12083	640.8466108	109
5987	13669	640.4400548	111
5987	24381	612.4204219	105
5987	26302	658.6077356	106
5987	27316	605.4429891	116
5987	27893	648.6145876	109
6003	11799	298.4553092	91
6007	20897	257.5938124	163
6018	6770	946.1626655	121
6023	24626	712.9342117	106
6038	6829	297.3812678	152
6042	13626	4034.68718	82
6042	25641	4073.747226	79
6045	1242	1986.583885	116
6045	5556	2034.752221	115
6063	13800	501.1672596	117
6074	7853	762.3419487	97
6092	13281	466.2148078	72
6094	17211	495.0434786	142
6117	4131	1980.216936	70
6121	5876	1032.123477	93
6123	15994	4115.334035	16.73683012
6123	23309	4100.116364	17.48895434
6123	26618	3023.654449	16.37298599
6129	3102	491.2439032	132
6129	13696	488.6063267	135
6130	27281	311.2459449	159
6131	9539	1128.171863	79
6133	2212	281.012737	143
6133	3063	279.9536007	143
6133	18223	273.9147076	162
6133	27494	337.2059144	143
6137	3617	229.7867599	148
6137	21431	219.2700012	148
6150	624	683.9783656	91
6150	24929	686.093566	91
6155	570	809.9918701	126
6155	9801	792.4854744	132
6155	20646	961.718225	119
6157	1091	274.703841	200
6157	2271	340.0002726	200
6157	4431	308.8453754	201
6157	4512	288.6701061	159
6157	4767	223.1970469	218
6157	5381	334.6827339	192
6157	8053	212.2340157	220
6157	8549	232.4923759	201
6157	10755	292.6479284	189
6157	13896	274.8782566	188
6157	14542	301.3420343	205
6157	17330	255.29467	204
6157	18516	315.2316719	190
6157	18771	358.7853693	177
6157	19393	263.2321961	190
6157	22932	242.9516991	196
6157	22954	265.197977	196
6157	23743	296.5108975	192
6157	27271	262.8947371	218
6157	27411	311.4283926	197
6170	13011	782.329482	106
6178	14315	5376.540354	62
6179	22731	534.5112963	93
6181	6635	3414.756807	27.1437722
6187	22238	854.0568292	84
6199	25158	1564.773228	86
6206	6927	1137.780484	96
6208	18612	963.1537178	153
6219	23903	286.9750029	113
6219	24714	257.4979285	110
6223	11486	1142.086766	99
6227	5898	632.183743	127
6229	18523	444.0543833	102
6253	23362	562.8959871	115
6261	27456	2135.956578	64
6270	5414	909.4775123	64
6274	21151	747.1411315	82
6333	3986	376.7281786	125
6337	901	343.0302971	130
6341	14349	559.5067291	98
6357	15849	1158.478058	98
6362	7391	264.8330166	178
6366	23097	196.1592372	98
6369	16142	4794.790859	59
6374	21689	516.6084927	156
6376	4508	462.3670994	140
6376	8146	483.0470395	140
6376	12596	458.7425913	151
6376	22726	528.0418299	129
6377	9113	386.4023664	133
6386	23897	1555.331663	20.39769385
6408	23494	188.6232496	170
6413	2420	434.2665179	190
6423	15698	762.4561298	97
6423	18897	838.7542147	88
6425	742	599.6925184	101
6425	9784	755.7386893	84
6425	21050	715.7516942	90
6426	4127	256.2263414	93
6431	21141	1945.868034	64
6435	2388	1422.639537	63
6437	23730	686.7166912	128
6440	17924	315.3973857	139
6440	24051	357.7272909	144
6453	2198	453.3775195	95
6453	27457	489.065251	83
6454	28022	2409.168795	46
6455	9894	490.7932235	150
6455	12829	591.5176994	136
6457	12177	1263.639341	93
6460	203	795.9429158	102
6460	1777	701.202935	104
6460	20252	724.5091867	101
6460	21147	778.6203246	104
6460	25521	646.5676076	111
6470	6254	2509.758912	71
6488	23889	948.4494142	85
6501	185	182.3050659	262
6502	3043	488.9310501	92
6503	25648	1925.746421	84
6506	24836	406.5077192	143
6511	8073	829.0397402	112
6513	22209	2725.549875	44.02173913
6522	7068	321.649803	108
6528	11465	421.5395108	102
6536	27460	199.9433465	271
6551	25133	512.9610888	108
6551	25829	516.6127098	107
6564	24915	268.2328795	132
6578	28296	1051.848634	97
6583	3316	1371.144191	108
6586	16111	4140.674084	40.31678793
6592	7191	1305.412172	75
6602	22488	287.2807857	95
6605	10889	2057.635418	119
6612	10666	1105.960605	107
6613	12067	927.4914802	120
6615	6796	1153.976471	54
6627	8343	1171.00066	76
6639	6080	230.1665404	136
6644	15889	1264.149006	53
6647	15196	1726.483606	52
6652	4403	1218.233673	76
6659	14548	1743.875712	100
6668	19540	1161.40822	52
6695	13228	973.7146024	76
6732	10955	708.5969803	81
6746	20521	1486.357425	41.21271655
6760	23127	3316.407619	63
6770	12366	572.5343333	76
6793	16186	492.7652745	83
6808	597	12289.47139	23.79021103
6811	3751	866.4405588	93
6818	18541	536.925954	64
6829	529	910.7270731	101
6839	5619	1521.385995	90
6839	16596	1287.570855	83
6868	28049	386.5136022	161
6868	28389	387.7473995	161
6880	17538	266.2693031	170
6881	14701	548.9037814	139
6885	28108	214.6327783	156
6887	7	1268.50479	115
6893	19505	3701.491577	51
6899	3675	552.7250592	65
6904	2976	1009.015417	105
6925	18926	301.274806	93
6941	10741	2819.598297	62
6949	1737	838.6665235	124
6951	1572	596.1034966	96
6956	20138	1219.554629	73
6966	20012	4042.224481	42.1285547
6976	6859	189.7018183	172
6976	8198	207.1240126	165
6976	14162	370.8979137	152
6976	24750	315.0762978	159
6990	17633	396.8106619	44.02173913
6991	23138	493.4163554	144
6994	4248	1575.868652	74
6995	20866	799.1255441	74
7019	10535	804.5182391	119
7023	26556	341.9758299	92
7030	21802	1449.079973	92
7034	9690	877.6498023	77
7035	1979	471.6057535	161
7035	6395	468.6983302	166
7035	7291	503.7261356	165
7035	11513	490.2936977	168
7035	14129	479.7299135	165
7035	15143	441.2612961	166
7035	15583	497.7615173	169
7035	19821	478.4389674	170
7037	3494	594.1811252	130
7047	9857	553.5932629	121
7048	23747	622.7336528	118
7053	4346	744.0237799	83
7056	9477	1332.771759	85
7057	18721	1064.969133	129
7058	21561	227.1560224	120
7062	1215	558.5145512	93
7063	13234	961.8924851	30.2968022
7066	27769	378.6581568	197
7068	22416	718.2212523	48
7074	25587	306.785538	157
7076	20524	255.3300658	90
7089	6448	1545.041261	37.7441779
7093	15363	325.4793783	130
7102	15061	2024.989647	35.33572585
7111	7884	809.5412855	100
7128	655	981.0206072	73
7128	8201	981.0206072	73
7131	28364	1060.924644	46
7133	11020	983.5891096	101
7144	10836	605.4809585	137
7150	11275	223.2983932	164
7163	9544	2701.430865	50
7193	3596	248.5550618	158
7193	6403	230.5746809	161
7193	19812	210.2607459	169
7195	15377	4635.595436	47
7215	13650	587.6662096	92
7219	14845	592.2059287	134
7224	22720	515.6480063	60
7226	4271	951.598425	46
7233	22943	539.9188483	78
7240	16458	801.1031759	23.27303253
7263	2009	668.4271951	124
7265	28114	1443.821694	105
7292	22939	185.0721332	314
7319	17812	194.4804657	224
7326	18404	325.4801605	136
7339	7954	1924.836107	35.33572585
7355	24140	1318.16524	55
7363	12006	355.8760786	148
7375	14900	2713.148887	68
7379	1987	918.5687491	109
7381	2666	196.9358131	138
7381	4198	259.1247141	119
7382	19099	3022.612681	64
7386	23050	930.905098	63
7393	18494	2166.433248	66
7406	23486	778.8025449	124
7430	4528	181.9223191	164
7430	21760	199.8620075	165
7448	16764	2557.987655	75
7448	23721	2401.691881	78
7460	15777	400.9611564	170
7460	26999	388.0413893	172
7466	7878	296.4740197	147
7466	27430	240.5158451	155
7486	2378	376.703921	116
7507	12488	991.5337421	85
7507	23622	988.5991648	85
7509	23785	647.4325819	119
7515	3082	1303.871524	48
7541	6390	2763.620543	46
7545	18748	349.5835333	220
7567	9407	558.5663437	113
7569	1989	888.6283397	69
7578	20411	323.5410969	127
7582	7698	1136.851838	116
7597	6811	448.7344514	107
7598	6902	351.3741557	119
7610	16669	396.6304924	156
7612	26820	330.6496708	144
7618	4231	2886.275991	93
7619	7428	301.353714	174
7620	3359	1161.333511	94
7628	23041	943.4520817	88
7637	20880	3793.442632	75
7648	12636	728.9160914	36.92365229
7663	8827	866.4517946	86
7668	11537	746.1040739	115
7668	16001	696.5686527	114
7668	19489	716.0156859	120
7668	23425	642.9556796	117
7670	23965	435.0316657	131
7696	5240	811.6488118	77
7707	19876	440.4138203	111
7712	9779	640.1672736	41.21271655
7747	17915	742.8646178	140
7753	15510	460.3730631	124
7754	246	1334.184009	71
7754	13829	1287.847979	69
7759	14027	1594.409392	94
7762	26883	1122.682956	78
7770	4454	1006.349378	74
7774	10658	1666.583579	148
7774	10952	2219.735265	162
7774	12319	2071.689019	152
7779	7432	547.0603018	122
7807	18855	413.1097107	152
7809	203	690.8399905	117
7809	1777	505.8520956	124
7809	20252	629.2726773	100
7809	21147	701.3273165	115
7809	25521	523.5522999	131
7835	7757	339.5252688	135
7835	9910	315.9548127	138
7837	1444	248.3716959	193
7837	3397	204.9564543	189
7837	20686	357.1437106	200
7837	25303	318.2110385	205
7844	7942	723.2379202	115
7858	17610	818.2568248	65
7886	5180	1017.948232	124
7890	9894	536.8715696	135
7890	12829	584.6988148	138
7911	17273	333.8506147	97
7929	6693	250.0938475	174
7932	23549	1194.263487	97
7937	17582	1969.681358	93
7952	1875	513.5270925	168
7971	17922	1315.414951	91
7973	11478	617.9124614	113
7975	27353	227.342253	135
7976	13702	1381.831033	110
7976	16176	1772.335012	107
7978	27751	498.7875671	190
7983	11376	1561.839579	150
7995	2072	423.3240863	97
8006	9182	361.5567376	121
8013	4571	314.449971	152
8013	6007	385.0203852	131
8013	7440	469.034344	123
8013	14734	320.8539242	141
8013	19052	300.2736213	151
8013	22140	408.7990645	121
8015	13269	455.3814063	109
8025	2505	542.6461195	107
8026	23062	1492.563354	96
8028	13703	431.0481388	83
8047	2869	275.7729145	115
8047	13675	236.9875926	129
8055	22642	1446.65277	111
8064	20974	677.466581	105
8066	16938	666.3122655	169
8083	17916	326.3238213	86
8099	21381	200.5501429	142
8109	26665	352.8401787	148
8145	4691	654.2394491	93
8145	17598	535.0411332	102
8145	19705	611.6901591	98
8145	25968	629.4342961	102
8155	5817	289.3675922	86
8164	4866	405.0508163	133
8169	983	462.6397805	163
8169	14484	464.8586386	163
8182	19627	1001.449158	166
8184	23687	525.7598679	130
8194	22309	741.4497643	107
8198	15113	883.7379189	39.44033602
8224	1040	2035.792447	42.1285547
8230	203	484.8370109	130
8230	1777	551.0384452	113
8230	20252	519.1765837	116
8230	21147	485.3191232	130
8230	25521	445.3273091	133
8233	1703	476.2774913	158
8235	4745	1714.576326	121
8237	8411	268.0881898	174
8252	15343	1715.296568	71
8265	18899	250.8536788	150
8276	7318	394.190509	72
8280	27555	1158.888931	24.31888239
8284	7380	366.3141767	108
8287	7707	559.8149062	54
8295	16462	2110.701178	47
8298	7729	207.5740932	103
8300	25947	457.0540839	115
8302	2094	474.3851961	112
8307	13702	1241.041792	116
8307	16176	1524.912348	109
8314	12631	242.1898682	136
8315	17882	522.1897435	89
8324	3458	581.4203107	124
8331	17946	1052.425869	121
8336	4613	1162.396808	120
8338	14473	472.3088907	136
8347	7052	2856.407511	82
8358	1482	3282.595627	65
8358	27019	4095.438787	64
8362	18911	670.6352885	107
8367	20283	1370.532137	95
8368	28042	2335.587115	33.08095687
8371	27623	403.5418803	97
8377	25157	215.5478315	142
8378	4736	776.1530156	101
8384	4282	802.4326404	94
8407	3012	1237.427451	82
8411	26145	1163.063495	115
8432	892	825.1009417	87
8432	18089	631.6270183	88
8434	1124	372.9010991	182
8439	678	312.6896889	63
8452	5959	236.850947	90
8455	23444	313.5655199	107
8459	24168	587.9276932	116
8463	15187	637.1763933	69
8469	16778	3272.896717	102
8471	240	1205.074186	62
8483	9001	360.6492086	60
8497	27986	183.9693107	249
8502	14387	288.708163	137
8505	2691	289.8784547	88
8516	23539	350.5176903	125
8525	6491	407.8898586	96
8529	16372	1929.865696	83
8529	27625	1621.400649	91
8533	3388	369.648701	89
8533	14259	307.4001163	108
8539	1565	2175.260198	65
8539	10758	2152.552299	66
8539	17959	2132.178493	67
8539	22618	2070.513403	60
8544	6589	416.981522	116
8548	9182	308.9225919	125
8549	1091	248.8091867	204
8549	2271	261.1444277	207
8549	4431	275.5613179	203
8549	4512	292.4099259	180
8549	4767	207.032663	240
8549	5381	304.474844	191
8549	8053	197.5301451	214
8549	8549	223.0257758	226
8549	10755	216.6878729	210
8549	13896	249.9663848	214
8549	14542	247.3961634	205
8549	17330	233.8180355	226
8549	18516	242.5863437	197
8549	18771	299.8164645	191
8549	19393	277.7919873	182
8549	22932	188.8435107	195
8549	22954	264.6313981	198
8549	23743	253.7916438	206
8549	27271	242.7888415	210
8549	27411	273.7104288	200
8583	14410	1091.868665	96
8584	15813	191.9696816	301
8585	2030	561.2371546	94
8585	5404	420.5336918	98
8585	5728	396.4921284	105
8585	10585	526.2235404	98
8585	11568	551.6999794	86
8585	15420	494.1653884	91
8585	15785	554.791336	98
8585	17349	564.8863011	86
8585	19663	347.9739472	120
8585	20161	456.0988894	105
8585	22023	552.8627905	86
8585	27349	518.4012606	90
8585	27501	476.3404593	91
8585	27766	496.6634655	101
8599	21215	350.4678234	133
8632	15310	296.8225094	125
8637	11932	185.5835167	200
8662	6132	1381.88197	74
8674	3667	2996.370564	53
8680	2365	1296.570125	66
8683	1816	2514.43402	108
8690	10176	1659.589796	62
8705	2664	423.5818803	148
8705	3280	393.3690263	160
8705	3720	465.5101355	156
8705	10044	437.978569	171
8705	26631	434.2555375	142
8707	11829	296.2330315	128
8712	18359	713.1709986	96
8714	24155	2477.839029	44.02173913
8717	5910	1041.144	67
8718	19778	501.3130715	136
8718	23249	509.0819274	139
8746	16247	1421.301576	81
8749	18979	705.4654615	46
8755	12652	1729.717407	49
8759	24582	894.9748461	85
8760	1119	589.5105815	111
8767	3059	1102.502045	101
8775	11633	212.2006509	152
8784	28190	1262.995462	64
8787	9219	1561.863489	33.08095687
8799	24632	559.0210496	61
8811	2532	631.6887293	40.31678793
8818	15136	198.0536969	181
8819	23582	755.8196563	85
8820	8013	628.0858827	107
8822	15116	1075.0269	106
8822	16029	950.9695752	117
8824	21149	585.8644087	123
8833	15681	5356.116636	61
8836	3165	1922.486398	112
8843	7583	267.1709637	233
8843	14219	272.5693108	255
8849	19495	2362.062327	101
8858	3926	1534.101504	76
8861	7601	1545.445478	71
8862	18617	1275.941752	43.0647448
8867	25180	622.5260283	134
8874	10611	911.2320933	37.7441779
8885	23125	2586.159846	37.7441779
8895	24991	255.7722902	97
8920	26603	1255.931325	112
8923	4971	1048.441168	107
8923	19201	1035.456908	107
8948	245	655.6185894	107
8950	12771	319.1383841	131
8952	7984	253.746628	177
8958	5359	1133.621245	2.315232427
8960	4949	466.9152183	168
8960	14731	490.5698071	158
8960	25153	422.8140816	159
8963	23253	339.835789	152
8965	2336	1502.743678	82
8978	22406	2444.992914	44.02173913
8979	18082	706.4780935	111
8985	17852	216.866551	160
8990	9267	232.3004596	208
8990	23121	253.6991339	199
9013	5336	320.0737646	140
9013	23371	385.6162468	145
9016	27890	1348.419431	82
9019	7882	1112.753263	102
9019	27385	855.3858216	99
9021	26151	183.4663848	215
9029	16175	744.2424742	54
9037	22775	1208.130099	71
9042	12192	181.5249001	259
9074	18849	962.5642317	76
9092	3019	1407.74768	140
9098	20713	397.2020794	119
9101	26247	1238.090917	49
9113	8700	1246.102736	141
9118	24414	695.3011759	120
9124	9499	273.6396978	158
9124	24893	253.9965104	167
9128	26818	473.9105001	92
9129	13225	1175.740839	103
9133	24622	2166.333659	133
9138	20460	758.6598106	55
9145	19778	698.2605848	135
9145	23249	762.4058144	132
9155	3907	182.3063177	203
9158	11627	753.2116789	34.5675579
9167	14831	733.5320582	60
9179	14102	188.0348609	182
9193	5634	955.4753408	128
9193	7451	864.4305966	128
9193	9813	997.4152543	108
9193	10191	1157.748187	110
9193	10299	1079.002562	119
9193	27993	1098.145232	123
9198	8423	1735.051239	11.26827626
9201	8527	265.1709479	147
9205	20688	194.0681459	207
9222	10658	1082.01676	172
9222	10952	1141.635598	149
9222	12319	1003.024402	151
9223	11583	1100.04759	88
9232	4523	1460.556404	72
9238	25589	240.8985411	187
9244	5675	475.1379539	105
9245	21688	1364.172653	73
9252	368	433.3935841	158
9252	1440	412.3231797	177
9252	2703	404.080762	168
9252	3610	328.1827121	175
9252	6656	419.8404113	149
9252	14321	544.0756039	148
9252	20093	392.7362272	170
9252	23783	635.3757749	133
9252	24556	475.1301318	138
9252	24782	450.7178408	147
9252	26030	305.8985685	195
9270	21683	200.8958666	175
9270	23214	227.2354101	164
9273	26855	373.5235669	102
9278	4571	226.1918719	161
9278	6007	318.8427931	150
9278	7440	332.4177528	144
9278	14734	292.3757696	154
9278	19052	230.9820313	167
9278	22140	255.1180048	156
9285	14547	286.8769764	173
9290	15566	186.2045803	171
9294	4155	223.5496498	189
9294	13622	227.2016017	190
9294	14621	221.9337587	197
9294	22524	233.6731838	175
9299	24285	389.2884451	70
9302	1091	242.4276117	214
9302	2271	287.1687628	225
9302	4431	305.531281	207
9302	4512	287.8181445	212
9302	4767	289.9637271	210
9302	5381	342.51035	181
9302	8053	198.6454412	232
9302	8549	301.6545127	215
9302	10755	286.2301683	208
9302	13896	253.4076749	214
9302	14542	258.0890489	224
9302	17330	291.1715913	208
9302	18516	213.3250152	232
9302	18771	325.4916659	205
9302	19393	301.4348671	205
9302	22932	198.5886363	226
9302	22954	250.9651291	221
9302	23743	260.6490459	200
9302	27271	309.9775177	206
9302	27411	288.8384234	220
9317	14547	340.9454718	167
9319	1365	599.2475362	36.1209642
9345	982	454.4624431	163
9345	2430	507.1557054	161
9345	2778	475.3282287	148
9345	3244	539.8151312	144
9345	3695	512.5489184	151
9345	3716	411.6485813	167
9345	6588	474.1154595	150
9345	7603	393.671497	168
9345	8161	460.3124351	151
9345	9270	536.732923	147
9345	11096	355.1304089	175
9345	13812	462.7568678	151
9345	15556	402.1001485	170
9345	19240	373.553234	171
9345	19741	469.8058821	155
9345	20296	370.9488477	145
9345	21538	501.1711553	156
9345	22463	514.3220813	144
9345	22567	478.0262946	159
9345	25826	424.5111796	160
9351	448	4249.11341	61
9364	19237	470.5458975	64
9383	28229	271.7539921	152
9387	459	907.635778	158
9387	4877	939.1554838	153
9387	5318	948.8084005	157
9387	7719	904.3867587	161
9387	9480	895.9602149	164
9387	27538	967.5377806	163
9393	1113	417.7364184	148
9393	1890	328.9759341	154
9393	6217	494.7788228	157
9393	7466	342.3527521	157
9393	8990	308.9221043	151
9393	10391	421.8664642	153
9393	18873	368.5750387	161
9393	21416	517.7284807	146
9394	19618	847.0367852	116
9402	1282	873.197972	36.92365229
9412	7247	194.158223	195
9416	27902	651.128709	43.0647448
9424	1091	379.306186	167
9424	2271	418.4923223	170
9424	4431	389.7598992	179
9424	4512	337.1684163	180
9424	4767	266.6734515	204
9424	5381	403.0112081	181
9424	8053	317.9273452	173
9424	8549	292.3208647	199
9424	10755	299.0754395	197
9424	13896	298.4845164	178
9424	14542	336.9601076	178
9424	17330	325.5653875	180
9424	18516	314.0112151	208
9424	18771	393.8543305	188
9424	19393	302.623836	179
9424	22932	274.5703623	176
9424	22954	355.7911638	183
9424	23743	399.8386322	166
9424	27271	341.0596978	187
9424	27411	387.7630998	172
9429	24685	1509.078901	70
9435	6272	203.1202755	117
9448	742	583.8450442	102
9448	9784	683.5034219	80
9448	21050	662.1162401	85
9462	24277	328.3065503	113
9479	21594	777.2486894	95
9511	4272	485.8316944	152
9515	23241	1331.487979	54
9516	20997	225.6517555	160
9529	27544	238.1067706	120
9530	14554	434.9554654	54
9532	19130	724.596545	77
9540	8955	2152.726416	103
9540	11306	2152.726416	103
9543	11392	604.0129865	125
9543	19446	606.2975698	132
9549	17316	1221.004018	98
9562	459	907.4953216	156
9562	4877	851.2608536	156
9562	5318	928.8775057	158
9562	7719	873.614211	165
9562	9480	851.3387158	156
9562	27538	939.8492302	159
9565	2760	306.6752729	121
9565	20780	253.8709744	126
9565	25779	244.650423	129
9566	17062	2216.07471	65
9589	14222	217.4736705	162
9598	15089	3496.368679	83
9600	4982	796.5306057	84
9612	26339	1218.284837	62
9620	17881	1249.760777	78
9642	4157	958.1158753	133
9656	25610	207.7676522	166
9660	21238	779.3367565	81
9661	20956	275.4654025	142
9662	15509	1223.181047	27.1437722
9664	15933	573.0240878	117
9671	18396	494.2019195	133
9674	23453	1074.288911	57
9683	5934	648.3006406	129
9684	14478	486.0687668	98
9684	25267	424.4221248	102
9688	24595	1938.125031	41.21271655
9689	2078	1804.598506	47
9691	22246	883.8026606	110
9698	20339	1452.768799	79
9710	17674	387.9186318	90
9717	6630	917.7517522	74
9726	9446	4374.714791	60
9727	26910	1296.36563	72
9742	10497	955.8653832	94
9764	2017	382.4015882	123
9764	3834	339.7488637	128
9764	12410	312.3809854	134
9764	13086	357.0606391	127
9764	26730	357.6941788	127
9765	27635	454.8864524	154
9767	26573	627.2336212	47
9773	6921	1611.980994	40.31678793
9778	23461	569.6133633	118
9809	16748	1673.508697	52
9820	9814	1231.342235	77
9823	20132	211.2445574	136
9824	4571	314.2425907	148
9824	6007	384.4308375	144
9824	7440	409.0854943	143
9824	14734	319.58962	158
9824	19052	326.929731	148
9824	22140	357.8122888	151
9828	16099	2868.477487	39.44033602
9832	1990	1018.633223	103
9835	23373	914.1739267	98
9838	13970	190.481652	239
9851	14335	2864.958086	33.81608925
9881	7443	386.7905768	99
9881	16061	361.7383622	99
9904	9543	265.962499	174
9921	3582	566.7700776	130
9921	3881	559.4051833	130
9921	28053	564.1401847	130
9930	14284	947.4121758	38.58293741
9931	21637	456.4036925	99
9956	4182	1292.051217	53
9972	20982	366.3791053	177
9980	25924	256.269565	215
9995	20032	1029.945882	27.74696714
10001	19988	1064.578547	49
10036	5841	4247.310417	31.65828812
10044	21961	453.3277304	168
10048	27	526.6755639	36.92365229
10056	19305	3070.080522	82
10075	6960	1293.236514	120
10086	773	3246.981655	31.65828812
10090	15767	782.9065455	96
10090	26133	720.1996301	120
10096	7949	1132.317417	86
10105	18398	658.1485132	57
10120	20387	188.1029921	176
10123	25535	579.4453481	99
10126	16141	2734.733304	44.02173913
10127	2008	418.3949174	151
10127	4369	339.6340204	155
10127	7973	407.2314566	150
10127	9730	417.268386	144
10127	10655	441.4958627	150
10127	11284	400.9081475	136
10127	17785	431.5370081	135
10127	27266	465.8552607	149
10128	18851	1647.617607	73
10147	12143	545.799588	83
10148	9952	1456.01507	131
10154	1091	341.4605138	181
10154	2271	344.490687	198
10154	4431	401.5861722	184
10154	4512	352.9726766	189
10154	4767	310.0509477	187
10154	5381	370.3349824	204
10154	8053	350.8127745	186
10154	8549	351.6320238	179
10154	10755	396.1491653	181
10154	13896	299.3001393	187
10154	14542	307.1201863	193
10154	17330	362.1246151	184
10154	18516	285.9421004	207
10154	18771	405.3203518	188
10154	19393	368.1881497	170
10154	22932	357.5729344	169
10154	22954	333.7711563	175
10154	23743	337.2734056	188
10154	27271	373.7510637	178
10154	27411	375.8633429	172
10155	22150	2826.678613	74
10157	18973	2756.740447	55
10168	20427	842.637058	144
10168	26726	950.791301	143
10176	2355	1056.852393	9.451373858
10176	11840	1087.708452	8.1035948
10176	27587	1072.332181	9.245909209
10178	15694	542.1422669	100
10184	18801	450.7491988	152
10187	11697	558.407964	120
10204	1091	251.6600806	212
10204	2271	290.8495588	229
10204	4431	266.9205548	218
10204	4512	282.5244074	210
10204	4767	222.8201583	246
10204	5381	280.9211418	218
10204	8053	251.9162387	223
10204	8549	214.302784	230
10204	10755	261.4982761	209
10204	13896	223.26478	217
10204	14542	273.0591746	217
10204	17330	239.6226583	241
10204	18516	279.3533605	221
10204	18771	269.7478009	221
10204	19393	253.6419853	198
10204	22932	241.4864193	197
10204	22954	208.809983	228
10204	23743	270.8023861	212
10204	27271	231.1778227	243
10204	27411	297.7773732	207
10214	1608	860.8700528	95
10218	14797	877.8893911	87
10236	1928	1620.432756	67
10236	22816	1850.752272	66
10251	15116	921.2146735	117
10251	16029	901.7175938	122
10262	24834	303.4698661	92
10269	26627	399.7166655	165
10275	4838	659.137336	101
10283	1529	859.1626778	115
10283	25424	664.3052427	112
10292	5019	1579.391746	78
10295	12083	670.1756959	111
10295	13669	655.9813921	120
10295	24381	545.7733269	116
10295	26302	677.9079658	110
10295	27316	660.2108715	120
10295	27893	695.7616987	110
10306	13626	4049.744272	83
10306	25641	3846.991181	83
10331	26966	1352.476788	127
10341	21172	3678.873864	28.99386789
10343	2594	185.0644416	206
10343	6654	182.3939086	193
10351	21734	691.8546333	154
10360	982	461.5851143	163
10360	2430	488.6215031	159
10360	2778	459.4933011	157
10360	3244	539.1618721	137
10360	3695	485.7950964	154
10360	3716	450.823523	150
10360	6588	526.0018637	151
10360	7603	443.5895264	150
10360	8161	545.4566718	154
10360	9270	581.3723398	138
10360	11096	394.6229847	157
10360	13812	475.2387692	164
10360	15556	437.1434055	161
10360	19240	446.5820332	148
10360	19741	540.1841873	136
10360	20296	381.8669719	153
10360	21538	569.4848832	145
10360	22463	566.7392067	136
10360	22567	511.8310433	147
10360	25826	479.4542642	146
10368	21235	957.1576296	99
10372	13236	872.5888802	50
10381	24927	676.8028787	84
10409	2509	972.6516374	96
10409	11336	935.3944684	96
10409	15907	859.0512605	103
10409	16630	1081.788644	86
10409	17302	1070.411177	86
10409	17442	888.6950828	96
10417	14768	182.8385091	199
10421	10347	1263.282381	103
10425	16972	3106.495841	43.0647448
10431	26286	587.7020204	96
10432	8634	1165.246509	21.31433096
10439	4502	548.2967549	107
10439	6314	419.9118153	135
10441	2026	610.1890232	56
10450	12551	181.6791403	197
10471	2016	239.4529255	85
10477	3918	1659.570224	93
10506	11268	257.8118997	239
10557	28332	2221.196624	123
10564	1136	744.1706474	91
10572	1812	2353.326982	93
10609	19939	791.6570302	105
10632	2100	257.2350126	178
10632	2885	238.9660639	204
10632	6822	193.4256323	207
10632	18136	222.5754165	214
10632	21117	234.6971966	195
10649	2355	1053.397811	9.451373858
10649	11840	1084.229792	8.283674685
10649	27587	1068.873694	9.245909209
10650	15026	748.4198893	126
10655	21367	632.8899242	94
10656	25271	681.5944855	187
10659	21137	1687.64983	101
10691	23152	964.1728932	62
10693	9112	792.5405477	41.21271655
10693	19828	816.1314952	39.44033602
10693	23634	826.3313585	38.58293741
10696	12485	589.6784936	85
10697	2830	236.1910209	146
10697	14936	246.0686957	143
10700	27347	767.6407479	109
10734	22145	447.5862297	118
10748	5555	318.7126079	183
10748	24808	326.0150433	182
10756	5775	190.4604131	237
10776	6443	5822.944056	50
10790	5548	1409.237235	16.37298599
10790	27636	1087.392383	17.87759777
10804	25067	601.6069512	134
10811	8329	569.9927962	148
10821	20490	1592.009899	76
10830	1088	570.5771856	144
10870	22527	1192.846797	97
10872	9464	6896.464974	66
10879	21007	1589.051547	55
10891	1091	322.1415954	185
10891	2271	344.1569114	187
10891	4431	343.2105874	186
10891	4512	382.0848249	175
10891	4767	332.5321703	190
10891	5381	337.8497534	190
10891	8053	249.9383855	216
10891	8549	362.6114117	177
10891	10755	337.9386902	184
10891	13896	317.8624941	193
10891	14542	313.3016195	196
10891	17330	338.8826998	183
10891	18516	277.6431914	201
10891	18771	405.4186779	166
10891	19393	383.8246093	171
10891	22932	261.4769058	202
10891	22954	352.1912681	181
10891	23743	337.5456197	171
10891	27271	327.0364899	187
10891	27411	373.8985137	176
10901	1711	991.7484458	101
10908	10964	896.5182456	161
10919	3669	535.4503239	131
10919	27493	411.1852753	145
10921	648	735.7898732	109
10921	26620	729.3098318	109
10931	5923	2079.721825	84
10937	27964	1474.330288	92
10941	18393	3045.080762	22.27216015
10947	10920	1032.161196	43.0647448
10952	22604	847.7873275	90
10957	11696	936.506689	79
10957	22340	717.4787265	100
10957	25557	724.1256409	99
10970	14531	694.4967658	307
10980	26979	206.7686381	168
10980	27560	209.3213691	170
10983	6620	991.8571778	30.2968022
10992	25786	1229.552741	56
10998	5969	434.8562957	163
11018	3187	198.7359161	174
11022	9608	897.640706	57
11025	14398	3349.858379	74
11037	9499	278.0821384	170
11037	24893	249.3193179	198
11046	17707	1737.434174	56
11046	24172	1728.259356	54
11053	15511	1032.944748	72
11054	4885	388.4252405	191
11056	28283	564.5867493	116
11087	12667	472.1226842	36.92365229
11089	12786	597.0720362	102
11101	18761	1010.169544	95
11107	28357	1514.670911	91
11120	429	425.6569067	156
11123	10020	1161.229253	59
11126	7049	184.7299879	171
11138	19182	508.8476087	171
11146	12540	1243.803778	84
11155	13057	1607.898863	127
11162	2302	294.221602	155
11162	3960	252.4501731	168
11166	1248	470.9263707	197
11167	7151	406.3993342	119
11170	4015	573.0037811	97
11175	7267	2179.594594	60
11176	5486	185.9464931	217
11176	12549	286.4111629	232
11229	18297	3161.170686	93
11234	21544	291.5402557	150
11238	904	1046.878526	11.02331373
11238	2348	798.0459165	12.30378567
11238	5660	1019.917501	10.54924872
11238	6284	1043.930332	11.77465311
11238	13158	1030.108133	11.26827626
11238	16574	970.6468413	16.37298599
11238	22832	1042.92756	14.03817541
11240	11182	298.9992202	140
11241	10112	673.9648286	104
11251	15787	488.6715243	67
11252	21485	903.1077699	92
11260	16375	997.4604549	133
11260	28058	944.3067201	145
11263	23187	302.8858812	102
11269	5005	436.4874135	141
11271	20521	1340.815852	47
11279	14912	499.6342564	133
11279	21604	507.5292823	123
11279	24585	506.3325963	119
11279	25664	487.0767388	134
11286	6185	187.3690927	129
11304	28189	295.9582736	109
11320	1128	1110.857357	63
11332	2957	188.6075688	188
11343	3594	1140.0081	98
11366	25138	787.7551041	93
11370	25513	287.7503021	138
11391	7563	584.9922595	168
11396	26912	2949.559357	30.97006447
11399	27364	296.7406758	105
11400	5050	937.5899466	57
11408	23420	1864.722417	112
11425	3877	1380.735635	20.39769385
11429	5084	1551.623899	67
11433	22164	842.4144693	109
11440	7588	1377.886464	100
11440	9355	1230.286638	98
11440	22990	1322.107266	104
11440	27753	1371.961436	96
11442	7151	379.3578809	129
11479	123	1707.411471	52
11479	13833	2223.36938	52
11495	22737	1708.60741	93
11499	23554	192.2510268	251
11500	6721	1514.854992	49
11511	5093	2927.438366	33.08095687
11519	4933	1929.545531	99
11544	3968	181.2397205	222
11565	826	500.0024875	186
11576	8466	3005.229986	75
11606	25390	1043.193609	83
11608	17572	213.8988943	168
11611	26056	664.1367822	114
11623	13179	941.3291282	145
11625	9866	183.9949209	194
11626	16997	2220.061714	76
11630	12441	612.4282002	79
11637	11360	315.3119098	144
11637	22852	309.6422096	144
11637	25189	317.7267757	152
11658	23012	1090.904932	36.1209642
11662	9228	279.1638547	144
11670	646	3623.126458	82
11684	16066	699.168648	59
11687	13049	1123.219551	105
11702	7924	1566.827713	70
11752	23648	1274.320287	52
11767	557	880.0998601	93
11776	9239	658.5631245	71
11791	7493	2239.87679	64
11797	16860	279.0559446	124
11798	13702	1057.474965	116
11798	16176	1484.768211	112
11804	7022	201.1567255	203
11810	9370	1017.630752	35.33572585
11846	27584	862.7212892	77
11848	18268	3011.7243	52
11852	17390	931.4610172	93
11852	22514	998.222749	88
11852	22931	924.9432332	92
11857	19794	1973.651822	58
11859	7275	1037.384809	94
11872	10446	1347.954496	28.99386789
11876	17154	241.2739875	187
11876	26227	258.8102639	189
11891	11403	694.6052129	140
11895	15154	878.8079562	46
11899	6753	1643.377135	129
11901	10682	195.2269951	95
11904	27759	379.0244389	120
11918	6301	527.2513526	60
11922	6612	1155.114656	104
11933	146	450.6792996	129
11938	7255	199.064478	205
11938	10190	202.4280811	202
11941	3772	239.7229047	169
11943	2347	721.7537891	109
11943	9211	808.2427741	108
11943	13616	745.9944704	112
11943	23120	726.7689371	108
11965	13902	1273.701231	14.35013486
11975	23156	387.5436456	143
11978	14794	907.487981	148
11979	20852	338.3085774	169
11979	24354	307.6872853	181
11999	15328	2732.635856	59
12032	26261	856.169881	64
12034	11134	1437.487116	30.97006447
12034	23000	1437.487116	30.97006447
12035	18383	814.905566	107
12062	21153	471.3269793	127
12066	7108	738.0466417	79
12066	27296	772.9882475	81
12071	1951	454.8726403	135
12072	12656	258.5200052	172
12077	21440	2403.299782	103
12078	9112	1124.994264	36.92365229
12078	19828	1090.679318	41.21271655
12078	23634	1142.913767	36.1209642
12083	19778	511.3077467	145
12083	23249	489.8661552	151
12085	12396	182.5487729	259
12094	17611	1109.695272	90
12098	26605	1014.142231	100
12111	7678	1231.755609	88
12112	1233	292.7721247	164
12114	2030	368.5987478	133
12114	5404	286.2039862	149
12114	5728	247.4521762	134
12114	10585	310.0401889	122
12114	11568	339.4381463	116
12114	15420	380.1948682	106
12114	15785	373.0288913	104
12114	17349	358.3847361	139
12114	19663	203.6133243	149
12114	20161	260.0661021	146
12114	22023	347.0558004	117
12114	27349	318.285292	120
12114	27501	306.3758306	152
12114	27766	305.173848	128
12123	10795	630.9662115	47
12123	23110	597.4714323	51
12126	18359	779.7755784	96
12131	23133	2094.911027	66
12132	6524	1529.682589	67
12134	17433	336.5065374	125
12141	24761	199.4367969	155
12154	8850	403.6201431	144
12174	11313	1332.922352	94
12182	56	242.3364835	186
12187	16705	1194.40799	64
12205	25333	1413.685774	143
12216	23464	632.4597421	101
12244	136	317.3569371	125
12244	17064	488.6146838	105
12244	26342	340.0555944	108
12251	23509	316.2432771	163
12265	22368	247.2835015	143
12266	4502	492.5702982	124
12266	6314	340.5297436	146
12270	6049	5248.605189	53
12271	13879	731.9488251	124
12271	23840	676.517469	128
12271	26634	717.0411853	126
12283	27855	551.1756934	64
12295	24937	1146.117242	116
12308	16569	658.6066143	100
12310	2030	636.8820275	97
12310	5404	505.7270486	105
12310	5728	426.1625405	121
12310	10585	615.7103587	105
12310	11568	553.687084	110
12310	15420	576.1721921	100
12310	15785	630.6123604	100
12310	17349	562.5399978	103
12310	19663	403.7924284	121
12310	20161	424.8755447	125
12310	22023	615.0345936	104
12310	27349	545.9810298	109
12310	27501	510.3055254	111
12310	27766	572.6211434	100
12316	15482	599.2845479	46
12320	16691	2221.632479	96
12341	12739	242.8141556	100
12341	25894	299.9149133	90
12356	5310	392.4042011	151
12356	22005	437.1787365	143
12371	26383	1756.702226	73
12373	16244	212.9705759	135
12386	15667	1048.374131	100
12396	5693	283.1601658	102
12410	27864	545.1012803	88
12411	6938	518.248978	133
12416	20982	436.8829133	145
12445	4508	867.1872829	120
12445	8146	913.2930281	118
12445	12596	883.5292636	121
12445	22726	910.4954794	121
12476	8075	1187.456283	127
12476	13513	1359.751966	127
12481	14308	191.2664844	190
12508	2981	1101.777523	67
12508	15658	1214.309038	59
12508	21408	1256.017927	59
12532	17161	478.476251	81
12549	1071	425.2916539	130
12565	983	469.0616982	151
12565	14484	473.8072811	150
12566	7635	998.4097351	52
12570	24240	183.71644	164
12577	21066	1113.341975	104
12590	3433	2014.67353	71
12593	15767	618.682245	111
12593	26133	749.4825371	104
12616	12675	356.2522716	159
12618	14447	1055.956346	89
12620	14254	1242.305893	108
12621	2491	1152.556315	94
12621	3086	1129.388258	93
12644	1082	226.1782038	165
12651	17722	1754.180375	61
12656	9280	898.0319241	135
12664	3986	355.8426185	137
12686	11873	805.4089509	81
12690	871	182.0715711	213
12699	5555	288.8072877	169
12699	24808	322.8089961	182
12711	16366	1159.936671	106
12712	19131	241.5484216	94
12715	15314	557.7011925	92
12715	21474	360.8537893	111
12749	16425	1658.72646	51
12757	11347	707.5510489	83
12778	21123	528.6739602	91
12791	22933	293.1721359	126
12802	27223	1514.891771	84
12804	7370	413.8261581	120
12807	18251	1491.937974	103
12816	3212	744.9909	117
12816	6021	722.6857909	119
12816	12034	705.829027	122
12820	16217	252.9779021	161
12831	8118	201.4867485	193
12835	1666	783.5583605	108
12854	12862	362.0415146	164
12854	16107	298.3416888	166
12857	20871	591.1171963	105
12884	20205	2099.566204	62
12904	12324	541.4111125	112
12906	3466	388.7326379	139
12906	4741	339.8366784	144
12906	5618	478.179288	137
12906	7500	462.7781051	146
12906	10340	510.8574522	139
12906	20674	485.5263381	143
12914	6599	575.4115357	160
12914	11867	546.9386385	158
12932	9588	2819.802436	115
12948	12154	953.8943075	135
12950	1915	1560.657415	62
12955	5513	656.4107963	117
12959	17415	701.8191157	116
12979	12861	1480.436584	136
12990	19604	873.2793762	109
13000	23777	422.9630715	113
13001	1846	3349.81398	64
13008	1979	469.7956114	169
13008	6395	457.5891652	175
13008	7291	476.8538111	180
13008	11513	465.1452545	169
13008	14129	468.325211	171
13008	15143	453.7683105	165
13008	15583	506.8711186	177
13008	19821	380.9888928	189
13016	25646	385.5998736	56
13022	4502	463.1517493	116
13022	6314	402.0110547	119
13024	14772	693.9437688	94
13031	17228	1668.147419	92
13041	10213	1329.679515	69
13045	13144	1862.481616	70
13054	7848	348.8020855	121
13057	16413	317.6129626	182
13069	12409	536.6263406	125
13075	1819	3694.286964	25.97643606
13092	21770	230.3117137	118
13099	5530	3381.107263	70
13100	19992	219.6408074	115
13113	12874	2989.712407	31.65828812
13120	21385	3928.331343	95
13133	6216	258.0171921	174
13143	23767	311.0001344	131
13144	1489	214.9945976	131
13150	24618	513.8738346	99
13166	9569	691.0911697	87
13174	2900	775.0042601	57
13181	22374	270.7857477	137
13181	25681	260.1234501	134
13183	7382	1276.192445	135
13239	25056	518.1907536	103
13245	8047	2905.199959	36.1209642
13277	11105	313.6798066	165
13277	16453	270.6973336	169
13284	28198	1484.371377	137
13296	19346	1773.999989	65
13300	18171	185.6757614	133
13306	9130	4049.696187	27.74696714
13322	12915	495.8981418	141
13326	16139	478.109884	155
13329	7465	1398.498438	62
13336	19092	532.7305001	96
13357	5047	487.7187832	97
13368	25029	2698.662689	71
13373	7484	2783.250527	34.5675579
13380	8049	481.5414076	119
13396	22941	688.4294201	104
13410	7539	717.132584	95
13422	11522	2018.274296	71
13422	23103	2084.282223	71
13450	19516	1086.38999	30.2968022
13459	2938	770.1309726	102
13461	8684	522.6515957	148
13461	19755	509.4008664	155
13470	19925	682.0372399	81
13481	12261	365.0165208	129
13481	26971	327.8291209	133
13481	27723	269.1950011	140
13487	10325	415.1728197	70
13507	20531	1416.276451	67
13521	1391	3319.366527	25.41173093
13538	6269	633.9287831	82
13566	1546	286.3878102	153
13566	4233	245.0723929	163
13566	5577	257.6640332	153
13566	8964	313.2645176	145
13566	9660	239.4975783	159
13566	10705	305.9980478	150
13566	23774	263.701745	159
13566	23893	221.6330327	161
13566	25288	227.2518211	148
13566	25468	268.8635312	151
13569	24910	181.1963793	234
13576	22920	503.6227251	84
13595	13451	212.5006437	197
13610	18984	207.3210392	133
13613	21169	661.3721403	124
13618	18201	997.4319333	61
13636	898	821.7315895	102
13665	1227	3500.858058	71
13702	24409	789.7899581	118
13711	28035	280.0564797	141
13716	13149	197.3392815	170
13718	18358	856.0998142	108
13721	27958	1190.014354	56
13724	27047	388.4864831	187
13726	20419	258.8951004	128
13740	17487	2754.854933	91
13750	2892	268.2664926	115
13750	15351	240.6755284	116
13752	4343	698.6708266	97
13792	368	400.1535312	162
13792	1440	384.1027362	167
13792	2703	418.4536414	157
13792	3610	349.1768958	178
13792	6656	332.4773905	168
13792	14321	428.7943897	167
13792	20093	394.1075752	146
13792	23783	375.3236862	182
13792	24556	411.6664185	140
13792	24782	438.6783156	142
13792	26030	330.9111595	159
13810	16973	324.7281775	168
13812	11963	874.4379133	132
13816	20619	1957.849658	38.58293741
13825	20852	518.5398619	148
13825	24354	405.4621917	173
13830	12665	1122.097165	32.36180563
13834	9894	478.291198	141
13834	12829	597.7203625	137
13844	4950	3708.259458	72
13850	12942	534.8645229	105
13850	23863	580.3678773	98
13854	222	343.5451921	125
13861	1957	1069.012248	104
13868	28034	2060.808913	74
13869	9454	892.9737561	133
13869	23776	888.5111404	133
13876	23404	189.3561008	144
13884	24600	215.0549449	181
13898	559	624.850511	55
13904	14068	1967.883922	107
13913	26027	528.3831021	123
13927	24005	220.2148032	210
13942	15950	791.0513468	57
13942	23900	781.1046227	57
13949	18766	1460.742786	17.10875968
13951	21351	955.7987166	120
13959	2860	613.9545408	98
13960	20384	1423.560093	50
13961	8719	642.4119089	77
13984	14591	4927.766528	52
13999	3986	439.8920106	138
14001	8949	551.3534197	135
14025	2560	622.4030397	63
14036	1676	363.9706857	103
14036	3095	325.9656394	119
14036	21427	337.6985039	107
14043	2600	1013.638963	18.68098611
14043	16388	1062.869504	14.99500512
14043	16753	1019.493868	17.87759777
14043	21547	885.9728946	19.52047734
14053	20218	1226.896459	73
14059	25727	447.9248557	120
14072	27714	3104.593271	25.41173093
14081	17151	676.6199172	65
14086	27798	621.5537503	143
14093	19321	580.6317682	123
14099	24171	1218.068875	85
14100	4393	306.6331459	117
14106	17245	3761.745587	63
14130	16897	428.568866	122
14131	26609	216.8251065	176
14134	1337	490.6012458	177
14136	4692	791.3803647	78
14137	10658	1484.374252	156
14137	10952	1627.440229	156
14137	12319	1451.045479	160
14159	24199	356.8135818	152
14161	7481	1047.297781	97
14165	4790	345.9393482	175
14165	25835	429.1949783	170
14175	1224	202.6892098	156
14175	23666	198.525196	159
14176	13384	1534.354892	51
14176	22082	1411.802856	59
14190	11283	880.2455075	100
14197	10994	1049.439368	56
14198	4949	532.5664524	133
14198	14731	388.8344565	152
14198	25153	538.3029012	140
14202	22551	914.5574849	55
14209	19403	529.1324935	141
14220	7586	663.1043198	129
14224	6746	2160.704714	65
14229	18044	810.4391574	37.7441779
14231	11152	1458.617221	42.1285547
14240	6538	1910.651394	57
14242	8717	547.8973477	57
14244	8690	843.6575487	119
14245	27648	870.6902829	93
14248	27141	1184.453874	57
14251	20238	986.1669757	118
14252	16980	1935.155072	72
14258	625	3174.47788	71
14259	15630	1611.261587	70
14266	19025	920.4280496	62
14266	20544	1010.228106	54
14266	27451	933.596086	63
14280	11471	506.6581319	115
14289	21561	236.1297184	115
14291	1253	360.2610213	130
14291	17272	326.4123033	132
14291	24852	330.3901197	131
14321	26005	193.4794853	213
14336	7699	271.5987218	136
14336	9618	262.5451643	138
14336	10341	262.4207062	135
14336	15689	278.2741336	134
14337	8896	224.2264573	153
14343	983	593.8173373	146
14343	14484	605.7988193	145
14352	3611	220.6669592	173
14361	17528	758.2514054	109
14368	23300	348.0442951	150
14393	4229	647.7269447	94
14417	11277	244.5875436	156
14427	18233	185.8410458	250
14451	7369	997.6948449	78
14453	16576	632.0815695	122
14455	9454	743.1488072	144
14455	23776	745.6234625	154
14465	20520	254.5062291	152
14486	7689	558.8191356	93
14486	9444	709.2744774	107
14490	5069	553.2002436	102
14490	7132	635.740752	99
14490	25347	491.5214184	99
14494	5765	982.8443473	120
14498	19294	603.4103399	104
14501	5009	782.5271513	58
14501	25377	864.4577264	52
14510	20065	617.3443745	96
14514	5743	1410.444693	74
14517	1980	609.689068	67
14520	12311	358.860903	112
14525	5388	3276.92004	87
14525	11718	3307.527827	88
14534	1091	350.1296376	177
14534	2271	380.603419	184
14534	4431	360.5272741	186
14534	4512	378.414476	180
14534	4767	320.6444268	208
14534	5381	386.9492556	190
14534	8053	357.5782468	183
14534	8549	362.3840002	173
14534	10755	396.7899604	171
14534	13896	341.6307144	180
14534	14542	331.1050578	202
14534	17330	353.6764827	188
14534	18516	304.8511276	195
14534	18771	362.4101677	200
14534	19393	399.91225	166
14534	22932	256.5575831	190
14534	22954	305.3017729	202
14534	23743	346.204831	168
14534	27271	351.8767541	188
14534	27411	355.7435817	186
14556	10373	196.9203671	182
14558	6839	679.6859705	67
14558	8341	517.4264031	66
14558	22168	486.3931252	72
14600	12062	1312.926214	36.92365229
14604	2955	2330.106417	41.21271655
14607	14026	1531.840423	65
14609	10936	3571.21659	90
14617	2815	1157.099154	74
14623	21478	191.4478966	117
14643	917	2888.272733	52
14647	1767	274.7161262	192
14665	11804	927.6976674	113
14673	7104	237.0403647	149
14677	6774	1195.347669	57
14694	17780	273.585429	147
14697	3771	453.1876448	125
14710	16398	190.2270636	202
14710	22904	217.3808543	197
14710	24154	211.5431013	191
14716	16038	205.421286	141
14746	27911	753.9718358	76
14748	7604	682.6368149	135
14776	24526	726.7313151	103
14780	3882	2049.968879	61
14780	6596	1546.547047	62
14785	9711	298.1900289	102
14787	20665	898.9310923	60
14790	10992	563.4353489	112
14793	23027	1170.115154	109
14804	15311	3194.17966	88
14816	19778	647.9318933	146
14816	23249	674.9719459	132
14831	13632	1675.398044	102
14838	25095	994.1027547	111
14858	4913	316.6680673	132
14858	8629	364.1442356	121
14858	14303	215.7243014	134
14858	17730	290.1628828	137
14858	18168	357.5534138	117
14866	13843	350.8928145	113
14885	368	216.099821	206
14885	1440	309.2147217	177
14885	2703	317.8031463	174
14885	3610	259.4342956	182
14885	6656	353.1425343	171
14885	14321	438.2191863	170
14885	20093	300.6573041	167
14885	23783	254.7257692	206
14885	24556	380.4504229	160
14885	24782	352.9963843	180
14885	26030	254.5831202	190
14891	1565	1251.012329	70
14891	10758	1300.8552	68
14891	17959	1261.276752	72
14891	22618	1301.010777	70
14901	13254	284.9564369	109
14902	11609	774.8049936	95
14913	10716	786.1440385	95
14919	12448	594.5143837	173
14923	9386	1698.599866	116
14942	12451	1861.009687	57
14968	20572	205.1731441	168
14971	13076	1643.195273	75
14980	8361	1149.748643	76
14981	16440	836.4452158	84
14981	17166	634.3572182	89
14986	23071	1120.897856	36.1209642
14990	15394	1164.150489	110
14999	13330	2401.578538	92
15013	3812	970.1554704	79
15015	27536	280.3323978	136
15017	13920	2693.74075	72
15018	13062	3737.874631	81
15023	14860	1009.291803	76
15031	4958	2575.917722	75
15034	1946	342.5191096	142
15034	6388	492.5030066	132
15034	18388	378.1115269	148
15034	24902	358.6684755	147
15041	34	1942.874529	50
15046	12434	524.7229124	66
15059	3774	1161.60603	33.81608925
15067	4430	624.4786818	79
15067	24858	595.0661793	84
15069	20462	2548.486926	59
15072	2008	359.6842085	181
15072	4369	520.4731122	168
15072	7973	362.3922994	183
15072	9730	361.085037	183
15072	10655	331.527769	186
15072	11284	373.421937	192
15072	17785	413.6617667	181
15072	27266	369.8293245	192
15073	23177	727.034779	29.63817606
15074	4262	1557.117964	49
15100	4010	407.9239508	179
15102	5148	450.3416664	113
15107	18565	2483.535526	16.01705151
15127	11574	397.6721615	167
15132	14595	1416.326833	172
15141	9236	353.2020663	184
15141	12888	349.0361305	198
15164	2557	618.3799297	64
15172	6589	425.8293456	105
15187	17154	199.7087259	208
15187	26227	199.2559812	210
15192	1954	1313.676865	144
15194	14986	298.8393656	63
15198	11911	2386.75344	52
15207	19472	184.7753146	215
15209	23517	1758.710109	36.92365229
15210	1411	1793.682707	61
15224	11668	892.6435199	105
15257	1095	636.4169727	169
15262	2952	2828.287952	55
15269	17532	444.6226711	131
15276	27630	592.9053784	136
15279	15303	586.3204684	121
15279	22922	632.1112996	130
15279	25846	611.971017	133
15308	20950	960.2804159	92
15314	25873	1174.471693	84
15316	2741	217.1691018	154
15328	21768	478.1916988	159
15331	14635	1164.651837	61
15334	12726	392.1971523	109
15358	19109	1058.372563	46
15360	23150	3552.603498	42.1285547
15364	26840	1139.292221	42.1285547
15369	20959	1033.399544	71
15376	9003	857.4041607	61
15395	19832	3101.362159	24.31888239
15399	28075	2040.697439	60
15423	26948	2295.795668	75
15441	21763	194.9260769	150
15444	14197	1177.326542	73
15449	3096	713.8389451	99
15468	23445	246.8570379	148
15474	23534	185.3716916	149
15494	1091	346.8905837	184
15494	2271	370.6226134	201
15494	4431	308.3636527	206
15494	4512	303.1354631	205
15494	4767	316.0395193	206
15494	5381	383.7749218	194
15494	8053	243.8021781	225
15494	8549	328.8885075	199
15494	10755	295.9581001	211
15494	13896	307.429817	195
15494	14542	348.8847779	188
15494	17330	369.7835675	197
15494	18516	355.097664	192
15494	18771	376.4212979	198
15494	19393	315.6189659	191
15494	22932	259.4154187	196
15494	22954	283.1846424	205
15494	23743	350.5759745	187
15494	27271	349.7685675	203
15494	27411	388.3764451	188
15519	23316	309.2749561	85
15525	18654	1042.559695	183
15530	8481	1300.346611	60
15535	12737	524.101047	118
15558	12983	1838.915792	44.02173913
15560	14521	217.3479746	184
15565	22221	291.2417791	107
15567	8055	589.9843325	107
15590	8165	246.1518909	135
15604	1034	1062.487864	129
15606	23182	1312.917914	110
15609	1125	522.3797715	136
15609	10688	459.743332	139
15616	26291	742.9371751	74
15617	1971	323.0543457	187
15624	25338	872.451157	68
15637	2426	369.8349901	132
15649	1369	354.0533622	115
15649	27729	301.6426709	130
15652	13154	206.3503437	175
15684	11626	421.1037381	88
15691	7151	329.1658842	130
15697	28387	229.9494456	126
15707	4583	1318.231075	111
15707	26021	1312.336909	111
15708	26685	608.9054955	153
15716	3104	1665.556559	9.661404388
15722	20327	1369.489482	142
15765	28024	207.3767452	183
15766	19366	226.9303833	237
15777	8642	4348.062998	58
15781	22461	1959.683435	100
15785	18729	365.8558026	105
15789	2287	2832.319931	46
15789	27525	2800.365843	44.02173913
15802	11009	1988.590722	35.33572585
15817	13972	1858.176854	59
15824	6595	234.4528281	195
15824	8164	298.4807667	185
15824	20776	292.0472626	154
15825	17827	1203.27946	110
15834	6407	429.7637473	113
15852	12753	284.7243946	159
15852	13381	280.1747346	155
15852	15819	286.3271295	148
15866	14870	1403.022536	69
15867	14325	325.1622563	147
15874	15304	830.2447941	146
15875	5908	3060.91737	30.97006447
15876	2235	3454.242405	46
15885	20262	824.0106362	106
15889	8098	1078.352249	114
15893	5005	502.3907386	148
15920	21347	883.6630366	115
15921	4193	597.7439512	96
15925	5222	417.0260112	134
15928	19346	1704.281946	66
15934	5202	817.6690859	49
