6	565	2454.04863	82
9	6191	361.658639	125
11	11681	1571.230822	60
25	15026	612.0633296	96
29	6959	1026.647429	54
35	16375	227.725814	140
39	15057	309.3700407	160
42	15798	700.6394578	98
45	820	715.5139787	94
45	4157	590.6234878	110
48	4530	796.6336604	100
51	3606	411.3112231	116
65	17013	213.0057094	190
69	14648	434.1047739	155
103	9782	1092.860333	88
107	16679	226.7968295	161
114	14841	1515.378089	82
116	12093	279.644323	173
119	181	1307.668527	65
132	4361	601.7622479	144
132	11919	476.1284269	141
139	17134	893.0162124	106
143	10627	1113.29006	70
150	12431	401.3647818	148
157	4574	363.8146071	200
163	10223	567.0792296	164
168	2146	1202.266178	81
172	6216	1303.7054	99
198	7102	1291.662625	65
198	17358	1181.511864	61
200	15546	1571.939432	39.44033602
211	4975	698.2707409	116
216	4822	398.9066396	125
244	2779	186.7000121	228
248	17125	709.4096248	108
265	8988	592.818795	140
286	3724	2321.898628	59
301	2323	739.7748007	140
301	12408	1022.057765	128
307	560	1382.866138	46
324	1092	774.161133	132
328	2876	731.7155406	100
329	2678	375.2993574	174
335	1045	1141.169934	32.36180563
336	9462	757.7921707	143
336	13007	955.1446241	130
339	16048	356.7469264	97
342	1214	1960.908987	130
349	427	181.8139505	226
364	16687	2971.62487	31.65828812
385	8856	182.3094516	199
388	1012	195.4871042	121
388	6872	204.1459644	134
423	1749	962.1515307	108
432	6735	1302.187013	116
437	7661	3024.310663	31.65828812
440	12953	706.0442842	114
440	16845	790.8282608	114
444	6846	1279.914914	64
451	8335	397.9591051	143
451	16210	372.830437	149
465	16129	1636.318376	84
475	8475	1611.49049	70
477	14959	2703.892408	45
481	7907	611.4865563	103
513	670	1652.713359	84
523	10741	309.8592854	185
541	5363	338.8445568	71
541	6308	361.1787741	71
541	17514	291.725983	75
552	3210	1509.418765	69
552	6646	1477.474702	72
566	12936	504.1266105	108
572	17274	234.9991779	203
575	8262	313.1331347	143
577	1922	229.6800095	137
577	5089	281.2705456	142
577	16299	222.800401	134
579	13823	337.1452078	153
582	217	1501.427388	70
602	3420	190.2744748	143
602	15142	185.6171215	148
609	10996	1447.317789	83
617	13572	1191.019512	77
617	14537	1087.70399	87
624	1490	918.9744846	52
638	7647	1691.812144	71
644	11674	300.56239	137
660	1733	207.9207271	131
660	13300	184.6977227	148
672	4887	860.6800224	89
675	8508	723.3297014	104
683	4569	205.7043285	219
683	11282	222.1940565	230
687	2499	315.7436865	77
696	10258	452.8589897	155
701	1274	262.7450288	136
701	4509	328.5228998	139
705	2916	484.7718648	126
706	2270	666.2368033	114
709	9338	339.1005842	129
709	17621	336.3484713	123
714	16825	527.4271415	84
717	17562	206.5882075	160
731	2563	2202.740606	37.7441779
745	4106	3159.175302	60
745	11575	3377.004667	59
748	15959	183.6633115	124
749	7669	279.1145545	200
782	48	1063.294819	120
797	17391	248.0931163	127
800	4902	406.6815299	142
815	586	299.8225335	154
837	3880	390.1390057	59
837	6145	342.2762785	61
838	8834	1224.906576	106
838	9982	1307.046798	97
841	5696	543.12276	121
842	11731	1387.61603	72
842	13718	1386.059015	77
848	7818	2163.185281	116
858	4446	1331.898627	54
860	12454	343.3009506	173
878	4571	343.0645357	150
885	14285	1183.91428	122
885	16313	1119.397648	120
900	14925	643.7548159	96
905	15181	3135.078768	69
922	11141	1708.17659	72
922	11395	1727.407429	70
941	17013	218.5406215	167
942	6333	835.242217	127
947	11053	1549.301093	24.859302
960	4705	985.522809	148
962	9351	205.1623444	201
962	15640	214.9909092	210
973	8029	470.4580759	112
973	10777	453.3515289	113
976	8307	271.078044	61
982	13210	447.9107772	115
991	10438	456.2438533	57
997	1073	3349.766049	85
1010	11834	777.3568536	60
1014	13735	601.7883304	140
1019	13805	554.5212582	184
1028	2716	1814.120873	99
1035	8103	249.0284017	158
1093	5493	465.1973455	66
1097	14788	660.7040147	109
1098	2640	1127.263549	27.74696714
1100	3648	4135.449623	77
1109	7344	265.9207463	164
1112	11654	301.5617584	164
1117	14957	2294.979055	69
1121	7667	4110.136285	98
1124	14684	299.5670838	165
1128	8346	312.2362851	152
1131	16923	1052.123758	97
1145	8572	462.9073998	176
1153	16321	267.4007149	135
1196	17437	1136.075876	145
1214	10255	787.0043558	91
1215	8684	1727.496507	68
1234	13592	457.8138418	175
1257	13425	447.4230882	70
1263	8829	873.4353743	80
1277	2809	581.8859596	123
1281	5429	1231.326031	87
1282	10822	401.3546413	64
1312	282	310.6084378	118
1335	2187	781.5421374	117
1340	2708	362.2158327	130
1345	4511	184.1781446	178
1349	7130	409.6572819	108
1355	15231	217.1795856	176
1389	11100	343.4096785	75
1391	17430	828.6904953	99
1393	10768	339.0604506	157
1393	16791	403.8378083	135
1397	4215	1196.314937	100
1398	12838	2348.269551	92
1401	17106	563.5949003	155
1403	2913	795.5947549	161
1415	3651	318.9914505	166
1433	10881	416.996859	92
1439	2684	1174.537276	84
1441	7203	3203.375096	19.52047734
1444	2756	583.067736	63
1446	16216	1379.890102	70
1465	2409	966.6443739	151
1467	16399	301.0947813	174
1477	1940	596.9633625	154
1477	3090	623.2007958	156
1477	3745	541.0403477	168
1477	4742	677.5255061	146
1477	12030	643.9555529	139
1477	14913	695.0959378	149
1477	15157	626.9150017	162
1478	10857	1757.570635	43.0647448
1478	13894	1339.865176	44.02173913
1483	2354	914.6227473	59
1488	10913	656.2898724	103
1496	9437	385.7310653	144
1499	3573	246.975078	108
1502	11610	570.8023512	140
1507	16981	206.1872504	153
1519	11573	603.4226327	112
1520	932	1634.31993	94
1521	14777	495.0952363	150
1522	11147	213.2256949	163
1529	796	554.1674238	105
1529	7001	315.2185465	121
1556	15368	468.2953825	186
1570	2251	1154.979198	112
1576	589	908.5539528	120
1576	740	939.2337569	115
1576	7856	867.4541652	119
1576	8637	960.5819452	116
1576	10904	909.8791365	121
1582	13854	184.2237423	226
1586	7339	356.8607334	119
1586	17213	361.6546582	118
1591	4321	269.4556557	218
1596	12274	903.4319436	89
1596	12339	656.3294723	86
1600	3795	521.5797584	174
1609	14277	504.835706	97
1611	14227	2187.641283	110
1615	10954	911.3047745	101
1616	6450	1821.619239	91
1626	11658	1430.530304	70
1631	9387	646.6618152	53
1631	9514	618.4933957	60
1666	12248	3288.164035	42.1285547
1682	2917	302.4507716	198
1710	14395	2102.675832	76
1749	3087	1130.454757	144
1749	10248	959.730119	145
1750	16378	493.2988007	111
1765	2577	388.2597453	112
1776	16367	1424.148876	51
1781	7602	2323.041735	75
1785	9843	747.2699728	91
1788	11788	1032.650334	59
1803	12014	191.7202967	201
1813	3825	2703.033662	44.02173913
1818	6390	2385.236574	81
1825	12244	2148.243836	28.99386789
1833	7943	695.3855247	96
1836	10564	345.9526127	114
1838	10223	453.6573949	178
1839	17473	3672.038029	58
1855	2392	923.6694681	95
1859	17705	5729.964726	56
1875	2619	3065.552003	146
1885	5804	266.3789422	127
1890	1563	200.9307938	193
1895	11815	5665.590938	30.2968022
1902	8247	251.3693237	145
1902	16298	332.7063708	150
1913	5260	394.7101521	122
1915	8693	681.2797139	144
1923	15741	637.5837806	98
1927	677	270.1384158	161
1927	2086	278.8366272	167
1929	1535	826.6345427	66
1930	7660	1605.036494	61
1937	6537	976.6373589	108
1941	8628	483.5696503	130
1954	11337	184.5113372	211
1955	12863	2639.735686	56
1962	10330	649.0181976	126
1967	5992	1045.999122	100
1977	916	303.5178538	120
2006	16352	415.657332	127
2014	943	348.9450334	115
2020	8486	1978.772006	65
2041	13101	559.2038634	91
2055	7804	2311.736079	31.65828812
2055	11850	2367.470622	28.99386789
2058	9892	1263.757399	94
2061	10008	2809.935444	66
2068	4751	951.1949073	111
2093	13888	1073.466384	103
2098	1940	664.5258875	161
2098	3090	625.3634118	152
2098	3745	595.1938033	162
2098	4742	694.959008	151
2098	12030	609.5305924	151
2098	14913	724.980071	143
2098	15157	649.2956682	158
2107	1242	705.1992497	104
2107	11003	695.8593337	99
2107	15448	660.7852274	108
2110	5072	879.9759394	68
2111	6663	353.1215261	145
2111	10518	424.5342064	121
2112	5663	586.0011915	101
2116	4449	243.0907447	217
2116	5836	245.2145931	212
2116	11466	238.5152673	186
2116	11971	282.7331595	190
2118	4271	233.9213501	142
2128	8191	418.6930601	127
2139	10379	642.6522458	135
2142	5638	594.3042328	133
2143	10873	264.2676406	185
2174	7121	787.9967797	96
2181	12428	993.248866	81
2194	10040	1002.400095	102
2210	1683	485.5358624	74
2231	12531	1640.680698	65
2233	9242	351.5611159	149
2243	6091	761.0794061	180
2273	4928	735.3611753	114
2276	12661	1691.056934	85
2282	164	2276.862213	102
2290	3624	1490.031981	86
2296	9089	3105.098826	22.76709704
2297	9691	1227.084479	76
2297	11474	1196.901935	78
2299	11249	486.8640039	97
2310	1842	954.1296197	90
2331	4113	407.2920308	112
2331	11904	414.9415326	117
2331	14371	350.227686	122
2331	15787	427.5312205	106
2332	6099	764.1196986	105
2348	589	1124.515886	126
2348	740	1075.055484	126
2348	7856	1048.127512	128
2348	8637	1113.986352	122
2348	10904	1041.201757	126
2356	3999	535.2451976	145
2367	12204	658.428774	108
2369	14191	222.4143865	135
2376	12039	1027.431908	79
2378	12811	221.6268971	162
2383	1903	732.9621746	48
2385	16865	851.403769	157
2395	9682	621.1809396	90
2408	12026	635.198246	65
2412	2692	497.9183536	128
2439	8318	811.3374708	102
2439	15778	817.6448571	109
2448	16149	808.991957	150
2457	12040	742.758495	58
2466	3010	934.1727047	113
2466	11952	928.0217707	113
2469	1150	650.4131483	104
2469	6817	618.7465352	124
2469	10257	698.2676083	115
2478	1157	234.8929014	101
2487	4094	1449.56748	111
2490	3294	347.1954176	136
2490	15772	381.3387813	127
2500	9847	605.1403894	30.97006447
2521	7567	239.7483054	130
2537	13475	1960.338849	69
2543	7397	1482.817819	56
2549	8584	327.4338671	31.65828812
2551	3546	2447.42861	70
2552	5269	800.1935873	77
2572	7795	4164.532773	43.0647448
2574	14543	1514.122031	19.09611913
2588	10225	1131.500578	90
2603	8744	299.7636077	109
2605	6173	1400.212824	113
2634	16345	2406.025048	59
2635	10835	669.0462849	56
2665	10649	728.0934638	129
2680	7467	674.4740649	97
2694	11769	922.0198631	120
2701	6521	1168.039145	124
2701	16594	938.4142185	131
2707	9779	1797.256683	79
2711	13990	204.2526609	112
2715	4029	6013.293779	71
2728	10041	303.2688646	132
2737	14764	1248.270676	80
2738	14835	4531.21815	64
2746	10688	1000.056005	154
2751	1752	1546.913284	89
2753	7690	1640.299134	29.63817606
2776	12084	552.3227377	139
2776	15414	645.6111149	128
2779	13917	233.9755398	115
2788	820	736.9604544	100
2788	4157	647.2551033	105
2795	1383	1878.680716	75
2801	2950	403.2670339	137
2801	6433	429.7280263	132
2812	16703	722.4143939	90
2813	15116	536.4506466	136
2822	9757	440.0677564	109
2827	6341	3024.590465	11.77465311
2829	17395	735.5075931	86
2835	5629	1007.457561	86
2855	6901	363.333437	43.0647448
2864	6820	1937.989053	123
2882	6075	1171.285199	57
2892	8723	971.2875766	33.08095687
2936	8149	199.5207374	190
2946	5310	463.2389805	122
2965	12617	395.6790963	196
2972	12993	1771.15234	55
2977	13701	2564.271207	94
2977	15114	2088.37777	97
2982	5251	437.7244091	108
2982	7762	470.6844918	99
2982	12075	442.9146507	103
2992	1279	633.8185209	162
2995	15024	1041.177856	120
2996	14812	587.747874	128
2999	1150	589.4101236	121
2999	6817	522.4957031	136
2999	10257	561.9546762	148
3000	12474	337.5441624	138
3001	8653	579.6298857	131
3013	13477	1104.393227	142
3017	890	291.0460281	114
3047	1693	3412.974938	59
3060	8979	873.2713782	93
3061	4144	674.64648	111
3061	15586	763.4161338	102
3064	821	1638.34325	93
3067	3829	1388.493726	110
3074	16706	1532.13601	45
3103	12465	251.8117693	151
3114	589	1762.845706	117
3114	740	1825.972497	117
3114	7856	1848.593854	112
3114	8637	1782.655655	117
3114	10904	1762.195811	119
3134	12122	1807.993813	117
3139	2527	347.6052585	110
3140	9417	260.1852922	156
3150	5186	887.4859433	92
3162	8603	2968.283279	84
3174	8009	1642.077832	70
3174	9550	1793.6276	68
3175	2025	1736.928132	48
3175	14878	2078.164858	51
3177	1062	1245.458691	107
3180	10024	1082.670756	94
3189	3212	2909.937685	27.1437722
3196	1189	237.0140417	218
3198	408	1874.597319	67
3208	4074	3543.909063	113
3213	5859	369.1193464	115
3229	1115	1724.121648	69
3229	1357	1692.561198	70
3229	1985	1674.234317	65
3241	11809	1071.882568	71
3261	1635	3994.678989	30.97006447
3261	3176	4029.308307	29.63817606
3261	5527	3992.025105	29.63817606
3261	14689	4100.0206	29.63817606
3266	5167	276.351792	133
3267	5786	1253.807201	102
3274	4123	1319.280335	89
3274	4210	1506.238187	84
3279	4364	323.7380336	65
3298	3912	1161.907125	78
3308	14442	297.8575056	176
3308	14510	349.6812466	184
3312	13262	294.5205653	128
3329	8046	1222.368377	78
3329	11872	1331.644655	68
3341	17086	957.96254	65
3343	15203	236.9917865	204
3346	6723	265.6919541	135
3355	1007	229.8267211	145
3366	6251	787.2996196	46
3366	14186	696.5156109	45
3390	6186	990.2184165	34.5675579
3390	11116	1092.498216	36.92365229
3390	14050	1078.123289	36.1209642
3397	1548	529.1405665	150
3404	6032	668.3692215	143
3417	8554	310.9219558	117
3420	6702	748.6298069	117
3449	1405	865.9528577	42.1285547
3449	3939	846.9139395	44.02173913
3449	12151	885.4084808	41.21271655
3449	17411	852.7594453	46
3453	2049	435.3042734	150
3453	5242	432.5023151	156
3459	2097	1769.606567	73
3470	3518	1325.631683	81
3470	15176	1310.317159	79
3511	2778	3899.715052	20.39769385
3511	14554	3775.962047	22.76709704
3541	8892	1268.019369	66
3548	565	2142.906226	85
3556	4218	1304.52874	58
3556	13997	1426.065791	53
3558	8049	2645.505907	58
3569	4812	308.8315308	64
3574	4388	1662.36155	83
3575	3621	1195.827958	82
3576	3684	551.7068072	112
3579	13117	1342.295212	97
3584	8353	261.3676151	166
3587	9644	1308.106911	60
3587	13414	1305.89841	55
3590	2997	583.5391471	88
3590	3014	615.8534969	91
3590	16079	520.5493111	88
3590	16288	568.1686736	95
3606	4389	3760.788793	23.27303253
3606	4550	3749.515416	23.79021103
3606	5445	3629.483922	23.27303253
3606	5741	3775.353711	23.27303253
3606	11655	3767.84048	23.79021103
3606	12871	3475.182382	21.78798276
3606	15765	3681.883709	23.27303253
3609	4219	829.0213098	114
3611	1296	201.3870892	183
3631	17420	4151.98194	57
3632	2219	974.6166003	106
3632	10541	1009.110066	106
3640	14597	4025.62164	66
3652	4735	343.7650186	101
3656	2324	253.7089013	109
3697	1437	212.5874834	189
3702	2533	3658.643975	53
3717	33	383.8462637	141
3727	2862	1218.8505	30.2968022
3729	6221	231.8494139	138
3730	3163	226.0637788	95
3732	9437	482.4372333	147
3748	3604	793.0180068	24.859302
3758	1027	1197.466598	96
3760	360	416.47328	131
3760	8224	381.7966866	130
3771	11748	182.4265574	143
3772	906	3575.974493	39.44033602
3785	180	1587.930961	66
3789	12063	724.7906236	140
3795	16463	765.726461	87
3803	2249	1725.231321	62
3833	12028	410.5152074	87
3838	6007	459.6478026	64
3855	924	823.0687357	128
3859	11222	703.9616235	36.1209642
3897	17666	325.8092753	98
3898	10111	786.8084504	157
3901	6984	678.3211022	104
3903	11205	1658.786699	68
3911	15966	360.1344611	102
3917	16324	523.3580168	99
3929	12159	614.351001	114
3930	9134	226.6673173	108
3935	4081	586.8294573	100
3938	15581	692.4288664	49
3951	11260	1500.537146	58
3952	5722	312.0299699	172
3953	11398	266.0715829	172
3955	10148	356.0942143	148
3962	4660	615.7988518	101
3971	12889	3169.676074	59
3973	3329	1998.298051	98
3973	14195	1852.456409	105
3983	2801	327.088378	78
4000	1423	1340.159311	97
4023	4241	208.6572134	174
4028	15519	823.16173	121
4041	2457	713.1110025	148
4041	5886	620.3970037	155
4041	16459	817.8737145	144
4065	6284	213.6301084	123
4077	4430	369.7538521	129
4085	8613	426.1521365	136
4098	3027	1463.113889	146
4111	13903	1290.290183	83
4123	15975	1444.49896	58
4126	6434	877.1502197	110
4128	13057	2004.009732	84
4136	9153	1046.652353	66
4156	7404	1668.671809	92
4163	847	2237.607948	117
4189	9332	224.0256705	115
4195	11924	310.9024017	61
4199	7672	946.8874389	115
4201	6523	1760.153196	43.0647448
4210	5649	202.6430637	103
4211	4477	534.0192916	96
4230	383	386.311338	128
4230	6698	394.9786274	111
4230	7913	342.0562357	136
4230	9017	381.9411551	120
4230	10444	369.3683647	121
4237	1630	675.2948904	96
4237	10776	604.3440552	105
4241	6542	1535.501442	22.76709704
4241	13940	1557.071695	23.79021103
4251	13477	1154.761903	135
4253	3947	1808.014337	105
4278	14847	725.4479224	76
4282	10816	611.7213588	103
4292	1232	927.8306452	95
4292	14625	901.3538508	101
4299	9154	930.0403215	38.58293741
4300	1292	2526.63679	82
4300	9764	2582.126457	81
4319	17476	1919.360631	81
4326	6041	820.3499492	84
4335	9063	791.7383168	106
4347	13308	378.5124215	132
4361	16854	699.6206971	49
4364	8169	212.8104344	151
4367	10379	537.3052444	138
4404	1319	1544.941568	43.0647448
4405	8563	495.5442192	102
4406	2223	1940.872263	28.99386789
4422	83	185.5091342	146
4422	4497	420.7833236	140
4423	8235	195.4279477	215
4445	10966	181.069959	171
4460	492	754.5477657	135
4464	4486	1112.106387	71
4491	14057	462.2971191	158
4492	14865	1749.302927	37.7441779
4505	17204	277.94905	155
4512	5367	574.3680686	124
4513	2001	1603.97123	60
4523	5947	800.1823833	109
4536	6645	720.0549693	159
4554	15893	1982.731508	45
4560	1272	1476.476888	24.859302
4566	1415	939.0060149	121
4566	6635	885.2880965	126
4566	14953	849.1541071	131
4586	11719	1184.091834	66
4593	6953	245.9299588	113
4596	2345	281.6925531	158
4596	5961	274.0712311	184
4602	4827	263.7705702	125
4607	12531	1685.986871	66
4610	2918	1943.775805	63
4616	5369	2490.674868	83
4616	17414	2260.378318	82
4629	11629	208.2310363	99
4629	11932	348.7857464	85
4640	10223	398.2115652	157
4643	10135	493.2533438	75
4643	14494	494.7374929	70
4649	6860	553.5312286	121
4657	8234	198.4035153	247
4677	1898	8372.989712	71
4690	3042	561.727308	165
4694	2363	246.1968174	124
4701	13184	397.9967299	78
4703	8391	574.2453701	88
4729	10389	306.0432787	128
4729	13420	342.9801829	143
4743	1307	728.9476733	95
4780	594	934.3100297	88
4795	5127	507.2064702	89
4804	5061	187.5488331	262
4815	14007	941.163907	53
4836	17272	2470.608927	78
4890	10832	2029.361416	86
4897	910	716.2648702	73
4899	14968	330.6677239	114
4908	6424	197.980578	147
4918	8366	637.1590813	120
4927	10858	870.2275492	33.81608925
4930	2777	498.3749436	118
4937	16822	383.0163106	116
4949	11439	507.1650339	171
4950	6288	778.8031707	85
4952	13031	1893.844032	45
4955	12037	3469.563617	72
4968	14845	543.6063479	80
4977	787	306.4811168	152
4977	1559	281.8773937	161
4977	4713	317.2479557	157
4985	14817	609.4627219	93
4990	16832	522.1750667	93
4995	11668	356.0102069	146
5001	6254	367.0586312	156
5001	11837	472.9821228	138
5005	6966	961.4808295	56
5019	4112	249.8108289	152
5025	12310	1252.660785	68
5026	3136	1043.243016	121
5026	3607	1077.735714	109
5026	4083	970.7432082	120
5026	4227	882.0983557	121
5026	13460	971.8451464	119
5026	14616	935.9668943	124
5026	16428	965.0641158	123
5029	2667	789.0958822	107
5029	6799	342.0095945	121
5065	1481	794.2086592	21.78798276
5065	1492	794.2086592	21.78798276
5065	2373	782.9811251	23.27303253
5065	3181	794.2086592	21.78798276
5065	3815	794.2086592	21.78798276
5065	6573	794.2086592	21.78798276
5065	6611	794.2086592	21.78798276
5065	9144	794.2086592	21.78798276
5065	12908	794.2086592	21.78798276
5065	13486	794.2086592	21.78798276
5067	4706	1334.211053	53
5078	1895	1551.946817	124
5088	15301	247.4063178	157
5091	9818	211.4126519	235
5098	7686	227.3799881	146
5101	5728	413.3225934	133
5101	10631	329.3322224	149
5120	13268	2518.00722	54
5121	16495	1640.452192	77
5122	16162	236.6227394	113
5123	923	2502.96043	80
5128	12477	1533.077118	54
5129	13896	397.39106	181
5133	3571	1506.665194	52
5141	1790	1647.598909	90
5141	5871	1670.458457	87
5145	15402	2191.205614	85
5152	16329	186.4874292	190
5155	17218	301.4140343	104
5167	10463	249.4751049	144
5175	6093	393.877382	123
5185	15892	193.2674234	249
5189	17635	2730.683795	90
5193	526	1384.325993	9.044911183
5193	17343	1428.437254	7.421581234
5203	4366	780.8222887	93
5209	4471	5336.061502	24.859302
5228	7528	2868.058838	47
5278	6283	1577.515546	114
5283	3228	1001.571297	151
5283	12137	976.2332489	151
5296	7319	260.1610306	201
5309	12902	2317.324702	56
5317	6797	552.8052913	153
5317	11346	510.3774013	145
5318	7502	891.8173107	59
5331	2177	2153.257472	73
5359	17713	219.3638355	153
5360	2183	188.6625176	167
5393	14335	851.9200515	97
5402	6013	1240.351114	118
5409	12774	400.5509643	136
5414	1569	907.5432894	114
5416	4954	201.5099999	153
5420	6259	588.7479355	38.58293741
5431	8931	439.029124	156
5437	4449	228.2153755	242
5437	5836	333.7301843	210
5437	11466	327.1932996	211
5437	11971	272.7160062	229
5439	6233	455.4122876	114
5445	13892	735.6366354	162
5446	14224	1515.640548	52
5466	14105	1582.454139	108
5491	127	646.5327089	21.78798276
5493	16686	653.0217952	53
5497	14108	966.8225432	89
5506	7613	387.6515322	164
5520	16379	1138.35452	86
5523	5279	615.4350859	112
5527	13128	524.2326675	131
5528	16437	423.5879026	99
5532	6501	632.5405089	117
5534	15779	2265.402999	48
5535	13825	1538.189577	70
5540	14680	759.7351647	108
5542	12451	305.4276035	219
5550	4574	252.400442	184
5554	3372	216.667466	176
5568	5341	572.0288647	99
5568	12823	591.4589889	94
5568	16694	506.2669554	106
5571	10932	1131.697143	102
5581	15501	687.9500626	74
5595	8972	6057.076827	35.33572585
5605	2780	2189.02818	62
5605	17208	2146.222583	63
5606	11630	275.8553549	96
5618	580	1532.757466	110
5632	8834	1192.901749	108
5632	9982	1316.848017	97
5640	13830	1112.450491	169
5644	2562	254.5160105	143
5653	13216	1456.580177	115
5659	17626	1960.713433	66
5673	9508	218.350701	120
5673	15675	218.350701	120
5677	8912	515.9863916	99
5683	14834	2028.223766	64
5705	2871	3079.006742	43.0647448
5711	1515	539.1160739	108
5713	347	2317.833283	66
5713	16138	2344.282553	63
5720	6477	909.4183005	143
5720	9555	947.1434065	141
5720	16519	935.1922327	135
5728	1774	1099.476634	102
5763	3632	979.3678922	82
5763	5218	1049.55012	81
5763	5606	1111.945105	86
5765	14430	238.7275177	221
5772	5453	655.2718386	57
5772	8266	599.3973507	64
5772	10043	644.4388072	58
5777	17361	2068.089695	109
5803	10593	2742.778465	43.0647448
5810	2739	366.5910264	221
5814	10908	675.8462007	78
5825	13169	780.3660818	97
5830	2604	1026.480862	83
5842	10826	1466.794934	79
5866	2995	3247.137711	61
5869	7766	560.1676163	118
5883	437	3219.358328	75
5885	6758	1321.133601	73
5892	8853	743.9832865	198
5897	10697	581.2052841	120
5903	8894	589.9673647	84
5907	5853	757.7071411	96
5915	1287	540.6191942	109
5915	3349	529.9757635	115
5922	15472	378.2996948	178
5930	5769	703.4953416	97
5932	1605	327.682373	171
5938	5341	687.8974941	89
5938	12823	816.1788145	82
5938	16694	659.0693349	93
5942	764	2103.022882	81
5947	11827	193.1228	154
5950	14534	283.8960206	182
5954	10521	192.839876	179
5957	7320	2463.488148	63
5963	2805	1379.85583	43.0647448
5972	15834	1088.49377	88
5973	8866	461.7352743	86
5976	16390	504.1802652	100
5980	9557	406.1828101	89
5983	436	331.4716036	94
5983	14626	316.5709182	97
5987	9720	668.8354812	106
5993	2163	188.3196681	151
6001	3643	307.9919643	176
6007	17429	352.5728435	154
6018	10849	2006.643996	111
6020	1297	194.0335198	243
6024	5717	806.7881439	29.63817606
6028	543	508.5784536	131
6042	14643	4211.829958	77
6063	7800	516.8897726	98
6074	3206	630.6664739	118
6074	17275	663.3522188	104
6074	17655	676.4518851	102
6077	11160	525.2104783	136
6091	7204	181.1993787	129
6123	7703	4118.662065	16.01705151
6123	16371	4136.433012	16.37298599
6123	16808	4108.458903	17.48895434
6129	687	389.837037	149
6129	5007	402.7287955	145
6130	1995	253.9150933	153
6131	5675	1331.360049	74
6133	11446	260.8680598	161
6133	16867	226.3688313	169
6150	362	663.3263514	97
6155	10529	697.754189	132
6157	4449	279.4131418	216
6157	5836	269.2003375	213
6157	11466	243.7819696	210
6157	11971	287.6302799	212
6170	9713	791.5134751	99
6178	14309	5384.000091	64
6179	2122	630.1235728	84
6181	11330	3183.673611	33.08095687
6187	3108	887.95986	97
6200	4818	246.771718	189
6206	6031	1651.810634	80
6208	10770	902.9451833	159
6208	14681	801.704748	162
6209	903	2750.440908	115
6223	14898	1205.625273	91
6225	14458	1210.410536	82
6226	9091	1660.334059	111
6227	8024	609.6767269	143
6227	16524	753.8665199	138
6229	4613	401.7114774	111
6237	1880	257.9684046	131
6237	3274	250.6000106	133
6253	15262	591.4986227	108
6270	9272	980.3629222	62
6287	5511	344.9333492	104
6333	12774	390.0113255	129
6337	15567	370.5752014	130
6357	11321	1238.610571	101
6369	16910	2918.045713	81
6374	15374	510.2185431	156
6376	10379	492.9097156	136
6377	10140	422.3581299	135
6386	12412	1520.331735	23.27303253
6413	8099	484.3461301	187
6423	3486	979.6504332	82
6425	2377	797.8697671	80
6431	16779	1922.316465	58
6435	11760	1399.930646	59
6440	8756	329.6166184	128
6442	2641	478.319783	82
6452	2482	293.4982813	137
6454	15716	2478.284059	44.02173913
6455	13392	765.5342067	124
6457	9139	641.7234269	123
6460	463	824.0311434	97
6474	419	361.5281552	107
6488	1261	881.0427854	85
6502	17413	480.9493672	98
6503	3393	1836.037515	96
6511	9993	809.6602784	115
6512	11103	871.302852	107
6513	5287	2610.323405	46
6528	1048	623.684669	96
6528	15651	657.2198046	95
6544	12774	318.9926437	141
6555	2380	1090.44797	42.1285547
6564	16523	266.2385906	150
6565	6534	716.6854304	73
6578	17398	1252.013123	89
6583	2210	1326.279218	124
6586	14637	3257.801176	48
6587	16057	195.8774744	130
6592	3298	1281.718571	74
6602	14282	239.697873	122
6605	1094	1937.090796	124
6613	5084	887.8348458	120
6627	2202	1103.787169	78
6638	4464	471.2494013	89
6644	10536	1152.231468	60
6647	232	1589.707264	54
6656	1458	595.4209601	119
6659	1851	1662.954956	92
6668	12331	1159.9925	53
6670	7493	237.8532572	169
6695	16136	895.11222	71
6715	7577	3425.930404	107
6732	6865	742.1699568	94
6746	4695	1296.288713	49
6751	687	305.7592917	175
6751	5007	283.6980371	163
6766	1970	205.0023793	185
6770	13276	459.3449674	76
6785	6821	395.7645425	129
6793	11561	463.1623808	91
6808	9023	16820.05319	30.97006447
6811	3699	767.5403384	104
6818	12245	567.5609495	58
6839	5268	1352.103918	95
6866	6786	1468.403209	141
6880	8134	245.1570405	158
6880	10032	212.344617	148
6880	14302	183.5259618	155
6881	4137	497.6052583	146
6885	11646	252.9638053	117
6887	12711	1321.236482	118
6893	6558	4712.731468	58
6895	7495	189.1921184	189
6899	2394	379.2536248	88
6925	13053	270.9206806	104
6942	8400	1471.797015	68
6949	1082	1370.168147	97
6951	5430	601.6829109	110
6956	13397	1256.013761	66
6966	16823	4017.241712	43.0647448
6990	10358	401.2116637	40.31678793
6994	6348	1687.60299	69
6995	3971	846.0202813	60
6999	12007	535.9697049	129
7019	9510	789.6394781	119
7030	3758	1225.034268	106
7034	15197	1020.693738	74
7037	10278	594.3663012	135
7047	6164	392.2332096	128
7047	9236	472.2787584	124
7053	1689	732.9005046	87
7056	14802	1586.299008	82
7063	14857	919.6386354	30.2968022
7066	12611	365.0430109	198
7068	13119	753.8962993	45
7070	10741	393.4203591	190
7076	7335	233.4769157	102
7089	10750	1460.42134	41.21271655
7093	1804	382.0667426	139
7102	11813	2041.734973	34.5675579
7122	4676	1202.499316	29.63817606
7122	8254	1199.29171	29.63817606
7128	12179	917.7895492	80
7131	1907	1068.321583	46
7131	10020	1119.335996	42.1285547
7133	8477	1003.071877	113
7133	11699	986.1741817	114
7144	11795	443.9310183	139
7163	11619	2817.447564	46
7178	2899	795.5264601	117
7193	13520	196.6290572	167
7193	13725	221.7569141	159
7193	14856	214.8928886	166
7195	7290	2022.642563	88
7215	2355	566.4272421	99
7219	11456	475.4172311	113
7226	3858	861.7410099	51
7240	7053	800.764923	23.27303253
7268	9007	268.4804547	174
7268	12999	326.1234589	172
7319	7175	202.4383963	229
7339	1740	1908.313903	37.7441779
7349	5957	399.2376843	136
7355	11260	1345.702311	56
7364	11062	270.5821662	152
7368	9007	290.0035605	174
7368	12999	319.1098935	184
7382	7492	3565.757757	60
7382	11296	3660.585484	61
7384	10223	486.6627323	160
7386	17232	1132.738598	75
7393	16478	2318.918791	68
7398	4202	1223.10229	91
7404	595	3158.661824	61
7406	9822	747.2859333	142
7425	17249	982.240217	90
7448	10799	2553.73521	74
7448	16742	2447.035664	76
7448	16820	2482.459652	76
7456	7344	292.4132968	163
7460	10059	325.0767866	182
7460	14871	361.9331864	171
7486	8565	378.5544766	109
7499	7014	750.3898104	93
7507	15512	857.7977548	99
7509	3219	606.884616	135
7510	13603	1253.273325	52
7515	15677	1313.789385	47
7533	9681	419.6071959	147
7533	10293	450.0482296	139
7539	11724	266.5641452	157
7541	9825	2239.521742	55
7545	14450	192.321235	274
7548	2506	553.6324581	99
7569	4882	840.218274	73
7578	5512	329.4075788	124
7582	9673	710.729966	142
7598	8762	370.2715058	110
7610	15968	412.7493266	145
7612	8628	359.5104773	135
7618	2258	2380.906855	97
7618	8478	2631.70585	107
7618	17197	2544.507612	104
7619	8992	243.9637178	189
7620	10950	1154.4998	96
7624	13768	256.524643	126
7628	16961	904.3256766	97
7637	11791	2984.317814	91
7648	16146	717.9401777	34.5675579
7663	5819	796.3123006	93
7665	9710	559.4013815	83
7668	1150	597.990686	116
7668	6817	462.3858685	145
7668	10257	520.4372424	134
7670	4281	333.9994341	139
7670	8378	266.2799849	157
7687	16721	551.2289417	105
7700	12108	183.0764242	294
7707	16916	355.2446437	124
7712	135	608.3312438	48
7712	1373	577.6942158	46
7747	16856	532.6378132	156
7753	1195	483.9481454	129
7753	5202	494.3182971	129
7753	12044	458.433003	124
7754	3449	1267.442918	77
7754	5213	1194.57127	78
7754	16780	1044.50992	75
7759	6517	1665.775847	100
7759	9672	1731.120405	97
7762	6004	1102.681397	82
7770	2392	1025.964744	81
7775	6543	451.4765296	166
7779	11206	563.5164281	120
7789	1467	189.9487964	215
7790	11016	7157.528563	78
7790	14082	7095.548923	79
7827	16615	639.6618456	95
7841	3663	843.5702443	89
7841	11693	934.5318469	84
7844	13671	704.535967	109
7844	16786	726.8539026	110
7845	13852	1219.878639	119
7854	12765	2443.166313	41.21271655
7858	7421	786.4360634	72
7858	17435	710.7546847	63
7912	14717	383.7133567	115
7928	5791	595.5369122	120
7931	7944	2242.735847	67
7932	13673	1143.826248	106
7937	2166	1641.740879	105
7940	330	300.5100344	158
7950	3595	187.0221714	185
7952	16139	448.8395835	174
7957	10223	317.028297	153
7973	17511	611.8124239	113
7975	1998	183.0405598	155
7975	5498	217.9054845	134
7978	17261	472.7946578	189
7983	17408	1093.346437	151
7995	8161	444.3833348	87
8015	7524	552.9163274	101
8015	13562	566.1156423	108
8016	16632	279.6458357	117
8022	10347	1167.097309	40.31678793
8026	10819	1558.19668	97
8026	11294	1908.735534	94
8032	9077	499.613109	23.27303253
8042	6727	434.7478866	207
8047	1483	253.8890836	111
8082	13593	925.5117332	65
8083	5809	312.8651859	88
8100	9798	467.7436613	165
8109	6027	402.4586643	132
8145	601	640.3997187	107
8145	3696	480.8640567	109
8145	4755	543.0256351	107
8152	11197	703.5116474	140
8164	4993	415.8036984	136
8169	17106	517.2158337	161
8194	12805	724.4025243	117
8197	12531	1623.654183	67
8198	4439	891.2594956	38.58293741
8224	16274	2049.311283	37.7441779
8252	14397	1614.354958	70
8264	9916	893.9849991	98
8276	12426	333.5037989	86
8280	11023	1144.54424	23.79021103
8284	9092	403.9512547	112
8287	1222	597.4395133	52
8295	5351	2077.267659	48
8298	2711	183.7995854	144
8300	7848	510.9922586	130
8302	13443	512.4832508	101
8315	12839	670.1066502	73
8315	15134	655.8519721	71
8324	13582	493.3813815	142
8331	4474	1299.357683	131
8358	2724	4396.065228	59
8362	10504	887.8356469	104
8367	4371	1306.427151	101
8368	4496	2262.285136	36.1209642
8371	7435	403.5240947	97
8378	16513	764.2934944	118
8383	14398	294.8394592	180
8384	3660	592.7424619	113
8396	5201	1304.493907	78
8396	5623	1505.188532	70
8407	252	1122.351359	89
8411	2824	1073.609383	118
8432	10324	1026.127006	69
8439	5607	272.2741965	71
8453	6347	2457.663879	24.859302
8453	6435	2454.687946	24.859302
8455	5348	248.9500363	135
8463	6807	614.8321452	70
8483	1665	356.4380081	56
8488	791	650.6010384	86
8505	11630	348.2330822	92
8513	13483	250.6624486	120
8516	14670	734.2414691	114
8533	7531	301.7459872	115
8533	7708	320.9263338	110
8533	13658	321.2443813	116
8533	17629	299.7807666	114
8539	8186	2189.9497	66
8539	9880	2192.189711	66
8539	15186	2186.143431	66
8539	15323	2375.470701	59
8539	15589	2275.871774	63
8544	12858	477.2849995	102
8549	4449	233.542845	219
8549	5836	258.2084539	213
8549	11466	239.7963045	215
8549	11971	270.9671884	220
8554	1657	467.2895254	115
8569	10702	1099.110911	125
8572	6905	713.4699416	117
8575	4481	1259.00756	72
8575	9146	1219.037315	71
8575	13213	1198.048686	73
8583	1709	1125.191227	89
8585	4113	469.9625628	110
8585	11904	475.1858032	100
8585	14371	309.2335817	121
8585	15787	421.1792952	100
8594	7475	2136.628346	56
8599	2783	338.4240556	132
8611	5166	366.9021659	143
8632	15256	236.8518605	141
8652	13266	2017.531963	72
8662	459	1182.548552	82
8662	10774	1164.497848	83
8662	12476	1169.455952	82
8662	13041	1122.462381	90
8669	11982	765.4043996	102
8677	344	1385.692124	78
8677	2462	1493.753588	82
8680	1604	1273.041735	70
8685	13926	722.6050553	117
8685	16102	650.1213176	118
8692	8177	325.3633251	152
8705	1781	406.7906929	154
8707	15687	275.0494152	140
8714	3739	2374.035912	48
8717	4952	1079.840154	63
8734	12166	844.7263537	48
8746	8533	1387.761089	89
8749	5023	745.1642908	52
8749	6982	705.2723311	55
8755	13569	1761.32819	47
8759	10057	742.6248241	89
8760	12171	657.2786629	92
8765	1521	345.3407922	82
8767	4800	1103.361452	99
8784	176	1241.335965	64
8787	1846	1691.543857	28.99386789
8799	16369	465.6960758	69
8799	17034	536.4455278	70
8811	13731	608.4873248	42.1285547
8819	6114	752.1288067	85
8820	13921	694.8179944	101
8822	6406	1025.456515	110
8824	13914	547.1546943	118
8833	13023	4848.575593	67
8848	10622	251.5454772	179
8848	14887	192.3547215	192
8849	16078	2233.415025	104
8858	4968	1532.091767	74
8861	3851	1474.953405	75
8867	11730	476.6623991	154
8871	1655	413.5213263	150
8874	16359	977.502388	34.5675579
8885	1628	2580.144935	37.7441779
8904	17246	1578.790769	88
8914	264	267.3984897	187
8919	2085	570.0970237	131
8920	2256	962.0781788	124
8923	2980	963.1524848	104
8923	3574	995.0956492	102
8923	16906	945.866715	110
8947	6549	275.842092	190
8948	1921	704.8837414	99
8948	7141	661.8400217	105
8950	10672	945.1555829	117
8963	17287	269.0769043	143
8964	17096	2088.526519	74
8965	6544	1575.871635	78
8978	1396	2366.716527	47
8978	15043	2310.330311	49
8979	14005	764.2141054	104
9014	8043	1357.735662	114
9016	4286	1346.452012	85
9016	7443	1095.355399	92
9021	1110	309.4013681	200
9021	2407	275.9812896	202
9021	8438	187.0014003	172
9021	14372	213.4452681	201
9029	16148	716.9931657	58
9042	2000	262.0357398	221
9057	14823	220.9202419	127
9060	12397	847.818522	115
9074	6128	999.80777	75
9098	14448	362.9471258	135
9101	5034	1251.789756	48
9108	3824	1456.299734	81
9113	1638	1144.052989	144
9124	10092	331.5944749	154
9126	17193	308.6544109	88
9128	5158	435.7615557	98
9128	12816	426.6039751	98
9129	6018	1246.037498	102
9131	17586	375.6671541	180
9138	794	720.3927599	65
9138	14114	727.4987674	63
9142	7757	459.6975888	150
9143	7764	217.1052866	194
9158	5627	771.2084774	33.08095687
9167	279	717.3650339	68
9179	15397	205.1046798	197
9191	8328	323.1683706	139
9193	2323	841.5210749	129
9193	12408	1231.873935	119
9198	17596	1715.954554	10.31991723
9208	14548	417.6383589	158
9249	819	305.0447822	154
9270	7426	227.4564708	158
9294	6413	318.9719847	185
9317	1861	629.5903169	153
9319	9285	616.1845831	33.08095687
9345	12172	373.9197735	178
9351	2322	4385.01548	68
9364	2579	457.3914102	67
9364	13954	470.7221922	65
9366	11558	893.3674067	110
9367	4700	2660.182697	74
9383	787	234.7735014	172
9383	1559	245.2699783	175
9383	4713	274.5648287	168
9387	401	874.7391131	138
9387	16939	829.9336539	145
9393	17685	519.7298912	146
9394	12348	731.5859599	123
9395	478	701.2961794	68
9397	6395	358.4637063	188
9402	2939	839.7591139	33.08095687
9412	81	183.8530928	183
9412	13478	181.8866108	191
9412	17296	184.0574983	205
9416	3400	534.1390663	50
9418	4304	201.3984523	130
9424	4449	322.8945295	207
9424	5836	258.3145244	202
9424	11466	221.7903942	198
9424	11971	333.6779503	178
9429	10214	1640.695842	65
9442	12972	192.7284458	245
9448	2377	740.6977662	81
9452	3315	1087.184485	102
9452	17305	999.2019646	107
9479	9051	826.8950263	88
9479	15940	766.1824051	95
9511	2331	1517.817117	106
9511	13404	1590.561366	108
9529	7776	293.0872582	112
9530	9809	431.4016707	57
9532	4857	604.3706576	98
9537	7947	236.799667	211
9543	10754	225.6325545	202
9549	8602	1143.000727	103
9553	1301	780.5605979	80
9562	401	895.2077403	140
9562	16939	863.0012806	148
9565	1544	318.3154074	107
9566	6125	1972.781241	67
9590	10816	811.7711501	94
9597	12381	945.996139	131
9598	10603	3377.835242	85
9605	7478	926.1062926	140
9612	4428	1314.169162	63
9619	4405	340.1233018	129
9620	9521	875.5968589	107
9622	10223	400.6451387	173
9642	10229	1149.389927	143
9660	7334	847.1256343	77
9661	1827	196.5591826	142
9662	17544	1262.761802	30.97006447
9674	9588	1045.957192	63
9678	3742	1319.216316	88
9680	15132	191.5681809	221
9684	7297	569.9020916	80
9687	14234	1152.697914	81
9688	15006	1523.717493	47
9689	16452	1796.048796	47
9691	6707	843.8872469	108
9691	11922	854.0407808	123
9698	2513	1468.062133	80
9710	1834	884.774745	42.1285547
9717	15843	886.4852143	86
9719	6339	463.3386557	175
9726	8929	3751.935428	68
9726	11725	3800.503998	66
9727	15185	1286.860243	76
9742	7221	931.2911351	95
9767	11455	578.3466786	35.33572585
9770	16047	1008.245985	175
9773	8801	1671.167204	38.58293741
9776	6591	293.4057321	156
9776	10693	313.1170928	144
9785	17533	1051.993194	76
9809	13492	1536.378164	58
9816	11595	1244.895969	91
9820	3244	1043.461823	91
9828	15166	2657.023273	41.21271655
9832	7794	995.7920075	100
9835	9358	804.4487376	95
9844	8730	209.8277877	148
9844	10284	191.4932642	141
9844	11747	244.1955484	120
9847	1849	435.9682853	100
9848	9025	392.5923869	135
9851	5392	2653.740064	37.7441779
9866	17591	628.248718	108
9881	14163	306.7634578	110
9882	5201	817.8143376	83
9882	5623	1044.756189	63
9884	5769	546.0153991	115
9907	1657	524.6427811	114
9921	6659	629.3308299	121
9926	16193	942.1497578	105
9930	11020	950.9746005	38.58293741
9931	13880	524.5082936	93
9955	15983	229.5253864	105
9956	619	1581.500029	65
9956	8610	1576.420461	63
9956	10218	1683.128477	62
9956	10788	1669.277078	63
9956	11753	1669.094725	62
9969	565	2139.161289	86
9995	17146	760.0169756	30.97006447
10001	1761	632.4213194	68
10016	13566	460.6432748	117
10036	17039	3541.996306	36.1209642
10044	4805	341.900266	189
10048	5352	567.5716982	36.92365229
10048	11915	535.6216266	40.31678793
10056	7666	2858.448896	84
10056	14333	3002.814725	81
10075	10684	1155.511634	125
10086	841	3234.771456	30.97006447
10101	6877	1159.144342	110
10105	2019	622.4624138	61
10118	126	1168.819674	101
10123	16401	546.4336989	106
10124	15242	2541.441858	53
10126	15375	1667.991652	63
10127	2660	368.1856396	159
10127	4966	312.5854755	170
10127	8601	344.8402763	158
10127	14545	357.468959	173
10128	12304	1119.612587	94
10131	10196	495.3890083	167
10134	1810	400.6714267	120
10147	16243	676.8959918	72
10148	15611	1049.531232	142
10152	15161	278.8859434	129
10155	11563	2816.807998	72
10157	6553	2864.556942	49
10168	3413	1046.00233	133
10168	3998	939.6655733	141
10176	1125	1087.708452	8.1035948
10176	2858	1064.342684	9.245909209
10176	5301	1045.854411	9.044911183
10178	382	512.9309425	108
10184	8410	411.6249531	159
10187	8561	491.5708568	116
10187	15096	495.3486744	120
10187	17578	472.5312133	118
10204	4449	257.5252664	208
10204	5836	298.1470211	221
10204	11466	243.5511433	233
10204	11971	258.127448	239
10215	13468	492.120449	50
10218	8739	897.8156369	84
10236	7371	1599.336206	63
10251	6406	886.9397887	120
10262	5981	373.2390145	84
10263	15845	216.7594438	213
10283	15294	707.4405756	120
10283	15770	795.8213239	133
10283	16717	773.6693927	122
10292	10548	1477.515435	75
10295	9720	676.2545521	116
10297	5999	485.8039437	117
10306	14643	4031.508403	81
10325	8310	310.5048986	135
10331	5005	1231.043397	127
10341	1896	3463.578208	33.81608925
10368	14347	782.3995803	119
10372	1723	860.3129369	62
10381	22	699.7147458	78
10388	1332	225.0599416	125
10421	3794	1414.791678	101
10431	12942	604.5786751	99
10431	17092	643.2271759	86
10432	1031	947.0404408	16.73683012
10439	13541	664.4993528	97
10441	6830	600.047508	61
10471	8691	268.378779	76
10472	8890	768.9958231	71
10477	15163	1641.504989	99
10486	4958	730.5680892	87
10486	15422	608.9635434	100
10504	1301	723.7704033	78
10511	5164	426.9469932	111
10511	12305	460.5836528	111
10552	14188	350.2532277	147
10553	11253	260.9435697	166
10553	14454	307.4557705	163
10557	13753	2387.365239	120
10564	16184	714.7113362	96
10572	8476	2260.920456	87
10583	7743	638.4951526	126
10604	12835	467.200428	199
10609	14441	718.6555065	112
10649	1125	1084.229792	8.283674685
10649	2858	1060.884197	9.245909209
10649	5301	1042.392101	9.044911183
10655	8509	620.1478001	101
10656	2185	654.5409414	200
10656	9870	801.4509868	190
10659	9176	1666.602673	104
10659	17694	1595.797835	104
10690	17310	204.2197471	170
10691	17168	964.7018157	58
10693	5129	820.3078654	44.02173913
10696	5476	787.0065985	88
10700	16237	875.7004858	102
10722	1913	3269.34787	57
10722	3402	2448.745428	53
10734	796	481.4865014	115
10734	7001	340.5692469	130
10748	5161	338.9868513	175
10756	6962	293.0068973	205
10764	6779	181.5839415	181
10776	6427	5557.243106	54
10790	3358	1345.218253	20.39769385
10790	8276	1271.021019	20.39769385
10790	13605	1398.267217	17.10875968
10811	155	520.4045604	153
10811	1926	551.3720061	141
10821	7538	1466.792945	83
10830	3951	573.8499604	143
10851	6254	413.5349342	136
10851	11837	406.6360778	144
10856	17525	322.9345606	82
10870	11386	1111.96774	120
10901	4185	966.1718295	114
10908	14107	874.7298111	162
10919	3549	673.9752456	124
10921	17245	740.5957519	103
10931	14852	1971.388281	84
10937	11127	1366.955533	107
10938	5368	374.5705379	59
10941	1805	2927.779098	24.31888239
10942	2400	483.9938054	65
10952	10262	817.1059032	88
10952	13522	822.2506747	86
10957	3798	830.8602453	77
10970	3096	508.5961342	313
10973	8681	1769.654132	77
10974	12196	1354.018339	62
10979	12077	388.0423325	127
10980	6242	210.445611	190
10980	9596	182.8185345	212
10983	10658	1065.157952	27.74696714
10997	3700	193.6474442	200
10997	7032	223.7270836	222
10998	3598	397.4875973	141
11017	10022	1561.704349	61
11022	296	927.4781394	55
11025	13160	3354.723149	74
11046	13172	1746.906825	56
11050	17247	188.5816175	220
11053	5849	926.0482018	71
11054	818	378.5946561	194
11056	10034	568.9194731	119
11063	6064	799.427818	88
11074	2919	437.3363354	113
11074	13135	390.1015959	115
11087	944	476.9449401	36.92365229
11087	10264	488.2629313	33.81608925
11089	8051	637.2398212	105
11101	190	1347.395483	79
11107	16555	1691.903425	85
11123	6617	1215.712988	53
11138	879	446.9225604	178
11155	3110	1635.285877	121
11167	13807	407.3720843	135
11175	5009	1463.525557	79
11176	3278	739.2334184	136
11215	16965	754.0146232	159
11238	1877	1098.301179	11.77465311
11238	2656	1000.76907	8.655928707
11238	12182	1031.364364	11.26827626
11238	17489	1027.011601	11.26827626
11239	7314	3160.621277	30.2968022
11241	11018	671.7463123	106
11251	3588	544.5404194	58
11252	5972	838.737482	96
11260	6477	1035.763863	140
11260	9555	1012.016266	142
11260	16519	1043.89751	140
11263	1385	210.2394893	127
11269	17562	262.342524	173
11271	4695	1272.904884	49
11278	13616	1063.697021	30.2968022
11279	12214	488.2147619	140
11286	7064	268.8116985	107
11304	10619	297.7972332	111
11318	1666	502.4838007	145
11320	12343	1106.287379	69
11343	5483	1163.563949	90
11366	11684	953.6234925	86
11372	3206	753.5248754	100
11372	17275	763.259632	102
11372	17655	741.3409841	107
11373	3884	261.2971171	179
11377	5866	216.1361795	171
11381	849	204.9701871	180
11396	1074	3028.203081	30.97006447
11400	17490	950.7450211	57
11414	15095	535.2645563	100
11425	14098	1402.500227	19.95426572
11429	7154	1739.72793	58
11442	13807	355.5420807	127
11444	7176	336.7119606	147
11444	15118	338.5930006	146
11464	8073	381.8617873	158
11464	9284	394.2935909	155
11479	10055	2294.91128	47
11486	17310	271.3361772	164
11489	7247	256.7725763	173
11498	802	684.7071351	133
11500	10236	1650.005374	44.02173913
11511	16118	2727.028201	37.7441779
11519	3329	2122.024865	97
11519	14195	2034.587897	98
11525	865	418.3964858	175
11533	15255	3768.471298	79
11561	1316	954.1439661	78
11561	15622	832.0518869	84
11565	8897	878.5737821	183
11576	4399	2946.290874	79
11606	604	860.0057815	99
11606	7262	928.525115	95
11606	12296	961.0103254	88
11606	16796	939.5543021	90
11611	4816	708.6633429	104
11626	13271	2378.309872	66
11630	2833	642.7213807	77
11637	13867	337.2128745	157
11658	542	1098.233408	36.92365229
11658	549	1087.908921	36.92365229
11670	6667	3428.260037	94
11675	3787	594.0036041	182
11684	4618	700.615497	63
11687	14993	1295.422226	113
11698	411	183.6958555	174
11752	1820	1250.621292	55
11767	13656	925.3639785	82
11776	16640	554.8742443	91
11784	7384	288.5122714	218
11797	5804	292.6843845	136
11804	7340	209.7292827	177
11804	10475	183.0360874	202
11810	3921	939.3961219	43.0647448
11815	9718	2637.577312	114
11846	477	902.4469472	68
11848	1869	2812.349339	57
11852	1424	957.9096923	92
11852	5564	952.0453349	91
11852	8772	985.7439576	90
11859	5792	699.0182817	114
11860	14801	2968.195046	74
11872	1401	1483.760019	19.52047734
11891	6997	699.2419397	143
11891	13174	795.7150262	131
11899	5179	1657.204051	125
11904	4784	509.3079804	112
11918	6155	518.396566	60
11918	9257	486.2620535	66
11938	12710	202.1354289	191
11943	3959	288.2300652	178
11965	2671	1322.310449	12.57720313
11971	14814	330.138501	114
11978	3637	934.1993139	155
11999	10314	2719.73018	60
12014	17313	532.7073461	211
12018	1295	196.1028317	212
12032	16852	647.9919747	73
12050	17064	1018.960701	116
12061	4383	672.6212693	170
12062	16826	426.4950211	141
12071	3519	496.403794	132
12077	7809	2352.038534	108
12078	780	985.0776022	30.2968022
12078	8479	1137.362652	36.1209642
12094	10431	1188.583033	88
12098	14696	805.5588859	98
12111	1422	1285.366372	83
12112	14024	328.9588145	161
12114	4113	312.0130201	119
12114	11904	284.9703236	147
12114	14371	283.0105023	143
12114	15787	277.2546595	129
12115	9504	794.9944507	178
12123	2039	623.9411459	48
12123	6453	671.7770363	43.0647448
12127	17591	603.3161701	116
12128	3991	2815.07078	37.7441779
12128	6489	2822.661066	40.31678793
12128	12897	2895.283009	37.7441779
12132	9331	1359.131916	66
12134	11649	365.9706629	120
12138	15867	227.5272009	110
12154	14828	339.8809972	164
12156	12378	408.2062054	166
12157	2987	829.6290508	117
12174	4205	1379.737972	92
12174	6202	1352.672421	94
12174	8835	1466.593736	89
12182	1863	239.5504147	185
12187	2566	1155.443325	69
12194	15036	193.9868167	167
12202	12778	323.0885925	156
12204	2733	575.7849429	146
12205	7072	1490.012027	139
12226	383	441.2515963	108
12226	6698	492.314737	102
12226	7913	491.9708627	109
12226	9017	395.9779043	118
12226	10444	446.5810123	109
12232	8792	461.5083932	143
12232	10051	404.6640372	139
12234	166	1440.234511	65
12234	9888	1453.708283	64
12266	13541	492.0863828	111
12268	4448	301.0611985	163
12270	15873	3892.959837	62
12271	16875	712.8296374	126
12283	16089	545.9558665	82
12291	8639	1347.211681	74
12295	5037	1093.461575	114
12297	16336	544.6067587	143
12308	10460	689.905775	94
12316	17121	654.9145583	49
12318	9242	343.113132	168
12320	2798	2520.831918	91
12324	14866	781.9279419	111
12341	3741	189.4913444	115
12345	880	629.5489011	96
12356	13231	455.2958927	131
12356	15988	430.7237873	137
12370	12527	1121.828649	112
12370	15953	1202.315547	102
12371	7851	1941.129862	80
12386	5808	771.2734777	123
12396	8028	353.3425126	92
12410	7652	486.4874218	96
12411	83	239.0736177	147
12411	4497	509.5918291	120
12427	13904	886.1562166	127
12442	7098	3159.906367	79
12445	10379	836.8472477	124
12460	10399	1451.393579	102
12468	10223	491.0200145	168
12508	1681	1091.932384	71
12508	17113	1138.075261	70
12542	2247	1462.552802	99
12557	14903	417.1380639	125
12566	389	956.6102684	48
12577	3593	1179.719181	100
12595	7247	262.0427818	190
12616	12591	246.8704828	145
12618	10785	1027.767599	101
12621	13484	816.5099576	98
12644	9059	184.6782956	180
12651	4661	1615.496615	66
12651	15534	1403.594367	63
12656	14798	883.0681045	130
12664	12774	339.954698	141
12686	12046	816.409961	82
12690	1212	183.5980338	161
12696	13524	400.4070605	136
12711	15517	1222.775046	101
12712	5340	333.665156	75
12714	9762	355.6969491	137
12715	37	430.3182497	111
12749	5156	1711.654529	51
12749	6044	1694.335583	51
12757	1347	484.7641068	104
12764	13890	514.8915809	114
12791	3466	200.9231993	169
12794	8792	487.912207	140
12794	10051	390.8119864	142
12802	5662	1549.953708	74
12802	12060	1389.0078	81
12804	4634	404.4517005	120
12804	17632	438.0533811	102
12816	4475	675.562025	119
12816	5163	673.1858173	121
12816	14135	598.5178365	120
12823	15228	467.4821571	80
12826	13075	411.0591992	131
12835	3853	820.7894003	104
12857	5500	609.3184177	111
12857	6933	495.8575804	112
12882	13248	215.391106	67
12884	10907	2068.579032	69
12899	8690	1460.667408	42.1285547
12906	12172	386.9444557	174
12915	17581	346.1213368	191
12927	5025	1014.71691	18.68098611
12928	13125	1887.324635	83
12929	12273	1949.526843	64
12932	8306	2934.173942	106
12935	10223	571.0147556	157
12942	11630	297.5971776	83
12948	7799	906.9389427	141
12950	1989	1962.633072	64
12955	13944	660.1158604	112
12959	13735	623.0041138	141
12979	35	1393.658291	142
12979	16480	1605.921461	135
12981	7498	330.8972459	138
12986	13826	1032.462071	174
12990	432	750.6182165	114
13000	5220	455.7053225	119
13000	16898	454.8873878	115
13001	1133	3041.993723	64
13024	15977	691.8605458	91
13027	4338	1010.712116	113
13041	9392	1292.945682	71
13041	9399	1232.178192	68
13041	16685	1380.659881	66
13045	10711	1315.694536	89
13046	7714	330.1243061	78
13046	10947	327.6706295	85
13055	1953	226.1848445	183
13057	10194	269.1495945	176
13069	1745	629.7241119	136
13075	668	3731.616374	25.41173093
13075	8716	3725.662119	25.41173093
13078	677	285.7018808	154
13078	2086	244.3740479	160
13092	13126	415.4281164	104
13099	11408	3280.394172	68
13109	3314	591.6173123	143
13113	10728	2992.827321	31.65828812
13120	12435	3338.671901	105
13125	13993	483.8728636	119
13129	11982	668.4381308	113
13133	4921	208.3256069	167
13143	10042	265.9590657	138
13144	625	367.4163393	111
13150	17460	434.7360633	108
13166	10676	841.8956559	70
13174	2892	1146.566751	25.41173093
13174	7638	1139.393172	27.74696714
13174	14811	1104.27903	29.63817606
13174	15722	1059.431872	30.2968022
13176	10368	653.0065242	149
13176	13025	655.3778261	143
13183	11912	1018.489914	134
13225	16913	521.4955775	105
13239	12447	501.3117877	105
13245	1986	3031.394679	34.5675579
13247	9458	229.9289306	101
13260	589	1000.094864	124
13260	740	998.4286414	129
13260	7856	895.3419746	135
13260	8637	1012.25996	130
13260	10904	965.7038293	128
13279	6630	843.1020877	72
13296	3131	1892.512656	59
13303	16979	2293.092361	70
13306	5647	3799.567488	29.63817606
13322	5398	533.0539907	137
13326	14683	580.7881964	154
13329	2655	1662.282245	56
13357	1576	419.5745371	109
13368	12626	2571.878385	65
13373	15225	2936.247421	32.36180563
13376	4413	1106.500601	82
13422	1574	2028.986559	74
13450	10402	1070.008988	31.65828812
13470	10361	655.7977252	85
13481	7766	449.3855437	129
13487	14956	405.5825396	69
13506	9012	265.8908571	187
13521	9469	3373.683831	24.859302
13534	1051	1322.306589	89
13538	2073	444.7955416	89
13568	4926	768.4766562	86
13569	10223	567.4878982	171
13576	6701	547.0925803	78
13576	15706	557.5831248	75
13578	12436	1257.802916	100
13610	14700	215.4926258	125
13613	6819	679.297087	122
13618	1328	708.0031617	64
13618	11312	867.9975703	74
13625	10705	2428.883121	64
13656	9943	1820.040809	47
13663	5754	210.3110109	222
13665	4579	3258.922031	75
13665	6317	3131.680136	79
13687	16726	521.0775215	120
13702	14334	869.1274871	108
13718	11311	806.9744842	109
13721	8714	1110.858804	60
13724	13726	440.1507933	190
13740	2621	4092.875574	88
13787	6165	1481.815718	120
13792	11253	358.6207767	172
13792	14454	394.9259251	159
13810	4398	272.1987098	163
13812	5448	818.7355924	135
13816	5589	1932.337582	40.31678793
13816	10690	1864.839621	33.81608925
13830	1216	1092.886591	33.81608925
13834	13392	591.0265135	133
13839	13654	763.6418971	130
13840	13110	676.4074825	99
13850	3526	342.2824826	135
13850	9523	478.9470524	120
13854	4729	324.2126863	125
13865	1526	459.1167536	115
13865	9147	602.4763488	112
13869	11232	738.0098009	107
13871	6443	1541.483886	70
13877	7780	391.6771752	162
13898	5664	689.8376438	46
13904	15085	2113.781868	106
13906	10937	2428.189981	111
13913	5553	617.233444	107
13913	7252	654.0032017	105
13913	7985	730.1599225	104
13942	9361	801.3535582	57
13949	7723	1731.104753	8.283674685
13950	7090	708.5642191	113
13959	11052	398.2480718	106
13961	5026	712.7224182	71
13964	12263	207.0995365	181
13999	12774	448.0577138	123
14001	7780	463.0591401	165
14017	3711	1167.98458	76
14017	13409	1220.779592	81
14024	17356	2326.368976	113
14025	15098	717.7521177	67
14026	11262	193.071793	170
14036	3463	477.1305022	90
14043	8515	1069.967793	14.66902675
14053	13687	912.5506572	82
14059	9114	334.9441869	146
14072	13858	2001.884775	23.27303253
14081	6469	643.2393796	65
14085	13392	746.1290119	129
14086	1234	559.2733886	154
14086	15299	552.5971806	153
14087	16157	679.1011705	114
14093	2246	572.5282243	138
14098	10109	793.8605768	83
14099	10549	981.7572594	112
14099	15697	973.8577963	115
14100	7864	283.7470938	119
14106	15580	3800.896531	65
14112	4184	337.1067775	148
14120	12000	382.197461	137
14120	13662	418.2853795	121
14130	8613	427.9287046	118
14131	4449	255.2476885	224
14131	5836	254.5889245	211
14131	11466	216.2590426	222
14131	11971	266.5170881	197
14136	1506	788.0711632	70
14140	7908	218.0785978	161
14153	3597	450.5014938	127
14161	16683	186.0622572	173
14165	9793	444.1554003	167
14176	2423	1686.336638	61
14176	8809	1314.379152	65
14190	8951	1027.975695	110
14202	17190	897.8474526	52
14209	12585	389.7783473	141
14220	8304	493.5043497	149
14224	508	1766.632972	71
14224	2067	1890.550099	66
14224	3155	2143.88028	67
14229	14207	741.1113803	43.0647448
14240	3467	1782.529274	62
14242	8407	616.6763864	51
14244	5212	880.7586763	125
14245	2159	940.9499908	100
14248	5096	1152.664648	58
14252	9910	1810.883557	71
14259	11505	1554.566853	80
14266	2957	938.74284	60
14266	7462	939.0948117	62
14266	10031	873.3166057	58
14266	16567	957.4033991	58
14280	5375	606.3657418	118
14281	8111	4049.751331	60
14291	779	461.6711717	108
14292	4350	2326.806344	54
14323	4785	343.9764579	159
14323	15686	369.277028	149
14328	3542	1523.012893	48
14328	7412	1304.289715	51
14336	13934	293.6685094	132
14337	15704	200.8764069	158
14343	17106	616.9593294	144
14347	12492	1598.464071	54
14361	11432	621.7731662	126
14361	16189	686.8109494	115
14364	17023	185.0613332	270
14368	16890	367.0932742	137
14393	14023	539.7147224	101
14435	6173	1074.765868	103
14451	5962	1004.68785	77
14464	7344	226.496554	150
14465	5897	327.338312	130
14486	1819	550.4547226	119
14490	2490	574.783696	105
14490	10067	667.5566056	98
14494	17225	1006.948833	110
14498	186	585.6516273	97
14501	6289	793.4092889	58
14501	16877	883.2438998	50
14506	5169	396.0812821	134
14514	4175	1396.562958	72
14514	11636	1402.354187	72
14514	15854	1402.873113	79
14517	13952	846.4042156	67
14518	13238	1521.662072	128
14520	2074	355.2448344	107
14525	4354	3456.276769	92
14525	5582	4017.961634	87
14534	4449	300.3729815	222
14534	5836	339.8776715	186
14534	11466	308.14489	189
14534	11971	319.2668276	204
14558	1789	662.1851652	64
14573	17444	386.164799	141
14600	9189	1264.447184	38.58293741
14604	16579	2211.48325	38.58293741
14604	17348	2287.635825	43.0647448
14607	7836	1401.187858	67
14609	7604	3348.751331	87
14617	797	1743.686265	71
14640	796	417.5515666	122
14640	7001	264.8347864	140
14647	2260	202.8146351	194
14647	17401	238.5902133	185
14652	8200	508.299961	139
14673	4920	191.0335164	196
14673	8040	190.6442533	181
14677	11697	1254.154955	56
14697	2419	293.9599326	152
14703	9509	1495.758977	79
14736	10982	308.1755366	139
14746	2997	726.1842996	78
14746	3014	718.793392	82
14746	16079	667.6608187	78
14746	16288	676.3966533	85
14748	8127	671.7387922	132
14772	16075	953.5127831	69
14776	14264	683.1710462	113
14780	6266	1832.954997	57
14785	1032	221.3979065	120
14787	5537	822.6895012	66
14800	1299	1971.484899	64
14804	8540	3232.823608	88
14818	8909	210.9643159	191
14831	6594	1535.245899	109
14838	569	970.2347741	115
14838	17667	911.9065635	111
14851	14673	288.2933975	189
14866	5253	333.1825668	140
14890	15155	844.3377174	87
14896	4675	320.6097789	97
14902	6942	672.9724145	104
14905	8820	536.4247354	197
14913	5349	667.4377344	110
14923	3769	2203.668965	114
14924	1669	2169.359804	43.0647448
14924	4704	2189.641092	42.1285547
14942	339	1969.385622	53
14943	12006	272.6512621	181
14955	747	1637.379082	73
14971	7490	1659.358083	74
14971	10045	1637.37199	76
14971	16425	1598.624539	77
14980	9282	1361.01506	61
14986	1405	1109.36181	35.33572585
14986	3939	1084.346894	35.33572585
14986	12151	1125.360815	33.81608925
14986	17411	1100.534576	33.81608925
14988	11565	1634.972813	83
14990	5520	704.435708	126
14998	2784	1894.190993	78
14999	6247	2425.014624	94
15013	7028	1135.349211	75
15013	16627	1092.97146	79
15015	1855	326.323835	131
15015	6055	302.0804502	126
15017	10898	2817.597719	70
15017	14875	2647.965104	75
15018	9291	3478.935688	88
15018	10230	2719.057899	86
15023	9691	1015.719094	68
15023	11474	975.5479302	77
15031	2205	234.6849082	219
15034	14394	215.822517	142
15034	14408	247.4338637	130
15041	2414	1826.527106	57
15046	6529	550.2055789	67
15059	6369	1285.942658	26.5536902
15067	10449	545.6649548	93
15069	13458	2509.636061	61
15072	17504	405.0806449	175
15074	5507	1578.808595	55
15100	2856	422.4717229	174
15102	14771	194.4399034	159
15107	972	2526.510188	17.87759777
15107	6967	2490.410521	18.68098611
15127	3651	320.1544832	182
15136	6602	5429.269473	38.58293741
15136	11704	5382.457696	39.44033602
15141	865	431.6334782	173
15164	10941	688.7181188	66
15172	12858	500.0674823	105
15183	10132	240.8280941	181
15186	1630	473.6206845	123
15186	10776	481.8029828	121
15187	17310	224.1375511	188
15190	7737	890.7683858	109
15198	9538	2854.010793	44.02173913
15209	9028	1793.887916	35.33572585
15210	10127	1911.839496	59
15226	10185	825.5770965	76
15244	1551	311.3467823	94
15257	792	710.804859	154
15262	10752	2296.314807	63
15269	5326	325.1810386	150
15301	1063	181.256732	180
15308	14734	889.3920207	96
15308	15315	949.6305631	93
15308	17227	921.4477596	95
15314	8056	1133.390556	88
15315	1515	571.1109229	110
15331	13120	1229.303289	60
15331	15790	1246.539233	62
15358	11842	1105.529569	42.1285547
15360	15871	3339.991207	42.1285547
15364	338	1169.221979	39.44033602
15395	8395	3102.592371	20.39769385
15399	16121	2066.804294	58
15401	1605	563.5668563	160
15426	4892	1641.810802	140
15426	16893	1595.896668	139
15444	7422	1147.592275	74
15449	16473	675.0449776	117
15467	12840	1097.868309	88
15468	12899	341.5466277	134
15479	6478	599.9239933	101
15504	7668	755.8154607	131
15518	7840	417.7662671	131
15525	14385	1053.892428	194
15530	10731	1084.748545	75
15535	2967	569.7635337	106
15535	8969	527.9802872	114
15558	5040	2498.10219	49
15558	6910	2531.883495	50
15565	1625	307.9064812	106
15567	4392	917.9397696	82
15567	8770	790.1303195	89
15570	1814	1968.543214	82
15579	14008	959.0910577	52
15590	12931	266.0146258	132
15592	3186	325.2270693	72
15598	17478	943.7398533	44.02173913
15600	2632	503.4703805	108
15604	10849	1948.857038	111
15606	12367	1327.133883	111
15606	12779	1267.950633	119
15609	11579	507.8268156	144
15609	13302	505.7267484	146
15612	8872	603.7855914	102
15616	2517	806.5769596	72
15617	12451	226.5636174	224
15624	13874	694.0396036	91
15635	2257	210.9028415	177
15649	13995	305.8841965	142
15652	7340	223.0446605	190
15652	10475	254.73274	176
15665	9347	250.010294	126
15683	11694	563.7813319	107
15684	8238	356.7300648	105
15684	10294	405.0243709	93
15691	13807	335.4298367	128
15697	14295	259.5656339	143
15697	16044	270.8119779	134
15697	16195	270.9204208	134
15707	3916	1241.328287	121
15716	2388	1625.832483	10.54924872
15716	6829	1653.691056	10.31991723
15716	12413	1668.926443	9.661404388
15722	9379	1439.553235	139
15734	4571	361.8348465	163
15756	10994	419.5188246	101
15766	6472	339.1484648	171
15768	2976	526.021564	99
15775	12953	642.4908988	113
15775	16845	723.1973274	117
15776	14565	2284.117338	44.02173913
15777	5509	4453.109765	49
15781	9647	2232.76655	100
15781	14635	2262.806107	103
15785	6152	340.327926	114
15789	7179	2715.947565	44.02173913
15802	13052	1977.838468	35.33572585
15816	441	737.2575616	105
15816	1798	853.9949906	101
15817	15903	1889.047342	56
15817	15948	1649.990207	62
15824	677	320.4602868	165
15824	2086	288.0118079	197
15825	12594	1152.367573	112
15852	10887	330.3098366	133
15866	15815	2175.574125	64
15874	6645	757.0023651	149
15875	7741	3045.473215	33.08095687
15883	2258	1946.523366	109
15883	8478	2192.900085	114
15883	17197	2086.862447	112
15885	4850	629.2866318	130
15893	17562	263.8949195	166
15898	14002	492.1525713	156
15921	8526	594.9709732	83
15925	7763	246.7546621	158
15928	3131	1658.38954	68
15934	394	872.2379441	52
