4	6266	508.2254852	142
5	7854	3036.846278	36.1209642
12	10849	827.7654892	68
15	14400	1048.641126	76
17	2075	732.6668405	28.36356641
17	3181	735.1030872	27.74696714
17	4408	721.397057	30.2968022
17	4673	735.1030872	27.74696714
17	4738	770.9008315	25.97643606
17	4922	732.6668405	28.36356641
17	7632	731.6952723	28.99386789
17	8197	735.1030872	27.74696714
17	9238	732.6668405	28.36356641
17	9721	732.6668405	28.36356641
17	10030	735.1030872	27.74696714
17	13760	630.8417855	24.31888239
17	14204	732.6668405	28.36356641
17	18801	732.6668405	28.36356641
21	15876	608.0540882	122
36	648	523.2861919	115
36	11321	475.9015732	127
36	14339	475.7297317	129
37	4998	411.5455157	115
43	2135	935.7508284	134
48	7047	341.5558047	127
49	4748	571.6955421	118
58	4766	1545.550916	81
58	10396	1275.508102	91
63	8498	253.3661203	122
63	14883	329.6387082	107
71	3676	978.7829696	116
73	16458	717.2942987	34.5675579
83	7816	393.6901101	90
89	17928	1384.13789	99
90	853	1312.168054	59
90	8233	1329.559658	58
90	12453	1382.622646	55
99	15087	1344.497351	102
107	6836	283.7209274	119
112	13148	199.5169622	139
126	6762	219.785041	190
127	15228	355.993359	149
145	3002	1203.53837	17.87759777
152	16829	418.7550379	79
154	1974	404.4608521	121
154	15295	518.3161231	119
155	323	4126.683397	98
155	4330	4317.374458	96
166	8430	2169.431163	88
168	15125	775.0555045	134
171	16451	586.1638255	154
181	3709	1637.392405	64
183	14623	296.8410424	146
183	19698	315.1616093	130
190	17388	1950.507736	50
194	275	278.9935148	203
195	17877	217.5763072	180
200	7007	256.2492591	125
200	14462	256.4055578	134
200	16000	221.1055866	135
202	18676	905.3418464	37.7441779
209	1856	503.2653933	205
209	4962	571.9594166	208
209	5314	438.3555994	199
209	12277	631.7773162	207
209	17199	496.9588916	198
216	8667	655.147431	147
222	5591	2406.722888	64
224	735	483.288766	157
224	1258	602.3651134	139
224	5030	609.4985857	138
224	6350	502.8927584	152
224	11275	658.1935877	129
224	16889	579.7260959	133
224	17943	577.6901887	152
231	4562	184.7524701	288
241	9741	277.2714218	199
247	16200	339.6334176	156
249	19468	1123.064715	69
253	2690	2937.56258	28.99386789
256	19333	306.9132489	149
258	1226	1662.81587	47
261	18858	1201.560258	98
262	2477	779.8177591	84
262	6817	683.3095054	87
264	8785	2363.791127	51
264	13998	2213.434648	54
265	3765	2569.856984	97
278	4684	1666.811136	66
286	13670	223.8539639	113
295	33	457.9045094	85
295	12836	565.9850455	84
297	18685	829.0859931	136
301	16692	358.8125816	153
302	16916	883.5057532	79
311	9246	352.6108214	110
314	7795	4049.591311	65
315	7035	5059.66166	60
316	664	1100.380817	80
322	18295	222.4978839	114
328	17950	621.3486936	188
334	2410	1758.361627	114
336	17950	568.2715037	192
338	16633	325.4745266	99
339	624	1395.75736	29.63817606
339	14388	1318.837349	28.36356641
358	3842	520.5012074	139
361	5633	506.0512671	127
361	19273	543.6242077	123
362	13440	907.953678	79
362	19634	958.7477686	73
372	18175	1131.942682	58
373	13802	1248.996669	27.1437722
373	18771	1237.262996	29.63817606
383	12629	305.5225085	151
395	17600	895.5966981	40.31678793
396	808	1336.362191	45
396	7842	1315.458277	46
396	10129	1389.490573	44.02173913
396	16385	1235.047741	49
401	1132	2910.530407	15.32822746
401	4187	2865.96589	14.03817541
405	11217	280.8808476	243
405	13974	248.2954581	251
407	10699	890.3600444	69
409	1728	1157.124313	63
414	3406	514.8882585	145
414	8203	496.6179794	145
419	8346	195.3245821	192
431	8609	212.7810181	193
433	10461	768.1438102	117
446	5741	571.0703929	28.36356641
454	11640	1015.012843	92
458	12957	476.7001023	95
466	13789	508.4346699	127
471	7864	185.9640658	190
479	9456	412.7657203	192
483	17641	805.9321942	121
488	16553	214.23783	220
502	3445	757.1339197	88
517	2704	427.463819	134
522	4849	1385.554108	27.74696714
531	10680	292.0902123	134
536	8333	458.7918216	77
551	1671	257.2070528	223
564	7562	391.6666116	107
565	733	719.6014666	111
581	6981	1660.36465	34.5675579
581	13980	1460.593119	42.1285547
585	1727	1216.35879	31.65828812
589	12744	245.8813626	126
595	7114	336.4629186	87
595	16335	341.0056436	87
598	524	1919.373672	125
598	17425	1780.05366	122
600	10339	910.0635398	97
608	2493	287.5406921	170
621	9935	637.6778743	167
623	12367	1910.484203	78
627	7751	380.1043885	177
632	4578	187.0540572	113
636	5756	581.6445206	43.0647448
650	16855	1656.855763	87
653	9050	1688.718608	69
654	2467	2609.75144	35.33572585
654	6362	2641.909492	34.5675579
662	9062	818.6992454	88
669	14828	506.0500381	127
670	14456	181.2544317	162
673	1976	362.2587633	160
673	7759	351.3997663	164
679	10978	1954.290155	66
679	13921	2036.12186	63
683	381	902.3589913	28.36356641
683	1529	860.4588058	32.36180563
683	2744	850.0589349	33.08095687
683	3016	859.5108392	32.36180563
683	3235	860.3614986	32.36180563
683	3616	859.0786267	32.36180563
683	10354	869.7294316	30.97006447
683	10886	878.2337427	30.97006447
683	12191	896.5702154	28.99386789
683	12444	843.3071859	30.2968022
683	18354	859.0786267	32.36180563
683	18616	860.3614986	32.36180563
683	18940	859.0786267	32.36180563
691	1366	606.307587	53
692	12795	1192.443137	114
703	17763	309.8397614	68
709	4759	732.0230046	131
713	5095	1962.671809	45
714	3018	262.2439183	83
714	15159	305.0773096	76
714	15868	288.7780499	79
716	14486	468.2766757	70
725	198	402.5411842	133
725	11380	370.306262	137
725	15808	381.860414	127
729	9440	419.2373895	136
733	9315	1315.961638	82
737	10182	323.9364706	126
740	10315	519.9895087	90
740	15929	497.8693155	93
740	18155	479.2956735	86
748	1500	845.7764025	56
772	4685	1805.194058	114
773	13152	386.5622169	149
775	17390	190.4041198	162
778	1060	188.3607594	138
780	17709	189.4872009	136
781	9200	326.521533	168
787	5043	1046.865525	76
789	3646	316.9489872	204
794	4123	462.2500673	153
798	918	728.6684432	92
799	11739	1523.684926	117
802	4001	620.015181	52
807	11468	184.6729483	130
809	10570	790.7733102	155
809	11745	748.1948241	160
812	17391	2253.424997	83
822	18806	1134.074317	134
825	18859	415.4688523	131
838	4709	421.5334895	163
849	5177	422.528763	72
849	6883	396.4378985	79
849	15444	430.4468567	70
849	16122	410.2730512	74
874	1144	415.7880959	178
876	343	1615.690495	79
876	1323	1680.214498	81
876	4648	1627.206974	77
895	10933	506.2807379	105
900	4315	551.5583255	126
911	13090	1176.519905	123
922	5625	2583.027937	56
924	3330	4177.892334	17.48895434
924	4655	4211.204326	17.10875968
924	10784	4219.991642	17.10875968
924	11785	3304.266962	17.87759777
924	16343	4197.955982	16.73683012
927	17848	1182.252033	100
935	10593	615.3788917	64
948	11313	515.6900421	126
966	13905	1522.333373	46
967	19601	653.5316897	133
969	8775	543.5257372	142
973	10330	198.6905366	159
977	3849	615.622097	81
978	9480	1122.372014	113
985	19173	264.4298096	219
987	10667	672.7426774	109
1004	11724	783.6505061	133
1004	18756	668.9289003	138
1005	7882	2589.161611	33.08095687
1012	1283	313.9043589	146
1013	4386	268.721611	173
1014	12210	1519.958146	93
1019	4884	349.2897864	114
1019	9217	305.2893363	122
1036	17330	399.7825881	165
1050	9424	1506.860602	11.02331373
1050	15492	1522.616369	10.78367647
1051	17579	970.798964	108
1058	13124	1187.889776	64
1060	4044	1856.673004	53
1066	8547	1683.630757	99
1069	11213	2176.806616	59
1074	3513	3619.696572	29.63817606
1076	17864	514.3391989	78
1091	5525	292.4453045	111
1091	11445	233.385333	112
1091	19398	314.6927907	102
1094	12507	942.8786312	122
1094	18323	991.1623576	125
1098	5371	4926.094632	37.7441779
1099	18621	338.6765122	127
1116	15577	1221.421865	105
1120	2437	1021.838367	102
1121	5140	363.8599984	252
1123	11898	753.8622855	61
1125	15269	703.5634545	139
1135	7739	194.1227678	234
1137	429	252.1051056	158
1137	15983	385.6321077	146
1142	15166	1044.746481	92
1146	4425	370.2009813	120
1172	14546	553.3250428	109
1182	10659	2509.001897	31.65828812
1182	13414	3020.116099	33.81608925
1183	8831	1509.287286	54
1183	15313	1519.976817	54
1183	17679	1617.564243	47
1184	18612	994.6376832	125
1185	1966	245.915848	87
1185	12120	255.3689441	91
1187	13218	406.474348	132
1187	16431	376.8413975	134
1189	9793	1157.413971	87
1193	2362	1878.500249	71
1193	15999	1885.857094	70
1195	13447	204.9499177	93
1205	1647	274.3410303	95
1205	9848	322.7296225	83
1206	2581	834.310501	141
1209	2201	595.288803	59
1209	12024	842.1786832	52
1209	14558	946.2909198	48
1213	10658	4540.215419	31.65828812
1221	6233	196.3175345	186
1222	868	794.5684469	45
1225	5533	188.8773381	249
1228	13815	367.2917121	122
1229	4675	462.5956434	118
1229	9774	484.3471281	116
1235	7667	1880.548661	85
1239	15122	1633.825422	39.44033602
1241	564	706.788172	67
1241	13984	725.3770885	65
1246	6134	477.1158821	154
1249	15498	411.3123963	55
1251	17725	1495.875712	78
1253	4914	281.0905518	105
1253	6801	296.8708196	115
1259	5563	1196.245681	106
1266	6028	219.3989981	76
1266	12782	223.2565132	75
1270	8155	332.736713	66
1280	19621	566.9237288	101
1283	1669	859.1442637	55
1286	19531	199.4930269	79
1287	5087	1180.788699	47
1294	15627	704.7648429	96
1307	19154	227.6548502	264
1327	16926	541.9716306	131
1352	11032	1582.167204	85
1353	15400	203.6114541	130
1357	755	3248.531788	43.0647448
1364	545	3145.042521	72
1367	735	438.4799527	150
1367	1258	509.9951656	152
1367	5030	518.5734792	150
1367	6350	475.3678754	143
1367	11275	485.0780981	143
1367	16889	520.7550223	144
1367	17943	495.4320547	138
1374	18910	1504.264902	79
1389	7128	322.0123122	123
1393	568	1160.82507	119
1397	8483	197.4774941	158
1418	12057	1558.17305	111
1419	7480	279.7908477	191
1422	15050	943.5422782	113
1425	7369	1545.494056	80
1425	8611	1440.89467	77
1435	11219	480.895236	124
1436	6390	1243.866676	61
1444	15352	328.2936678	154
1450	3978	535.4624036	151
1456	19251	377.3554433	132
1461	4260	318.320216	108
1489	7969	696.9195692	23.79021103
1492	10995	3073.359283	33.81608925
1492	17050	3103.758441	33.08095687
1493	4798	971.4693836	44.02173913
1493	11538	979.6902884	44.02173913
1493	16052	966.6611228	45
1518	17245	1061.494252	129
1522	19249	348.7620346	123
1524	9452	220.9014727	156
1527	735	467.2688556	155
1527	1258	556.5705701	145
1527	5030	573.4696274	144
1527	6350	468.3598437	154
1527	11275	633.9191955	131
1527	16889	516.8177644	137
1527	17943	582.3192816	147
1529	18974	1274.263481	74
1535	1950	1646.85827	111
1535	9021	1761.674801	108
1549	2486	466.1210329	88
1551	10132	399.1008673	135
1572	14285	1435.473113	28.36356641
1575	17439	327.761361	161
1580	3490	231.8208882	195
1583	12289	1020.234687	146
1587	9689	900.4801794	61
1587	17184	875.7854033	65
1591	19483	307.7623731	142
1594	18492	298.997232	118
1606	735	197.5880243	171
1606	1258	288.071613	148
1606	5030	300.6344321	145
1606	6350	182.2925947	174
1606	11275	238.3511653	174
1606	16889	262.6874422	196
1606	17943	385.703098	140
1612	17479	560.2540877	153
1614	10607	496.8794001	108
1617	15962	300.4985551	250
1620	15292	515.6215665	103
1621	17008	1560.785417	68
1626	18971	995.6439777	37.7441779
1629	6360	324.6663917	156
1633	13344	2688.995863	33.81608925
1640	5529	1961.866506	57
1640	16436	2002.4485	54
1644	2479	535.7540531	120
1644	9797	519.9240524	122
1644	19050	520.5385872	126
1645	8779	1693.732945	40.31678793
1651	16946	382.6552538	143
1652	15724	1931.552611	95
1653	18217	3071.64053	42.1285547
1668	16514	2760.694799	52
1678	13056	1635.827945	52
1682	12166	1912.669569	62
1692	7498	250.8918381	151
1692	13432	213.0290495	152
1698	2647	1152.947633	58
1707	11250	788.4305065	65
1711	14278	645.5899727	101
1713	8416	349.1829063	199
1714	10474	332.9724202	40.31678793
1721	5436	393.5797698	103
1724	12862	202.2480941	139
1732	14489	958.9070529	72
1738	6640	2226.174659	44.02173913
1742	5964	243.6123141	217
1744	16027	1185.171337	142
1745	6080	182.0536992	257
1746	7398	218.3276416	129
1746	11532	320.0743359	121
1746	14625	399.0487419	101
1750	10020	938.4399159	45
1758	4579	1136.474847	23.27303253
1766	2965	1103.771797	128
1776	500	562.2188432	50
1798	14880	378.9491636	128
1805	17206	239.2437186	117
1820	4609	581.749613	117
1822	19247	2741.493691	85
1839	4048	383.486275	166
1863	12614	387.0550445	155
1878	3330	4135.226644	19.09611913
1878	4655	4198.902391	17.87759777
1878	10784	4183.145461	18.27487772
1878	11785	3275.68657	17.87759777
1878	16343	4153.536485	17.10875968
1898	4518	520.1436546	163
1898	12683	582.8537928	170
1899	16248	997.6566379	120
1917	735	494.4409125	143
1917	1258	561.4711048	140
1917	5030	561.6193137	143
1917	6350	516.5504081	139
1917	11275	712.0394004	121
1917	16889	541.7217533	138
1917	17943	598.4546579	141
1918	13356	413.0384018	107
1921	19375	1306.412603	115
1922	9817	637.5496757	156
1929	1388	421.7659883	132
1929	3908	388.929032	141
1936	2923	260.3816869	190
1938	5126	332.841572	83
1939	16894	475.3150272	121
1941	3969	2371.75745	50
1941	7626	2345.789578	50
1945	735	373.5191891	170
1945	1258	459.1702229	156
1945	5030	477.0113243	162
1945	6350	376.0970359	156
1945	11275	523.7009026	144
1945	16889	470.7949341	144
1945	17943	517.7127362	150
1949	688	642.7846931	133
1949	3739	667.4344243	128
1954	9229	2731.136864	69
1957	10907	380.8807288	114
1968	11850	1061.940438	65
1975	2258	407.7216256	132
1980	8346	204.2762632	192
1989	10192	360.5363433	206
1990	642	697.8542807	174
1996	9888	2420.82245	45
1996	9929	2519.211488	41.21271655
2019	9680	833.0143308	86
2022	18793	1910.960722	88
2040	4378	2059.741865	61
2041	11597	1116.125268	94
2046	12115	522.0432613	168
2056	11511	1196.623427	177
2057	12376	5540.897717	121
2064	16470	3811.583104	41.21271655
2066	13596	276.4213496	132
2066	16640	322.7106436	132
2069	3748	795.6096181	126
2069	18667	733.1158185	135
2077	9798	666.2760218	121
2081	18790	749.9424024	71
2105	2934	485.2045975	144
2121	11057	539.371556	122
2122	9113	2804.071639	80
2124	3900	5604.570495	69
2127	9662	320.3218929	111
2130	688	823.1570076	126
2130	3739	818.5178919	125
2141	3365	558.9949909	140
2146	8488	965.6269971	42.1285547
2147	269	1319.379627	29.63817606
2147	1812	1319.567569	29.63817606
2152	13170	297.0125813	104
2155	3311	3858.45158	77
2160	6165	244.0082748	133
2166	10771	189.3284234	228
2168	14190	1300.822185	45
2173	4617	278.415456	193
2174	5672	1267.326741	51
2178	10829	2105.254287	71
2200	1036	343.2027741	62
2207	19173	283.1477407	219
2218	3385	194.1672137	224
2223	18636	557.6397393	129
2228	2361	255.5658942	154
2245	15219	624.1362992	147
2259	18044	487.160778	129
2273	10932	3478.784573	45
2275	17176	1441.209843	96
2284	18386	196.3444058	153
2285	3776	855.7773931	139
2285	6210	1075.278435	126
2285	8965	994.3704082	139
2286	3578	365.1085982	146
2289	7629	853.5415552	87
2301	9463	365.4433308	173
2312	16365	277.8404684	191
2312	19683	295.1319416	202
2324	8702	768.9418222	109
2327	1126	1333.738126	91
2327	4037	1648.48363	89
2328	16423	1327.135115	127
2330	17281	1742.957545	68
2342	7024	368.5254167	80
2342	13536	449.1312355	71
2346	1881	334.6269743	165
2348	10678	1428.072938	24.859302
2353	15397	1349.20023	66
2354	7847	786.0889478	59
2358	1367	1098.47203	33.81608925
2358	17077	1225.703802	32.36180563
2370	10022	686.7530957	125
2370	14529	532.7579172	140
2385	17216	417.7899061	172
2391	13052	489.4423649	174
2391	17832	535.7947478	162
2393	5807	1169.283347	58
2396	14962	1283.778953	76
2402	11555	1303.803591	88
2405	14546	755.1869115	99
2414	14331	340.1027001	121
2417	3804	975.4801617	21.31433096
2419	2140	317.8255229	156
2419	6624	298.5188257	149
2422	5566	477.5830593	132
2427	16109	757.7009233	75
2444	6619	434.6277795	72
2447	3849	395.5757077	96
2450	8327	705.2218825	55
2450	13276	738.0244858	54
2451	8407	413.2023008	124
2456	13578	456.5531045	142
2457	5996	1195.598387	106
2459	6867	1056.025082	85
2461	13736	518.7232894	76
2463	15522	522.7136419	111
2469	2930	1200.612542	154
2469	11713	1075.974638	160
2471	3340	821.5372407	103
2471	14206	850.6944709	94
2471	15816	806.3545928	105
2472	8077	352.8931672	220
2474	16899	571.6698714	142
2477	15093	379.7047052	132
2479	18684	597.3908705	157
2481	8900	199.0505694	121
2485	3555	284.723891	136
2485	5198	427.0992415	111
2486	17649	397.0250796	127
2500	3671	273.5907794	137
2505	8955	227.351862	154
2510	10161	650.8022615	107
2511	10053	551.0648503	56
2514	3338	4956.213708	42.1285547
2515	4299	624.457203	112
2516	2718	2816.467737	2.264901287
2519	16128	317.251452	115
2520	5213	1345.53249	39.44033602
2520	6242	1444.917549	37.7441779
2520	14026	1446.450189	36.92365229
2531	12864	1095.994945	108
2532	18143	639.271136	115
2537	14788	255.1725552	145
2540	8892	1865.395367	36.1209642
2543	9519	655.9248941	92
2544	17553	403.06875	114
2551	384	525.7374811	71
2559	19669	349.4597725	180
2560	19030	601.6802369	126
2562	18149	820.0522439	115
2568	6262	184.4859318	166
2568	18078	283.2598587	146
2570	12285	2047.638804	81
2575	6707	744.7794403	73
2575	13514	809.442067	66
2575	13935	686.6170859	65
2576	7731	867.5919973	143
2580	6723	310.1209061	178
2583	2497	712.3725118	107
2584	8469	193.0595921	144
2586	6949	429.9327429	72
2586	15347	438.3770662	56
2595	15548	813.5507177	89
2599	10931	776.3943269	141
2601	1869	4626.158939	36.1209642
2601	13959	4647.091586	34.5675579
2602	11636	309.8154051	174
2604	12803	822.9964105	44.02173913
2604	18830	803.8814855	56
2626	17771	455.63162	129
2630	3690	249.3806635	123
2639	2375	1898.461328	99
2639	15191	1748.627919	105
2641	363	187.2937742	167
2644	5833	290.6468721	141
2656	11292	285.9990271	187
2656	18678	227.9734679	205
2667	2193	1020.803844	66
2679	10842	619.6192858	100
2680	16324	990.169515	106
2686	17644	698.220074	116
2687	7486	296.2753093	119
2688	12711	497.0370859	103
2692	14590	796.7546932	129
2694	10019	1015.67792	52
2699	17842	462.5579528	59
2703	796	197.3467983	172
2705	11426	957.5049505	26.5536902
2706	14894	771.7221056	81
2712	10906	1377.691205	90
2720	3540	1056.29945	48
2724	10823	1468.313371	65
2724	14964	1378.562344	71
2724	15984	1570.872941	63
2726	16302	577.5972109	63
2739	212	545.6820146	71
2749	443	484.7993103	150
2749	5282	509.1762708	145
2756	10765	2619.158002	36.1209642
2757	17605	403.2310795	137
2761	6050	255.9560496	152
2763	19139	622.7140806	76
2778	2075	728.4862208	28.36356641
2778	3181	730.9198253	28.36356641
2778	4408	732.4664542	28.99386789
2778	4673	720.4028122	28.99386789
2778	4738	733.7273312	27.74696714
2778	4922	728.4862208	28.36356641
2778	7632	749.1385774	26.5536902
2778	8197	730.9198253	28.36356641
2778	9238	728.4862208	28.36356641
2778	9721	717.9767715	28.99386789
2778	10030	730.9198253	28.36356641
2778	13760	643.9802602	25.97643606
2778	14204	728.4862208	28.36356641
2778	18801	728.4862208	28.36356641
2785	2136	671.0182734	107
2789	12436	1005.54748	132
2801	4762	445.1284601	213
2806	11640	1148.696393	82
2809	5867	204.8194759	225
2815	12664	2822.601188	76
2815	17337	3012.822183	78
2825	10232	395.4549487	151
2831	5358	528.7415272	123
2831	10633	593.9898398	125
2832	8205	278.4571661	186
2839	399	213.0527349	134
2867	896	185.2056139	164
2867	6792	507.0844811	138
2882	11570	422.7303658	99
2887	17939	1327.297145	144
2888	12736	367.1012533	105
2890	15238	2843.042021	46
2892	15487	1310.350218	103
2893	4887	438.5628182	78
2895	9711	1124.610777	80
2898	6917	501.0378406	60
2898	8399	503.4991889	59
2898	10063	570.249144	52
2898	14502	623.2722945	47
2908	198	229.1012638	151
2908	11380	222.2263804	146
2908	15808	235.4035047	141
2914	9874	2124.528633	51
2915	5923	1402.724728	116
2915	18851	1436.874251	113
2917	12923	974.0632839	30.97006447
2919	4347	2757.566523	40.31678793
2919	8524	2785.472796	39.44033602
2921	1016	12575.40725	91
2934	14921	2127.510274	65
2937	4926	273.0043827	134
2940	10969	1065.37149	102
2942	11300	645.6002025	37.7441779
2942	16161	620.8313791	41.21271655
2949	14586	2089.24514	95
2971	3477	665.0068557	115
2977	15960	286.8617548	145
2997	3356	963.2203896	61
2997	18463	966.8259468	63
3000	13384	247.4818553	158
3009	9397	2652.540153	130
3014	6282	1448.878316	53
3016	2390	404.8728973	148
3018	9470	1084.942941	109
3018	11139	971.840054	134
3028	4189	197.7350831	208
3032	18300	487.8533142	103
3033	9122	988.0782839	147
3033	12168	1012.8807	148
3037	17473	1207.528968	71
3041	17578	371.6214804	138
3049	10208	892.4725445	78
3051	13648	721.5790079	74
3052	12035	1066.855176	16.73683012
3055	18126	247.6575308	256
3063	5247	473.2860639	44.02173913
3085	19491	632.6281088	93
3088	7171	372.061119	107
3091	18206	305.0474867	109
3095	19352	433.4861099	236
3112	8591	847.1396336	64
3113	6051	445.6915058	97
3116	15446	1088.009535	91
3119	8956	1028.669057	75
3132	433	1238.431601	57
3132	3643	1234.756734	56
3139	1206	509.0275351	111
3139	5515	500.7519438	119
3141	15624	690.0464943	36.1209642
3150	19177	1111.926889	96
3157	11613	747.8309517	121
3161	5906	941.0136931	111
3162	16562	3755.866467	42.1285547
3170	40	474.6757559	133
3177	2192	197.3288818	179
3179	16922	389.8254182	149
3181	7600	1149.658551	94
3182	7429	317.580002	125
3184	16589	316.563248	117
3189	5209	512.5665836	92
3190	735	453.9573916	141
3190	1258	573.2257052	133
3190	5030	582.5110626	130
3190	6350	523.8924154	132
3190	11275	567.126397	122
3190	16889	597.9524818	130
3190	17943	536.8502102	138
3192	14763	474.7058115	72
3200	3732	815.5351346	56
3200	18350	902.4088599	51
3206	5850	635.5888288	102
3216	1948	838.6869141	110
3217	3268	267.7330147	158
3228	7690	1312.466798	87
3232	3227	1794.939217	64
3246	1553	1501.214272	69
3248	548	1394.08835	9.661404388
3248	15011	1390.440285	9.661404388
3248	19359	1355.845828	10.54924872
3256	7953	979.3269808	91
3256	8718	1020.934371	96
3259	9470	1191.095878	121
3259	11139	1308.8984	114
3261	13465	298.6801445	146
3264	5874	438.6383327	63
3267	2096	1086.057723	126
3267	2830	1137.596753	126
3273	8659	485.6082523	53
3274	3340	910.62612	91
3274	14206	922.6084906	92
3274	15816	813.4656451	100
3277	4109	247.0662469	177
3280	18891	1976.110537	74
3306	3905	285.2057694	44.02173913
3310	3162	1349.980706	47
3312	418	3359.311067	19.52047734
3312	1725	3451.000371	18.27487772
3312	3762	3375.113987	19.09611913
3312	10223	3352.085806	20.39769385
3312	10999	2302.452203	19.95426572
3312	13846	3363.171703	19.95426572
3316	263	353.2241024	141
3317	9551	768.8350324	115
3318	15457	1033.587582	81
3319	6055	936.1289785	44.02173913
3319	7898	998.2251756	39.44033602
3319	10568	901.819686	45
3341	7079	350.1930008	157
3346	12501	912.8991237	62
3347	5271	1174.062996	87
3347	18947	1122.953151	97
3350	15854	641.9939008	52
3353	4798	643.1396482	62
3353	11538	661.3161062	60
3353	16052	666.3392954	60
3355	5333	258.8667637	83
3367	723	208.7711532	182
3369	11427	1725.115703	52
3375	136	585.2426808	33.81608925
3375	16944	523.7775211	36.1209642
3378	19428	2645.95589	36.92365229
3384	9818	574.8828185	92
3392	17750	2748.299478	38.58293741
3395	15741	684.1820942	83
3402	6976	633.2025295	136
3405	11029	189.5828283	206
3406	8621	706.9938531	48
3421	6108	232.4372502	147
3421	19063	251.1164675	131
3423	10113	745.7799973	96
3423	14575	724.7561899	108
3424	18166	1550.818196	48
3427	8449	1327.957694	107
3444	3126	1151.644917	68
3452	4264	504.3083781	79
3454	11348	762.4331159	134
3466	16368	2602.609588	51
3471	14125	1622.400818	91
3477	4831	198.9677642	181
3486	5464	472.0510446	51
3494	4650	2503.760213	40.31678793
3496	9225	980.1152738	130
3505	3503	3671.189075	50
3508	8612	296.7420602	187
3508	15601	279.629389	188
3509	2784	305.2715324	89
3509	14675	261.9938208	90
3512	9059	1086.993087	106
3517	7756	610.1379874	102
3522	4390	733.839207	111
3532	12988	304.9517417	64
3548	14336	1567.676246	120
3551	8592	524.3541453	125
3551	9890	594.9312987	119
3551	14569	537.0998503	114
3551	14611	530.805986	120
3564	10842	689.3509664	91
3567	1550	758.6338174	75
3567	5903	719.8674631	78
3572	6648	1424.109054	95
3572	19320	1392.987579	100
3574	9557	2388.494286	89
3595	13751	381.719382	99
3601	1453	936.5828828	42.1285547
3606	1594	197.0622255	125
3614	18995	1647.676754	52
3615	3672	485.6664845	105
3615	17647	547.5819487	98
3620	16865	407.6899557	113
3626	11884	328.9244733	82
3635	17295	957.0831464	56
3640	265	691.6898846	93
3641	9483	1270.768935	99
3641	17231	1267.61799	105
3642	153	1596.481401	70
3649	2705	197.8655847	140
3654	5808	480.5887464	156
3654	14352	463.9336844	146
3655	16277	736.597011	55
3661	2208	929.9794463	77
3664	17452	1269.982184	109
3671	3907	1692.392715	90
3680	18105	507.0830046	123
3684	14480	819.3693153	116
3696	4484	810.3017775	77
3696	9703	703.6358665	87
3697	548	1463.885979	6.649207039
3697	15011	1460.177528	6.649207039
3697	19359	1396.367581	8.848282679
3729	6951	981.8934457	59
3729	9447	1090.294371	55
3731	14139	395.351087	102
3733	2682	1010.809512	34.5675579
3733	5814	982.7368375	34.5675579
3733	14980	898.9371853	40.31678793
3752	15962	427.7395725	234
3757	11405	447.4735472	192
3759	6551	564.4513332	131
3762	6316	743.4072187	56
3768	15029	788.8758253	91
3783	4430	803.4620937	126
3797	11506	517.4851091	144
3798	18883	1302.340509	98
3803	17932	184.6297281	153
3814	2480	226.7338477	113
3814	9033	320.7751216	102
3816	1429	214.9008606	164
3825	2558	1183.486593	93
3833	5692	354.0137135	136
3842	12100	1621.067611	79
3846	13805	549.6121763	120
3851	9912	506.8136486	100
3852	8311	1750.323683	127
3855	6379	183.9734446	283
3856	9781	1247.851433	59
3861	74	1564.067699	53
3863	1784	579.3929931	177
3865	15662	294.2001772	122
3866	2662	3190.944219	27.1437722
3892	10012	182.7037706	134
3894	8337	1663.883929	121
3895	19598	3303.978818	24.31888239
3911	7131	2296.873471	108
3920	770	5222.828187	62
3923	15590	224.1210507	117
3924	6710	680.1536004	85
3931	5308	634.4057494	130
3936	5917	413.8584142	95
3937	1280	1523.088511	61
3937	4036	1526.587893	56
3947	6953	970.8808312	87
3968	1469	1080.136802	100
3979	10140	1314.83933	85
3979	11863	1357.362589	83
3995	14451	345.2569023	127
3996	15827	990.7949472	47
3998	564	883.4802431	52
3998	13984	917.7542661	49
4005	6532	2265.464781	40.31678793
4006	13409	1324.716377	110
4021	2591	1444.529813	134
4021	8772	1387.549912	139
4034	2061	738.2003585	84
4034	8259	763.7429441	87
4034	18553	752.4025525	90
4041	3224	1021.206072	102
4043	6771	2645.047482	38.58293741
4043	13320	2647.582842	37.7441779
4045	16993	790.201525	103
4054	13823	201.6537117	178
4059	909	992.8834523	97
4063	7275	213.6571248	80
4071	11554	229.7776146	124
4074	638	3537.411707	25.41173093
4075	8994	403.3987222	132
4082	32	472.1642118	154
4082	12818	448.7028457	147
4085	18706	851.5453688	113
4088	13603	576.317012	143
4090	2827	208.52588	169
4090	9366	228.330819	160
4093	19104	1128.368522	87
4106	7880	236.8673735	119
4107	4341	873.3744865	56
4107	4355	1496.942501	53
4115	12162	3056.681647	39.44033602
4115	18581	3045.664928	41.21271655
4127	12753	607.607828	71
4127	17197	635.2262629	66
4130	18372	509.8629457	104
4136	7799	413.9830915	169
4140	11362	1800.648414	49
4164	451	773.2903936	54
4164	2951	680.9055693	66
4172	18914	237.1201974	129
4177	1239	4379.666363	11.77465311
4177	5285	4530.463339	11.77465311
4177	9692	4518.304539	11.26827626
4177	11240	4562.899916	10.78367647
4178	10230	282.1243775	110
4188	4124	716.4720069	44.02173913
4188	6779	714.2181093	44.02173913
4189	782	231.1671218	150
4189	14073	208.3158823	154
4190	688	542.2171187	131
4190	3739	571.2819227	123
4195	61	1357.255887	127
4207	16794	295.3102908	159
4210	15373	2664.574617	58
4217	3756	1338.753631	144
4226	5444	411.4514879	135
4227	19661	1740.033806	66
4229	3774	3122.75258	24.31888239
4231	15216	737.0849896	103
4243	19296	193.0893041	175
4248	2229	745.8750743	82
4248	18144	767.4776304	77
4248	18257	738.1135314	80
4249	12686	419.3953197	110
4255	17121	541.2533711	167
4261	14909	1296.049464	40.31678793
4264	4332	4819.570068	95
4266	11440	928.7885496	69
4271	7732	4020.015011	83
4273	4165	474.6592242	305
4275	515	332.7487513	69
4282	13157	464.3288673	133
4284	10581	2847.481458	34.5675579
4285	10613	281.4919595	91
4293	4867	1711.450612	52
4293	18308	1761.398405	52
4298	15727	455.8733904	127
4299	250	328.0601019	118
4304	3118	496.483058	108
4314	18087	415.3549668	116
4328	8387	409.9046422	81
4347	15089	2582.128634	56
4359	2313	299.3005449	149
4361	3776	1112.601252	130
4361	6210	1314.57061	121
4361	8965	1275.485673	127
4365	12794	978.8739997	41.21271655
4373	17982	264.1395815	110
4375	17150	182.5703186	212
4381	2229	629.0835057	95
4381	18144	702.5986585	81
4381	18257	648.8196519	86
4388	5627	694.5108123	47
4390	5780	1962.970701	62
4390	15180	2004.1497	61
4392	17434	848.5997829	63
4397	8215	593.2021016	108
4397	11913	595.3650097	113
4404	7038	3238.126161	51
4415	5123	530.3889786	82
4415	14992	410.2098821	66
4416	4028	228.0968156	177
4419	16113	1710.768213	111
4425	6423	430.3770321	51
4427	14896	1322.525878	88
4427	16389	1202.537529	94
4449	13379	784.2186921	112
4450	11091	216.4579614	158
4456	16523	754.4586455	76
4459	6480	664.6121325	52
4459	14116	718.3761563	47
4460	3301	613.0412608	114
4466	4133	1192.811543	27.74696714
4466	9994	1148.900795	30.97006447
4466	19059	1112.558331	32.36180563
4471	16712	1474.660314	114
4476	1217	1906.455898	119
4484	18924	298.4274428	145
4490	17695	2496.502075	114
4492	11709	881.7578991	107
4497	19415	2548.661069	87
4499	12730	2119.324141	50
4499	17204	2103.068024	51
4508	4548	697.7642869	101
4522	2550	700.6097514	91
4526	4891	1131.95384	131
4526	14379	1262.573566	132
4529	744	448.0044741	86
4530	10062	582.8078365	39.44033602
4534	720	1350.414037	98
4539	1185	487.3035184	213
4543	1751	400.5176947	82
4543	4443	369.5456205	90
4543	10511	351.5856326	96
4546	17057	335.4667463	178
4552	18317	1174.667198	123
4557	7064	1449.766982	61
4557	10332	1400.659813	59
4558	14482	1216.427611	95
4576	14666	361.8971204	184
4586	16569	338.1375457	172
4608	7237	469.5074899	113
4608	17712	412.8648475	127
4622	12788	1281.058571	100
4622	14742	1314.914341	101
4631	6499	1448.709763	24.859302
4631	8464	1422.917933	23.79021103
4635	12089	1819.60522	105
4635	13425	1621.318622	106
4635	17483	1658.980335	109
4643	9416	814.4892367	104
4650	2777	570.9282894	162
4650	7601	494.9138577	168
4650	11507	525.7911448	167
4650	14655	510.8014136	165
4653	14227	373.6938534	141
4654	622	432.0660493	113
4660	1844	395.683555	69
4661	17861	601.2236039	131
4665	10696	689.9570554	53
4670	236	2157.005985	44.02173913
4670	18274	1882.124754	47
4680	7603	2442.524584	60
4688	4967	270.0473936	115
4688	18607	264.6410306	116
4689	3935	245.2100141	163
4689	19168	235.0493353	171
4690	16183	193.3526396	128
4692	410	724.5644674	81
4701	18952	987.9537708	128
4704	629	342.9345677	123
4705	10306	598.928083	109
4707	15252	260.4840491	176
4709	19422	186.4762837	145
4710	18613	693.0923752	69
4721	1579	3431.292494	48
4734	18596	2012.045782	38.58293741
4739	19673	761.3454761	95
4745	4758	330.2181479	128
4746	907	633.13658	108
4747	7492	1740.846197	46
4764	13205	2930.287024	75
4764	13773	2810.160425	78
4768	15229	820.0679345	19.52047734
4768	19670	808.7986959	20.39769385
4774	1545	680.6135667	141
4774	2854	691.8365031	135
4774	5416	637.8692663	141
4774	10122	674.6127657	134
4774	16149	702.315534	134
4774	18779	677.405216	138
4776	8807	752.7893021	120
4779	17301	804.7236908	64
4787	14056	484.0667393	296
4788	12357	195.5091497	162
4791	10555	342.770448	267
4792	8152	549.1775349	118
4797	17727	237.5514367	200
4804	5119	1030.511255	133
4804	8824	1140.592896	129
4805	7904	374.9856111	160
4806	5294	370.6137805	170
4809	5657	382.7282139	120
4813	12256	670.403213	149
4824	13875	332.21435	70
4829	11377	1375.522284	70
4829	16040	1343.707259	70
4829	18680	1342.436406	71
4835	6047	211.5177601	173
4835	15609	223.0447559	166
4840	2814	3317.23547	75
4845	1357	347.7931842	146
4847	14828	235.850506	141
4851	7238	1404.873089	87
4860	8258	1487.742178	84
4860	8537	1533.23393	82
4868	166	183.6383989	143
4871	4033	375.8990076	106
4873	5049	1260.829028	99
4887	15072	296.0983659	135
4893	13413	1701.066122	69
4893	14100	1697.855062	70
4903	6404	1029.090997	147
4916	13314	206.8685707	224
4917	13409	1259.208649	112
4918	19307	548.8105192	63
4923	13822	185.1409685	98
4928	7472	248.1652263	129
4937	5366	183.937739	188
4957	16213	1102.140573	119
4961	14528	551.4369269	87
4963	13406	524.7915914	51
4963	14155	489.0558598	53
4970	16257	514.5418337	96
4978	11954	327.0657267	192
4980	4240	2079.698118	78
4984	17181	3772.349238	38.58293741
4986	5923	890.9406695	134
4986	18851	921.700874	126
4994	18188	301.6268763	136
4995	12499	425.6445416	72
4998	8529	184.7410382	160
5007	16994	322.2331075	159
5011	19684	394.7317448	140
5016	8843	992.7810359	71
5017	30	2668.416519	91
5020	17512	815.6906344	81
5027	16515	346.0035404	142
5029	4489	329.3607311	68
5031	8026	366.6099608	132
5058	1892	1895.549792	73
5058	1959	1948.633923	72
5058	7520	1897.087738	71
5063	7103	659.7997869	151
5067	6502	199.6381344	156
5067	16728	255.0372196	142
5069	5589	493.1823695	95
5072	9419	313.6138915	144
5075	12593	453.1358501	132
5075	15408	472.203984	141
5080	1251	1092.132578	8.283674685
5080	3370	1056.173988	8.283674685
5081	10437	4511.321505	55
5083	9352	181.1723269	110
5084	8916	226.0623896	123
5091	3021	224.7867375	181
5092	17817	633.7706071	96
5094	2644	1672.04007	72
5094	3037	1678.04385	73
5099	5927	311.1958802	141
5099	11157	391.0638788	121
5101	9326	2602.168617	86
5103	4972	1730.279222	77
5108	11387	1536.565304	47
5124	8104	474.3841285	106
5125	1903	431.6060178	45
5140	11260	408.0034191	80
5142	13912	446.9840468	185
5145	5048	413.5711206	134
5145	5731	394.1764134	136
5145	13903	398.4939062	140
5151	2012	662.8537954	94
5161	520	1089.674103	19.09611913
5165	7338	1621.924602	93
5167	16449	1944.513881	61
5179	2755	287.1710988	52
5179	4339	302.4903192	50
5179	15812	277.4759839	56
5182	4864	4537.476957	69
5182	17989	3828.314055	72
5183	11359	317.9059716	198
5191	4378	1900.946841	60
5201	3875	185.2742684	153
5206	17280	518.9873818	158
5208	11077	762.0872151	107
5211	4897	256.4275275	229
5223	6374	1016.52759	78
5223	12174	1118.138546	79
5231	1245	187.652663	186
5231	11464	227.3009965	178
5236	10192	334.7328672	190
5244	4747	471.0697656	122
5245	11409	296.2748766	151
5252	12658	943.0491567	93
