5	18843	3038.752655	36.1209642
12	4005	631.0082526	76
12	11434	827.7654892	68
15	16104	1087.031395	74
17	151	593.6957244	40.31678793
17	1765	697.523574	30.97006447
17	2922	645.6896705	35.33572585
17	4789	719.7565371	29.63817606
17	5067	732.6668405	28.36356641
17	5231	732.6668405	28.36356641
17	6618	735.1030872	27.74696714
17	7093	607.9780624	38.58293741
17	7922	736.6186172	28.99386789
17	8692	645.3821533	35.33572585
17	8748	672.6516408	33.81608925
17	10273	732.6668405	28.36356641
17	14960	732.6668405	28.36356641
17	16691	675.421788	33.08095687
17	17398	658.554631	38.58293741
17	19125	672.6000258	33.81608925
17	19697	732.6668405	28.36356641
21	19339	606.0682826	116
36	3650	478.9359936	125
36	14417	340.8764895	137
36	16935	527.9562186	121
36	20376	415.6125223	135
37	18190	421.4944046	113
43	11328	987.8962466	131
49	1395	570.7691961	118
58	13421	1261.575143	92
58	17286	1516.102517	83
63	10995	258.2634345	129
63	15493	316.9604241	111
63	15662	329.6387082	107
63	17483	274.0895379	123
71	1976	945.8684933	121
73	17431	717.2942987	34.5675579
83	19404	427.5641779	89
89	18008	1366.309028	100
90	647	1345.257917	57
90	1781	1376.513048	55
90	2333	1304.400904	58
90	3726	1358.674517	56
90	9950	1318.703134	58
90	13150	1382.622646	55
90	14854	1300.454474	58
93	9646	239.4751719	241
99	18631	1246.633566	111
107	7131	283.7209274	119
112	5035	190.0254581	143
126	10812	229.9114616	190
145	14637	1203.53837	17.87759777
152	11031	418.7550379	79
153	5926	218.7120664	206
153	13433	228.2733985	209
154	452	535.6198252	113
154	981	429.0168809	118
155	475	3348.293741	102
166	5670	2089.174201	88
168	3797	784.1691095	136
171	1981	585.0924311	157
178	6592	326.6802003	142
181	19958	1630.211412	64
183	15340	317.7370193	129
183	17941	301.7430196	148
190	3402	1964.733419	49
194	18440	263.6964637	207
195	16132	265.0845568	201
196	8087	633.7929967	113
198	13410	432.4445497	156
200	1190	216.1089597	125
200	13268	211.3570083	130
200	13628	206.8025733	138
202	19583	905.3418464	37.7441779
209	1616	516.0111246	198
209	7739	629.6704899	204
209	8132	487.9716539	200
209	11379	547.9728243	205
209	11947	638.6750538	201
209	16970	496.9243403	203
209	20212	494.0321234	200
216	3687	650.6646372	152
219	199	265.9649406	236
222	3066	2443.369684	62
224	383	491.9610083	163
224	547	511.790585	151
224	1329	646.0391791	128
224	2756	505.6099896	149
224	2798	568.9492764	149
224	3264	457.5288945	154
224	5469	473.29777	160
224	5522	570.6251508	145
224	5565	557.0839321	148
224	6322	559.60045	147
224	7806	465.6543205	169
224	7949	534.6536301	152
224	10866	396.3181522	168
224	11738	340.7546499	176
224	11747	505.2328469	164
224	13462	523.1727541	156
224	13680	635.093762	139
224	13807	531.7492472	152
224	14627	535.7370644	146
224	16209	467.7861104	158
224	16834	482.8266416	165
224	17874	476.4635725	160
224	18204	502.4583838	158
224	19077	351.4126894	161
224	19145	498.7192682	156
224	19372	422.837543	165
247	2532	320.0143569	167
249	95	1214.752342	69
250	1813	654.1600639	150
253	13334	2937.56258	28.99386789
256	16979	305.8233092	148
258	13125	1621.063741	49
261	15721	1198.964001	98
262	3219	772.2348608	82
262	12923	736.5367039	81
262	18646	786.1361292	81
264	9281	2363.791127	51
264	12166	2189.851983	56
265	701	2429.900296	94
275	6708	297.50838	155
278	2570	1669.017443	66
286	2351	220.5633183	116
295	13683	570.0781517	86
295	14973	457.9045094	85
301	12131	350.7565163	149
302	17865	883.5057532	79
311	1358	190.9428446	124
311	19439	350.9354722	119
314	17005	3974.102234	66
315	18786	5070.410371	60
316	5197	1093.846752	82
322	20611	268.1138119	120
328	12399	477.1460897	229
334	9999	1719.276066	113
338	18474	325.4745266	99
339	16337	1395.75736	29.63817606
339	16689	1327.137894	30.2968022
358	15674	545.6547608	135
361	17798	567.0557362	126
362	13084	907.5711217	79
362	14955	943.3579034	78
372	10600	850.2964949	60
373	16534	1275.824848	28.36356641
380	1344	181.990874	279
387	17179	395.896598	33.08095687
395	18498	895.5966981	40.31678793
396	10684	1389.490573	44.02173913
396	14133	1315.458277	46
396	14211	1336.362191	45
396	15348	1235.047741	49
401	6870	2910.530407	15.32822746
401	19088	2865.96589	14.03817541
405	1364	274.6097069	242
405	20164	201.3206605	264
407	455	957.6165145	66
407	7628	896.0649142	70
409	18139	1156.667697	63
414	8759	516.351662	145
414	13424	499.5387177	148
419	6882	192.3834184	195
419	12498	195.666704	213
431	19917	211.3875756	192
433	17750	771.820659	116
446	5938	571.0703929	28.36356641
454	7604	1060.564344	90
454	17259	1016.492573	89
466	5477	507.047295	127
476	5127	614.3389704	118
479	14134	426.7129116	168
483	169	804.97401	122
495	18919	532.9504916	123
495	20579	569.9324256	116
502	886	753.544267	88
509	2873	796.6199222	48
509	14350	831.2288659	47
517	20257	473.0579262	133
522	16164	1385.554108	27.74696714
524	1402	574.1314034	131
531	8862	322.6860835	126
556	5699	522.3464668	100
564	7932	391.6666116	107
579	10543	210.0390984	241
581	17933	1662.471057	34.5675579
584	7288	230.6055557	182
585	1763	1216.35879	31.65828812
595	4221	336.4629186	87
598	10236	1796.119533	128
598	18431	1892.019327	121
600	6478	917.7402159	100
608	2552	287.5406921	170
621	16239	658.3723215	176
623	13128	1908.395241	78
627	3702	389.5470601	177
631	9292	272.263882	223
632	4706	187.0540572	113
636	5957	581.6445206	43.0647448
644	17518	330.9414353	51
650	15338	1656.855763	87
653	17116	1664.278554	69
654	8799	2609.75144	35.33572585
654	16723	2641.909492	34.5675579
662	18261	823.0201138	87
669	11256	461.052396	153
673	3153	273.3541805	193
673	8650	355.3632721	166
679	2055	2008.722955	63
679	10063	1971.905109	66
683	2786	850.0589349	33.08095687
683	3120	859.5108392	32.36180563
683	3330	860.3614986	32.36180563
683	3715	859.0786267	32.36180563
683	5388	865.8139702	30.97006447
683	6799	902.3589913	28.36356641
683	7754	859.2942469	30.97006447
683	10738	825.0529491	34.5675579
683	10929	869.7294316	30.97006447
683	11307	859.0786267	32.36180563
683	13003	838.1617671	34.5675579
683	14382	820.4388824	35.33572585
683	16054	849.0157644	33.08095687
691	17506	782.4806668	56
692	19864	1136.115526	119
703	16729	307.0070197	68
706	14050	871.0817075	116
709	6381	871.8815602	130
713	5344	1964.281324	44.02173913
713	20637	1715.026274	52
714	7656	293.0316799	81
714	15994	305.0773096	76
716	18521	474.0976068	68
725	694	364.0765005	124
725	11045	350.8723766	141
725	17257	354.5559301	139
729	5942	409.0328162	138
733	2675	1322.060918	81
737	7446	333.6014814	120
740	265	527.041327	89
740	10658	536.8162451	87
748	12228	827.8570613	58
771	9218	598.7036456	134
772	14021	1791.446041	107
773	15942	419.6258869	128
775	14537	196.1578108	158
778	2585	184.73993	140
787	16540	1072.585114	74
788	1891	297.8702862	247
789	578	289.0976991	212
794	19097	459.1973135	153
798	18267	752.8628892	90
799	18144	1512.568526	118
802	15895	1164.484562	36.92365229
809	7342	905.8633375	152
809	14568	746.8316956	161
812	18388	2187.148069	85
822	4391	1150.900296	136
825	1552	341.7441373	141
843	19183	438.1222274	110
849	7189	396.4378985	79
849	9227	424.481733	72
849	16305	430.4468567	70
854	19489	192.9092706	259
874	15369	522.0222939	182
876	7661	1592.530045	84
876	10945	1412.677372	79
876	13752	1603.56801	80
881	10431	1015.316718	116
887	6476	498.1477042	41.21271655
887	9283	468.7814324	45
895	753	500.8073431	107
900	11053	555.6617344	125
905	15481	431.3215751	100
911	8656	450.0971563	210
922	15153	2533.993649	57
924	3423	4196.09418	17.48895434
924	5126	4165.538059	17.48895434
924	11373	4219.991642	17.10875968
924	13568	4178.155709	17.48895434
924	17292	4197.955982	16.73683012
924	18696	4194.22571	17.48895434
927	17481	1188.258407	99
935	7515	633.0991883	64
959	5707	196.0715252	220
966	8113	1540.995628	45
967	5545	651.0806668	133
969	12224	531.5177998	142
977	10540	634.6699443	79
978	7743	1120.649004	113
987	14975	680.4404706	113
1004	9122	763.6651947	135
1004	11286	628.2547429	146
1005	8284	2589.161611	33.08095687
1013	8437	329.7614399	152
1013	16915	275.2581136	171
1014	10061	1484.231002	94
1019	4360	348.63662	115
1019	15084	330.4911949	120
1036	10677	382.6042612	165
1050	567	947.2757037	10.78367647
1050	1180	1500.499705	11.51868239
1050	5400	1456.252479	12.85669654
1050	14539	1483.6871	11.51868239
1050	16361	1522.616369	10.78367647
1051	7538	969.5446204	105
1058	8952	1187.889776	64
1060	19776	1832.884804	54
1069	6035	1997.537123	56
1069	12137	2166.022658	59
1074	18527	3626.022178	29.63817606
1076	18157	534.5730598	76
1084	6446	453.0182534	76
1091	20286	314.6927907	102
1094	4612	875.8077878	122
1094	12060	1055.28112	122
1098	11332	4927.98736	37.7441779
1099	14409	330.3203992	131
1113	7690	1801.574587	71
1116	12138	1161.347628	106
1120	10672	1020.023711	102
1123	12542	753.8622855	61
1125	18318	710.8040985	139
1135	1736	327.8426222	232
1135	12213	276.8571041	246
1137	1967	377.3138649	148
1137	7753	243.4242343	167
1142	8711	1029.118436	93
1146	6854	572.3223023	106
1146	10650	405.4627154	117
1172	7048	549.9085535	109
1182	8585	3041.063619	33.81608925
1183	2750	1512.368633	55
1183	14694	1478.228382	48
1183	18362	1608.950319	48
1185	4923	238.6252625	93
1185	11249	255.3689441	91
1187	2826	416.7354816	127
1189	3832	1137.269417	88
1193	4991	1912.235564	72
1193	17977	1896.939322	70
1195	14212	204.9499177	93
1205	3725	268.845308	92
1205	18381	322.7296225	83
1206	13121	846.9320622	143
1209	6697	789.4721507	48
1209	12155	922.3456282	49
1209	15312	946.2909198	48
1213	3846	4594.293745	31.65828812
1213	10478	4388.908006	30.2968022
1213	11245	4494.063399	30.2968022
1222	8112	794.5684469	45
1225	14679	223.0146698	225
1228	7738	708.1781319	67
1229	7106	450.4366521	119
1229	9607	451.6630996	120
1229	13028	456.2934714	122
1229	14936	478.0026395	116
1229	16267	478.0026395	116
1229	17484	485.0829479	115
1229	19844	447.2427769	116
1235	6289	2247.797806	82
1239	4685	1849.519153	44.02173913
1246	1694	364.7114066	161
1249	16369	411.3123963	55
1251	17777	1466.683128	76
1253	5310	283.7743625	104
1253	9860	302.9439978	113
1253	20552	271.5037386	114
1259	11771	1481.088914	105
1264	15960	857.663502	107
1266	13797	231.8449334	70
1270	8588	332.736713	66
1270	10888	266.8374451	81
1270	18635	310.4684816	72
1272	14058	231.2881393	146
1280	8793	576.7169634	100
1283	13598	859.1442637	55
1286	6226	204.183206	76
1287	1677	1175.682036	47
1287	5213	1180.788699	47
1294	8165	673.6144648	103
1297	15939	282.5819526	184
1316	7246	278.8164252	271
1327	19527	542.0122184	127
1352	14991	1552.8712	86
1353	18232	208.9948132	137
1364	5718	3187.155468	74
1367	383	466.3912594	151
1367	547	456.8964809	151
1367	1329	574.7065928	132
1367	2756	524.1777779	145
1367	2798	507.4017478	145
1367	3264	450.0076983	152
1367	5469	426.2026674	152
1367	5522	521.7771165	135
1367	5565	560.1438069	143
1367	6322	465.8380686	161
1367	7806	450.9606535	154
1367	7949	503.6752051	144
1367	10866	441.9094103	151
1367	11738	311.54931	171
1367	11747	466.3968751	152
1367	13462	494.0854959	145
1367	13680	510.614804	139
1367	13807	458.566448	149
1367	14627	497.9429614	151
1367	16209	448.5333194	175
1367	16834	486.4089046	149
1367	17874	452.6587313	152
1367	18204	471.3069231	148
1367	19077	240.9474414	164
1367	19145	450.67386	154
1367	19372	394.219197	154
1374	16433	1504.264902	79
1375	17448	508.6452241	175
1389	16030	277.41254	107
1393	748	1165.013127	118
1397	19102	183.1781042	179
1418	3299	1537.010485	113
1418	17812	1560.802276	111
1419	3392	291.4237275	183
1420	7345	1266.151951	81
1422	2954	959.1054108	111
1425	6866	1469.698009	82
1425	9712	1440.184921	78
1435	19770	443.5172184	126
1436	12515	1243.975011	60
1450	14254	509.6168919	153
1453	13674	408.6862954	156
1455	15979	277.0949639	122
1456	10145	294.7431613	135
1456	14629	181.8192461	148
1461	5586	282.8001676	114
1489	8369	696.9195692	23.79021103
1489	18746	685.8248344	24.31888239
1492	14037	3090.53316	33.81608925
1492	17971	3103.758441	33.08095687
1493	6766	962.4449975	45
1493	17433	979.6902884	44.02173913
1493	20478	944.6523056	44.02173913
1518	4078	1059.044682	129
1522	15490	341.8055777	126
1527	383	475.4656788	167
1527	547	495.7838934	161
1527	1329	586.7675371	133
1527	2756	471.9485909	163
1527	2798	571.8339784	147
1527	3264	424.8235836	172
1527	5469	492.0183316	159
1527	5522	534.3745739	151
1527	5565	526.9325914	151
1527	6322	540.015922	158
1527	7806	470.9213874	165
1527	7949	508.0773388	147
1527	10866	378.2843464	184
1527	11738	369.7829182	164
1527	11747	509.3904664	160
1527	13462	479.6464045	165
1527	13680	589.7121734	136
1527	13807	497.7067204	162
1527	14627	544.0345528	148
1527	16209	435.967839	162
1527	16834	469.042549	167
1527	17874	462.8400221	163
1527	18204	490.7955651	161
1527	19077	337.5133432	167
1527	19145	475.0584406	157
1527	19372	424.528558	166
1529	10756	1263.41049	73
1535	5567	1784.294443	107
1549	2547	466.1210329	88
1551	3032	393.7135025	135
1556	1565	193.5560253	287
1556	9461	201.247491	284
1572	15012	1435.473113	28.36356641
1575	8045	335.5796511	161
1575	20360	292.1625907	165
1580	19680	259.4135654	174
1583	18757	1016.56336	147
1587	16766	889.7862781	62
1587	17113	873.747697	65
1591	8098	286.4130598	145
1606	383	229.1158352	176
1606	547	282.1778527	163
1606	1329	218.5538408	172
1606	2756	285.7869391	155
1606	2798	312.0869157	153
1606	3264	228.2981757	171
1606	5469	218.9284256	174
1606	5522	291.3513902	143
1606	5565	280.3129545	154
1606	6322	266.4865621	161
1606	7806	240.9343276	163
1606	7949	285.9478199	160
1606	10866	204.8104496	180
1606	11738	183.2923024	187
1606	11747	289.5979418	154
1606	13462	273.9966934	153
1606	13680	269.475997	167
1606	13807	279.0614901	168
1606	14627	232.2168417	167
1606	16209	247.5055848	172
1606	16834	296.6320295	153
1606	17874	278.9087787	156
1606	18204	266.8939919	169
1606	19077	281.1378605	149
1606	19145	299.0533787	154
1606	19372	229.7489803	169
1612	9215	539.1199622	163
1614	11192	496.8794001	108
1620	13479	708.3919544	120
1621	14207	1561.546795	68
1626	19829	995.6439777	37.7441779
1629	19303	308.7235503	163
1633	3061	2688.995863	33.81608925
1640	5939	2004.243618	54
1640	20475	1955.479144	57
1644	737	550.5972907	119
1644	3119	534.6028803	122
1644	4764	515.9068052	132
1645	9271	1693.732945	40.31678793
1651	1499	387.9834223	139
1652	998	1956.951206	97
1653	9123	3068.519589	41.21271655
1668	17781	2753.551574	52
1678	6078	1685.47002	46
1682	10078	1908.098462	61
1692	5618	190.9984171	159
1692	19587	241.9050032	146
1698	11428	1152.947633	58
1707	6942	1076.938186	62
1711	9761	648.7418123	100
1713	349	352.9905273	187
1714	709	330.0229943	40.31678793
1714	2124	332.9724202	40.31678793
1721	19472	545.8945771	89
1724	2470	203.3378119	139
1732	14715	960.1751435	72
1738	9438	2309.752075	45
1742	13008	204.1075512	230
1744	19652	1176.104741	137
1746	3401	413.3974371	103
1747	1011	419.2707549	67
1750	9167	770.7397534	55
1750	12967	920.9032583	46
1758	1372	1137.901845	23.27303253
1758	3949	1155.179006	25.41173093
1758	8256	1028.763011	30.97006447
1758	12119	962.3294776	27.1437722
1758	18028	1077.169458	24.31888239
1776	198	576.3708834	49
1776	5746	581.0666203	48
1782	205	322.6022078	157
1784	11278	404.4316813	230
1785	13693	492.7519159	104
1798	15787	370.226347	134
1805	3422	369.6512388	118
1820	14591	574.016436	118
1822	9810	2712.921308	86
1827	13231	566.3236716	134
1839	7503	395.295548	154
1858	14862	205.9330696	175
1863	15069	340.3912931	166
1878	3423	4183.949775	18.27487772
1878	5126	4129.416071	18.27487772
1878	11373	4183.145461	18.27487772
1878	13568	4141.992203	18.27487772
1878	17292	4153.536485	17.10875968
1878	18696	4149.3628	18.68098611
1883	11278	347.2060023	237
1899	11888	1012.21718	126
1911	12014	327.6090387	147
1917	383	471.1569552	166
1917	547	496.3537346	156
1917	1329	626.9274614	122
1917	2756	515.3308778	146
1917	2798	572.034201	148
1917	3264	436.8703702	151
1917	5469	481.2619038	159
1917	5522	511.4643708	149
1917	5565	515.5512633	148
1917	6322	564.8029004	154
1917	7806	481.1824104	165
1917	7949	520.7247167	152
1917	10866	394.9496925	179
1917	11738	378.4960546	159
1917	11747	493.7409095	167
1917	13462	474.1561925	171
1917	13680	648.4801144	132
1917	13807	513.082234	157
1917	14627	527.3166135	148
1917	16209	445.7971353	163
1917	16834	469.7840617	158
1917	17874	455.475477	160
1917	18204	483.9337276	155
1917	19077	365.9795622	158
1917	19145	472.356049	159
1917	19372	412.7078979	172
1918	7930	414.9574496	122
1921	8316	1327.38963	114
1922	16240	682.2064894	158
1929	91	439.7383416	141
1929	18237	338.2673764	145
1929	19859	427.8965298	134
1936	18673	238.1844586	193
1938	5249	332.841572	83
1939	8335	470.4229992	122
1941	2888	2337.45265	50
1945	383	402.5364048	182
1945	547	427.2163717	175
1945	1329	431.5476192	153
1945	2756	425.6071865	165
1945	2798	494.8559558	164
1945	3264	383.3954649	176
1945	5469	424.0160432	168
1945	5522	431.953286	162
1945	5565	476.7587672	162
1945	6322	535.4928662	166
1945	7806	426.9808051	164
1945	7949	447.5974701	160
1945	10866	373.3055655	183
1945	11738	307.2026606	172
1945	11747	426.2114243	182
1945	13462	429.945514	181
1945	13680	489.9346793	149
1945	13807	456.0364963	169
1945	14627	465.3772889	156
1945	16209	394.0831346	173
1945	16834	418.6222571	167
1945	17874	404.6634301	173
1945	18204	398.5202778	178
1945	19077	258.198043	204
1945	19145	397.5242862	181
1945	19372	373.306449	170
1949	190	640.2957364	134
1949	3837	667.4344243	128
1954	14303	2746.522066	68
1968	12488	1061.940438	65
1975	15514	400.6882934	133
1982	7759	195.6773807	161
1989	10278	348.6469178	210
1990	5142	695.6878495	181
1996	7233	2531.039945	40.31678793
1996	15422	2459.864581	43.0647448
2019	3109	810.5357393	88
2020	5980	280.6291193	148
2022	17767	1938.148412	86
2040	6208	2053.675678	61
2041	4144	1112.158317	96
2048	20137	253.5136762	128
2056	11391	1274.363588	173
2066	11437	270.0299566	137
2066	17574	322.7106436	132
2069	5847	817.4346838	122
2069	10139	740.2497307	133
2077	7665	654.772569	122
2081	11960	746.9285621	71
2105	12480	489.2110522	140
2121	11576	525.7449535	125
2122	3898	2742.288379	81
2127	17521	297.8676959	122
2130	190	822.1158247	126
2130	3837	818.5178919	125
2141	845	542.2164646	152
2141	6756	625.9418379	142
2146	8926	965.6269971	42.1285547
2147	1847	1319.567569	29.63817606
2147	10427	1319.379627	29.63817606
2152	8390	294.6767591	104
2152	13883	297.0125813	104
2155	16498	3871.398408	77
2160	14356	229.8630903	136
2168	15561	1300.822185	45
2168	16462	1238.327885	48
2174	5254	1102.182056	58
2174	5857	1267.326741	51
2174	13720	1078.894242	58
2178	9220	2082.174375	74
2178	10670	2094.625797	71
2200	1044	343.2027741	62
2218	9968	188.5064076	224
2220	15152	953.4134981	66
2220	19538	911.9679979	65
2245	6029	665.7471546	143
2273	2504	3520.126585	44.02173913
2273	20139	3469.832602	45
2275	13785	1428.460873	95
2279	1585	445.4904442	128
2284	517	196.6435694	153
2285	18859	1088.79334	137
2286	16237	361.9161843	146
2289	18841	860.6096299	95
2301	6398	392.2029017	173
2312	18518	209.3326615	199
2324	9686	776.1688801	109
2327	1434	1653.517389	86
2328	19837	1335.228762	127
2329	1112	743.8620744	60
2329	1919	535.141024	65
2329	5069	685.476723	61
2329	6948	782.2061789	56
2329	18829	780.3603619	58
2329	19651	703.3067352	62
2330	9696	1731.557788	68
2342	5815	376.8617327	79
2342	7406	376.8617327	79
2342	15049	307.2780488	71
2342	18345	407.8036084	70
2348	1806	1188.362142	27.74696714
2348	3051	1351.016224	27.74696714
2348	8257	1428.072938	24.859302
2353	14033	1357.88081	65
2354	4736	786.0889478	59
2358	12196	1135.239458	33.81608925
2358	14099	1210.141209	33.08095687
2370	7022	697.5804354	123
2372	9471	345.7315764	165
2385	9169	411.6588933	164
2385	14883	318.3565066	160
2391	12382	476.9837142	179
2391	14692	471.2348798	179
2391	18647	506.5853513	165
2393	6911	1156.916327	59
2396	11018	1254.633248	77
2396	14755	1275.983527	76
2405	7048	745.2977281	100
2414	16382	349.4862	117
2417	5220	961.981657	22.76709704
2417	17344	1000.371507	19.52047734
2419	7262	349.9920694	140
2419	12002	315.6971623	157
2422	12714	474.1039714	132
2422	13242	484.8732549	141
2422	13711	349.1745929	142
2427	9332	757.7009233	75
2444	18023	650.6354571	65
2444	18914	676.2238662	74
2450	9047	738.0244858	54
2450	16301	705.2218825	55
2451	10261	273.9599261	139
2451	16792	404.3329262	127
2456	14169	459.7058695	141
2456	15266	466.6522495	142
2457	16864	1189.783201	108
2459	8878	1017.786409	88
2461	1438	513.4248576	77
2463	4036	533.4729413	108
2469	6509	1205.61034	154
2471	160	823.1179041	101
2471	1071	769.6719048	100
2471	3700	806.3636551	106
2471	9544	812.7381707	98
2472	186	339.3634709	219
2474	10471	524.0341702	149
2477	10259	381.2346572	124
2477	20191	357.7343974	135
2479	8807	630.9220647	154
2481	14356	209.4981664	142
2485	14573	427.4925874	112
2500	14563	247.5346857	148
2505	17097	228.7110378	153
2510	6514	645.5556713	108
2511	4138	551.0648503	56
2511	12066	507.137561	61
2511	12444	508.0578055	61
2511	16804	537.5651716	57
2511	16859	549.1138828	57
2514	16983	4941.653054	42.1285547
2515	9938	569.5580516	113
2516	12912	3642.972331	1.27900138
2519	14470	304.6232928	120
2520	9141	1497.15922	35.33572585
2520	11560	1497.15922	35.33572585
2520	11992	1498.379539	35.33572585
2520	16144	969.2373064	37.7441779
2531	6321	1057.942024	109
2532	10908	643.9242652	114
2537	9817	263.1166334	141
2540	531	1819.089774	36.92365229
2543	4553	668.3418544	90
2544	12696	214.729181	152
2544	12872	219.6170817	157
2551	392	525.7374811	71
2560	18224	601.5946362	136
2562	17244	821.8182871	115
2568	814	239.2731235	169
2568	2303	283.5179154	156
2568	16695	263.2998544	164
2570	10433	2032.105969	82
2575	9196	635.5824166	77
2575	14107	787.9915712	68
2576	9402	691.9537094	142
2577	17491	1107.20032	104
2580	19065	310.9992897	178
2583	12143	689.1801586	115
2584	6645	204.5937612	158
2584	15156	186.4392513	145
2586	6295	429.9327429	72
2586	16206	438.3770662	56
2591	16018	478.1989854	162
2599	6278	779.5020269	144
2601	16807	4618.169171	36.1209642
2601	19050	4654.471387	34.5675579
2602	2766	319.6215229	172
2604	826	617.2488135	54
2604	14691	858.7344123	48
2604	19340	807.463109	53
2626	5710	468.9612072	142
2630	19209	246.7106566	123
2639	19190	1913.232102	97
2644	16359	412.2971378	134
2653	1276	693.701362	71
2653	11532	516.1481467	80
2656	1647	295.9982625	171
2659	7783	236.6019622	194
2667	174	1097.467687	66
2671	19430	692.1504593	84
2679	17231	625.5742439	93
2680	2535	994.1801948	105
2686	17648	701.1148255	116
2687	670	307.6176163	125
2688	16156	495.0097051	101
2692	10494	760.5253384	133
2694	5095	985.4723903	52
2699	10850	298.5725498	75
2699	18785	462.5579528	59
2703	15059	204.2295624	167
2705	12205	1225.846096	23.79021103
2706	17052	785.0292652	80
2712	9936	1259.447889	94
2720	8160	1055.025493	48
2724	4397	1416.63748	69
2724	4557	1474.563524	65
2724	18892	1571.906073	62
2726	2438	586.8966908	62
2739	7581	545.6820146	71
2749	20214	463.6425226	150
2756	13238	2619.158002	36.1209642
2757	15074	406.1014219	136
2761	18916	250.1569195	151
2763	9431	616.8652158	77
2778	151	623.6992466	34.5675579
2778	1765	704.9841034	30.2968022
2778	2922	646.1310404	35.33572585
2778	4789	720.4028122	28.99386789
2778	5067	728.4862208	28.36356641
2778	5231	728.4862208	28.36356641
2778	6618	730.9198253	28.36356641
2778	7093	631.4168913	34.5675579
2778	7922	732.4664542	28.99386789
2778	8692	658.6912176	33.08095687
2778	8748	642.6407181	36.92365229
2778	10273	717.9767715	28.99386789
2778	14960	728.4862208	28.36356641
2778	16691	663.8932456	36.92365229
2778	17398	683.0584051	34.5675579
2778	19125	653.6030733	36.1209642
2778	19697	728.4862208	28.36356641
2789	19968	990.1558996	129
2794	5566	498.9083969	104
2794	20110	505.4942664	103
2806	7604	1229.557068	77
2806	17259	1106.590779	86
2815	8125	2996.735293	77
2815	14572	2933.169953	79
2815	18723	3031.428787	78
2825	20183	392.4199314	156
2831	3971	512.3777441	122
2831	14890	603.9338837	124
2832	15589	283.8324428	195
2832	20090	219.8363396	198
2839	12972	470.0614951	122
2859	9911	189.7947331	137
2859	11941	208.8234722	127
2867	15040	498.3964278	127
2867	19858	523.7042152	129
2882	11337	311.9959911	137
2883	18424	706.5091009	82
2887	4342	1349.586932	149
2888	7682	367.1012533	105
2888	17202	324.0460175	112
2890	14412	2851.241357	46
2892	8685	1327.388271	102
2893	3437	311.548378	97
2893	5039	438.5628182	78
2895	3353	1118.758267	80
2898	7357	638.0736015	45
2898	14868	646.1593937	43.0647448
2898	20669	598.8746684	46
2908	694	240.9765035	147
2908	11045	239.4887976	140
2908	17257	230.6515671	140
2914	9030	2520.274201	58
2915	1668	1271.389814	115
2915	4188	1423.585746	118
2915	20140	1439.990315	113
2917	411	974.0632839	30.97006447
2917	10432	965.6499036	30.97006447
2917	13615	974.0632839	30.97006447
2919	8465	2757.475634	40.31678793
2919	15601	2732.418627	41.21271655
2921	20363	12858.45878	92
2934	15695	2127.510274	65
2937	10743	268.5026364	134
2942	6923	635.9301785	37.7441779
2949	9949	2057.521388	96
2954	5289	217.0033896	251
2955	11003	215.7797586	174
2971	13816	665.0068557	115
2977	8824	290.4455658	135
2977	9988	250.5452471	145
2997	10318	1012.881347	59
3000	1662	249.2337685	154
3009	1368	2642.642885	131
3009	10442	2578.873872	129
3014	18955	1392.142582	65
3016	4929	720.4919307	140
3032	16226	501.0271105	97
3033	7371	1016.349934	148
3033	20431	1099.922417	141
3037	7107	1112.294323	73
3041	16376	369.9503205	133
3049	10057	892.1832627	75
3051	6324	719.7220472	74
3051	12664	721.5790079	74
3052	12710	1066.855176	16.73683012
3055	3339	242.1983224	248
3055	6432	254.3027757	256
3055	12852	184.0020096	267
3085	2694	635.3490061	91
3088	7715	408.4078224	104
3091	18343	310.8026788	106
3095	18485	453.4666439	228
3108	14995	506.608738	168
3112	10048	848.0506612	64
3113	4781	446.5647739	97
3116	14347	1073.535434	93
3116	17873	1071.687377	93
3119	19041	1094.131341	76
3132	15927	1250.104176	56
3132	20427	1272.156138	54
3134	12737	190.9830711	178
3139	3018	500.7519438	119
3141	16500	690.0464943	36.1209642
3144	652	470.2517988	131
3147	3543	320.7234052	97
3150	9650	1094.721702	98
3157	18240	738.9960569	121
3161	978	940.6021578	111
3162	1460	4880.083718	45
3164	18038	795.5753226	73
3170	10558	493.8062856	129
3177	19750	186.9546621	183
3179	19588	365.242743	149
3181	7422	1122.181029	97
3182	3232	257.7539278	139
3182	11094	307.3970563	128
3184	10720	301.6763706	124
3189	5329	512.5665836	92
3190	383	399.2191504	161
3190	547	416.1405109	155
3190	1329	589.5991079	123
3190	2756	481.8680762	135
3190	2798	508.3197836	146
3190	3264	433.8346764	153
3190	5469	400.9718371	156
3190	5522	474.7403182	144
3190	5565	592.5226996	131
3190	6322	446.6063083	168
3190	7806	413.3144673	158
3190	7949	454.4809625	143
3190	10866	384.0467166	158
3190	11738	345.8318319	159
3190	11747	484.9915301	148
3190	13462	457.6457628	151
3190	13680	534.4895637	129
3190	13807	420.4907923	153
3190	14627	449.2273359	152
3190	16209	426.4650216	154
3190	16834	463.4091155	150
3190	17874	433.1541044	150
3190	18204	470.2951237	152
3190	19077	331.6738962	154
3190	19145	471.0587015	142
3190	19372	416.4114781	144
3192	15517	474.7058115	72
3200	12769	681.4747315	42.1285547
3206	6867	646.0250462	102
3206	7297	646.0960376	101
3216	16640	843.7110615	109
3217	7257	268.4383885	151
3228	15945	1322.38792	88
3232	9358	1816.286166	63
3232	18416	1858.811663	68
3243	7181	468.3173254	196
3246	6852	1279.274259	81
3248	540	1394.08835	9.661404388
3248	14375	1375.799328	10.31991723
3248	15258	1371.648905	10.54924872
3248	15814	1390.440285	9.661404388
3248	20252	1355.845828	10.54924872
3256	13081	1067.440257	90
3256	13605	965.3602043	100
3259	15179	1215.194274	119
3259	20540	1201.362501	121
3261	7907	319.219983	133
3267	15200	1064.944701	127
3273	4420	443.3681258	60
3273	16268	473.1675803	54
3273	18373	469.7841644	56
3274	160	933.7346792	89
3274	1071	841.1538546	93
3274	3700	818.4179664	100
3274	9544	901.214256	96
3277	16917	225.090855	186
3280	3293	1849.975608	78
3280	3970	1581.835357	84
3299	1043	334.017731	77
3299	2812	344.731977	66
3299	13960	361.6180051	67
3306	168	288.8019788	44.02173913
3310	1805	1365.521113	47
3312	4672	3020.261231	16.73683012
3312	17485	2662.761304	19.09611913
3312	18040	3450.855486	18.68098611
3316	5264	254.6443441	160
3316	15827	361.7085351	141
3317	6166	774.3822867	112
3318	5335	1031.578859	80
3319	4096	998.2251756	39.44033602
3319	4667	936.0998935	41.21271655
3319	17372	876.860324	48
3319	19325	805.895486	52
3341	5270	356.127345	155
3341	18748	355.1084926	149
3346	13193	912.8991237	62
3347	5058	1163.5534	87
3347	7428	1238.729401	95
3350	2340	949.0738033	47
3353	6766	670.04121	59
3353	17433	661.3161062	60
3353	20478	617.428188	62
3359	1019	453.6092399	99
3367	8269	210.50573	186
3369	12623	1725.115703	52
3375	141	585.2426808	33.81608925
3375	2927	566.6376981	35.33572585
3375	8901	525.6446205	39.44033602
3375	18553	566.6376981	35.33572585
3378	15778	2645.95589	36.92365229
3384	15487	576.6878525	92
3392	13613	2754.727877	38.58293741
3395	19560	771.1625233	79
3402	10033	606.0320201	138
3405	13037	186.578552	178
3406	9170	700.9617411	49
3421	11033	202.9846648	139
3421	12344	264.2097744	132
3423	2749	778.449256	97
3423	12624	724.9712268	108
3424	17356	2206.112412	50
3444	5793	1048.011554	68
3444	9809	1151.644917	68
3452	4390	504.3083781	79
3454	10588	629.659226	145
3466	949	2592.40024	52
3471	762	1633.56576	90
3486	4053	529.7893281	51
3486	11739	544.4134572	48
3494	13332	2527.312696	40.31678793
3496	14665	1007.930465	127
3505	18839	3671.189075	50
3508	18660	301.9088308	180
3509	6730	297.7250269	90
3509	6843	269.5824396	94
3510	8535	191.172964	147
3512	15585	1072.303768	107
3517	4471	606.9721163	102
3522	4449	733.4035136	114
3532	13688	304.9517417	64
3548	9376	1551.253759	124
3551	634	564.5445061	104
3551	15980	458.6197666	107
3551	20450	604.0116356	117
3555	15339	1892.022845	66
3567	11418	749.7962309	76
3572	10446	1565.942393	94
3572	15196	1394.244142	99
3574	9901	2625.3591	93
3595	9567	384.3259389	99
3601	13579	940.9007414	38.58293741
3606	7289	208.6553675	117
3612	4096	554.9538336	81
3612	4667	734.7322241	63
3612	17372	729.8320537	60
3612	19325	673.3677487	64
3614	12468	1647.676754	52
3615	13614	546.1095447	99
3615	19365	508.2371267	100
3620	16984	403.2424611	115
3626	6960	328.9244733	82
3635	208	957.0831464	56
3635	5619	551.2250597	74
3637	12556	250.6663932	188
3640	6454	690.5147241	93
3641	5529	1273.412415	98
3641	20460	1268.159573	105
3642	17384	1597.660304	70
3654	12714	320.0444917	147
3654	13242	299.8043257	154
3654	13711	423.5070726	140
3661	11979	914.0549403	79
3664	17732	1283.774213	121
3671	2068	1775.887432	89
3680	18865	516.1180235	119
3684	15892	793.7094041	118
3691	18844	302.4994272	206
3691	20223	294.5410206	196
3696	10753	826.8000813	74
3697	540	1463.885979	6.649207039
3697	14375	1443.975878	7.421581234
3697	15258	1405.994374	8.848282679
3697	15814	1460.177528	6.649207039
3697	20252	1396.367581	8.848282679
3729	4026	1090.294371	55
3733	9092	1010.809512	34.5675579
3733	18477	1010.809512	34.5675579
3744	10132	182.8028234	199
3752	10501	435.4783046	243
3757	1987	424.9905562	185
3759	18057	539.2988187	142
3762	18294	750.7627488	56
3768	17913	804.5361252	90
3783	15245	767.395665	132
3797	263	511.1696968	137
3797	5132	601.7832395	128
3812	9629	280.0496368	232
3814	9911	267.3799539	111
3814	11941	317.1877901	101
3819	15078	525.5469462	114
3825	1236	1241.408375	97
3833	5889	354.0137135	136
3839	2577	461.2790227	92
3839	5009	479.8112524	90
3839	14776	421.2080222	100
3842	2862	1617.248437	79
3846	18846	594.8051767	114
3846	19447	541.5528234	118
3851	5971	583.979335	97
3852	1572	1680.685619	128
3856	7401	1243.014832	59
3859	9728	346.4922077	107
3861	15587	1561.317726	55
3863	16916	556.4582669	173
3865	12686	289.0327208	122
3893	8375	2838.115155	85
3894	18802	1647.137329	121
3895	15620	3284.418583	24.31888239
3911	8163	2291.576878	109
3920	67	5192.775432	62
3923	18243	217.1779782	121
3924	7905	911.8107093	63
3924	12346	1099.356693	64
3924	19311	1074.626048	65
3931	15661	677.9707677	125
3936	9898	420.0017949	93
3937	9509	1536.829955	60
3939	5963	192.9865918	326
3939	20553	187.3666982	315
3947	13526	988.2343302	85
3968	8837	1081.045458	100
3979	13284	1353.560507	82
3995	19824	345.2569023	127
3996	2734	752.2215464	49
3998	14748	917.7542661	49
4000	1752	316.0505781	188
4005	15578	2327.953079	41.21271655
4006	5164	1536.789626	116
4023	15741	309.4575383	200
4034	5044	721.9848531	90
4034	13586	763.6027329	87
4034	20458	746.5315182	90
4041	19568	1018.440236	102
4042	16468	332.224784	151
4043	7352	2686.468072	36.92365229
4043	14870	2613.230421	39.44033602
4043	15221	2648.829285	37.7441779
4045	9210	784.354663	103
4054	677	202.1874041	178
4063	7591	213.6571248	80
4074	11684	3531.494125	25.41173093
4075	18500	400.0770598	129
4082	8985	367.429389	166
4085	9943	835.2501912	115
4088	7175	592.5038472	139
4090	3870	234.969932	159
4090	7532	203.2517476	165
4093	6715	1110.2713	88
4106	18931	233.943315	121
4107	7363	1551.143787	54
4107	18901	1382.908552	61
4115	555	3049.764056	39.44033602
4115	15899	3037.024369	41.21271655
4127	950	513.1168946	62
4127	13438	607.607828	71
4130	7829	510.7424159	104
4136	10160	409.4695187	162
4140	12011	1800.648414	49
4144	1262	186.6736213	101
4164	15272	719.6951696	51
4172	19064	396.3928899	136
4177	3501	4526.179798	11.77465311
4177	4883	4490.628078	11.26827626
4177	11878	4562.899916	10.78367647
4178	15591	374.3042421	127
4180	2174	1665.58071	70
4183	17798	562.7585104	126
4188	4259	716.4720069	44.02173913
4188	9591	706.2580534	45
4188	11215	682.9963769	47
4189	7635	201.9737708	156
4189	10490	188.4086448	153
4189	15229	227.1412932	151
4190	190	541.3025512	131
4190	3837	571.2819227	123
4207	16870	343.3469942	160
4210	20241	2650.717585	58
4217	3862	1338.753631	144
4226	11090	411.4514879	135
4227	2923	1733.037517	64
4229	4737	3122.75258	24.31888239
4231	11050	714.9061858	108
4243	5248	187.8341543	179
4248	4554	707.5382829	88
4248	6783	717.303096	84
4248	15001	752.7315112	78
4249	5829	409.9808728	112
4249	13988	293.9299366	128
4255	642	671.0095989	159
4261	2614	1372.335135	35.33572585
4264	1564	4798.48976	96
4266	13788	930.0319614	69
4271	13397	3993.849237	83
4273	10536	450.3349634	298
4275	2049	335.9963867	69
4282	4640	481.9351402	131
4284	11154	2847.481458	34.5675579
4285	4669	217.364976	108
4293	1650	1721.176161	51
4293	8402	1781.551536	51
4298	203	452.1645309	128
4299	7849	319.022808	121
4304	5518	494.4802797	109
4314	6846	401.6640028	120
4326	20242	806.1012453	128
4328	20013	411.5517558	81
4329	13662	232.429399	208
4347	7449	2602.787229	57
4359	14529	293.8142345	151
4361	7478	1324.575566	125
4361	9813	1255.781224	131
4361	11402	1259.475013	126
4361	14323	1307.297439	122
4365	1109	944.4752243	43.0647448
4365	13474	978.8739997	41.21271655
4373	14548	265.6937017	110
4375	9316	209.9638155	229
4381	4554	630.1826877	92
4381	6783	628.2867641	91
4381	15001	666.0705946	82
4388	9667	665.9013151	46
4388	19506	694.5108123	47
4390	6974	1962.970701	62
4390	16538	2043.821987	60
4392	9265	855.8718738	62
4397	1101	608.0070877	110
4397	3332	590.5655195	113
4403	10194	462.7805822	114
4404	3163	2802.00698	57
4413	1891	198.6014059	261
4415	12321	530.3889786	82
4415	19575	544.0785515	80
4416	16993	215.5171732	171
4419	2717	1684.557182	112
4425	6676	430.3770321	51
4427	7045	1372.42601	90
4427	16286	1378.667506	87
4449	5148	801.3198422	111
4450	5640	195.5373189	146
4456	6572	771.6729701	78
4459	3381	718.3761563	47
4460	9489	636.5219	114
4466	5673	1135.955293	25.41173093
4466	10891	1174.126624	29.63817606
4466	15839	1183.176044	28.36356641
4471	8036	1501.934185	122
4476	6721	2205.565796	108
4484	8644	305.5909583	139
4490	5692	2010.654606	123
4492	7638	881.7578991	107
4497	11363	2586.69422	86
4499	13418	2119.324141	50
4508	5437	707.3575984	100
4522	8638	685.9763785	93
4526	11536	1259.038013	132
4526	18303	1150.433553	129
4529	17091	432.2276755	89
4530	10613	582.8078365	39.44033602
4534	2403	1351.07259	97
4539	11278	415.4721931	247
4543	4549	369.5456205	90
4543	14032	402.0249717	82
4546	4689	271.6035604	190
4550	8142	206.9392866	136
4552	2685	1145.396851	124
4557	7564	1447.690063	61
4557	19874	1385.18715	61
4558	19135	1214.146796	94
4573	18641	613.1218044	81
4576	3534	356.9727445	186
4581	10897	334.9929374	169
4586	19892	353.4404851	158
4592	7868	289.2595929	70
4592	12565	248.1346136	70
4608	2474	408.6294018	143
4622	17195	1320.191103	88
4631	6758	1448.709763	24.859302
4631	17067	1447.654473	25.97643606
4635	11760	1642.940874	110
4635	13927	1635.819528	110
4635	18016	1491.4331	114
4643	20548	825.6698225	102
4650	5850	567.5624536	164
4650	13618	531.5904956	166
4650	14372	507.7773033	163
4653	9757	375.4990554	141
4654	18309	416.3003524	115
4660	19602	591.814975	59
4661	5629	601.1224727	133
4665	9983	689.9570554	53
4670	235	2308.949147	48
4670	8358	2359.208035	45
4680	10280	2434.741085	60
4688	3604	226.7086744	115
4688	6569	229.988564	126
4688	13694	210.2970781	122
4688	14645	216.2131211	119
4688	18310	270.5748244	118
4689	1830	240.749944	168
4689	9824	250.1511505	162
4689	16162	229.1557487	168
4690	18205	258.1551869	120
4692	8097	724.5644674	81
4701	10627	1000.532449	127
4704	14803	356.6319279	137
4705	4239	506.0490625	129
4705	14122	664.4904384	116
4707	10250	294.2984926	163
4718	3737	239.6111953	190
4721	3720	3431.871527	48
4734	8153	2068.251413	40.31678793
4734	11672	2055.394581	44.02173913
4739	4412	775.369405	99
4745	4926	330.2181479	128
4746	18475	635.5568866	107
4747	6566	1740.846197	46
4764	17181	2899.230774	76
4764	17376	2848.511928	76
4768	16077	820.0679345	19.52047734
4768	17879	803.2357241	20.85097594
4768	20585	808.7986959	20.39769385
4770	20165	207.6877066	129
4774	8868	699.1903867	135
4774	9716	704.5736695	133
4774	15957	687.0252232	139
4774	19581	647.7602581	137
4787	10638	350.0216172	299
4788	1084	189.9346094	158
4788	3382	203.9286813	156
4788	8665	187.8754638	164
4788	11353	196.1711573	158
4792	2291	549.1775349	118
4804	6438	1099.140593	130
4804	16630	1067.934998	133
4806	15464	365.3528561	171
4812	20566	575.2443231	77
4813	13639	637.7513076	170
4829	3189	1366.726784	71
4833	10131	1500.428881	91
4835	2690	210.1720409	190
4835	4132	211.3948034	166
4835	20051	211.5177601	173
4840	7128	3322.366678	76
4845	8108	362.4232098	146
4851	5725	1404.520744	86
4851	20572	1404.777405	86
4860	12426	1479.802133	82
4860	15693	1542.370612	82
4868	6337	185.0687504	155
4871	11445	395.2706249	112
4873	17981	1261.887803	99
4887	19114	451.1388783	129
4893	4830	1691.531842	72
4893	20560	1713.224676	69
4903	7451	987.5791235	148
4917	5164	1489.583742	116
4918	2382	520.3780027	64
4923	14602	185.1409685	98
4928	3410	239.9865805	139
4937	8449	184.3067279	187
4957	19816	1094.847623	119
4961	859	552.7159081	86
4963	1403	535.3578106	50
4963	4137	501.2724522	52
4970	20530	505.5395717	97
4980	5658	2040.042164	80
4984	8672	3764.516207	38.58293741
4990	17833	250.7100157	231
4994	6990	299.7970366	140
4995	14309	418.7468505	73
4995	15368	409.1297288	75
4995	16996	396.29692	75
4998	10302	184.6057777	162
5003	8202	380.3789696	155
5007	20647	322.2331075	159
5011	736	453.8405888	138
5016	18821	1009.529931	75
5017	8424	2674.248914	91
5020	12082	827.3083335	80
5027	651	345.7023167	148
5029	4609	329.3607311	68
5030	2623	423.6215361	318
5031	679	386.7173818	151
5031	13300	362.1636278	155
5033	19012	304.5007948	245
5058	1286	1922.761316	76
5058	6924	1964.984511	71
5058	14411	1909.80493	77
5063	6801	670.170003	150
5066	16557	391.1287263	155
5067	19028	260.6248275	140
5069	10475	459.7197058	101
5069	15968	453.9087552	98
5069	18744	493.1111416	95
5072	15663	303.9572878	140
5075	9097	432.2647103	132
5080	1270	1092.132578	8.283674685
5080	8329	1082.724211	8.467756344
5080	9012	1071.130012	9.245909209
5080	9353	1071.959786	9.245909209
5080	14276	1098.916827	8.1035948
5080	15088	1065.322063	9.245909209
5080	20436	1007.3896	10.54924872
5081	10184	4512.428463	55
5083	13566	1359.33781	8.1035948
5084	12482	220.6574667	119
5092	20354	652.8398294	94
5094	8080	1696.094538	74
5098	5980	355.3199611	130
5099	8063	414.7975788	121
5099	17382	353.950966	111
5101	9157	2596.725062	86
5103	6090	1738.931408	76
5103	10486	1638.20246	79
5108	3418	1533.490969	47
5124	14131	379.3469757	108
5124	19807	305.276766	113
5125	1952	431.6060178	45
5140	4571	370.7278772	89
5140	7506	352.0571249	92
5140	8593	404.137415	82
5140	10082	359.3756417	90
5145	4905	327.1454799	147
5145	6857	394.1273597	154
5145	11380	384.0687324	135
5145	14376	366.2309605	142
5145	17653	355.4043591	143
5145	18131	360.2677527	137
5151	14782	663.0262518	94
5154	1230	16562.15806	30.97006447
5161	7122	1092.537399	19.09611913
5165	14291	1587.512638	94
5167	15230	1965.510139	60
5179	8677	321.0344387	47
5182	13275	4545.507972	70
5191	6208	1893.551815	60
5201	17186	183.658918	139
5206	9161	597.4039989	155
5208	11219	762.0872151	107
5223	12424	1049.015805	82
5223	18707	1094.605506	79
5231	11030	236.9642543	183
5231	18793	238.3931966	184
5236	10278	311.1374522	197
5241	15389	378.2341344	127
5244	7204	514.6454482	120
5245	1680	296.2748766	151
5252	13333	943.0491567	93
