14	1087	225.2134996	239
20	2519	193.2307652	117
24	712	470.2655055	162
24	1803	369.7838767	169
44	3930	233.2823739	174
66	682	187.4148914	140
66	747	200.8861436	155
66	1387	209.1438105	160
79	3954	922.297026	88
95	383	925.6146555	111
100	1212	248.803843	108
111	2630	586.519385	93
115	2276	427.7189787	121
118	2569	266.6196657	134
119	250	489.6943882	143
125	1526	201.3655764	156
139	1353	681.3005548	107
175	2774	289.9665146	111
177	3657	536.6796435	124
184	2902	344.2835443	100
190	1849	351.5076939	106
201	4115	287.9407639	157
204	3462	311.8126545	185
214	667	1252.329577	92
218	1362	533.2389005	129
218	1609	447.7959763	141
220	2171	1217.200409	71
230	498	240.6459628	141
249	733	217.3777152	174
250	3556	216.1770043	168
251	411	287.403545	154
258	4271	296.3820577	121
261	4189	2125.421406	90
263	2677	708.4087985	113
263	4558	701.2163341	115
278	2267	280.7653883	134
281	3017	241.2623921	151
282	847	1977.248432	47
282	2211	1995.585492	48
290	1491	432.9350422	159
299	429	210.98668	149
301	2016	248.5581792	219
321	1984	330.8002058	52
333	587	250.5693444	184
333	4225	202.940355	181
336	4237	247.6509841	115
363	2557	215.3606659	158
370	1647	270.0758112	145
390	2025	220.9247922	108
400	4134	351.1218876	125
417	712	442.5295674	151
417	1803	369.3856619	167
418	146	742.3993919	123
428	1018	364.291025	115
438	2381	542.6458417	111
442	1606	557.1434937	120
442	1764	488.4882577	122
449	346	684.0501961	120
452	508	240.7007526	106
453	3195	186.0332782	143
458	2925	680.4708314	97
460	2702	513.8833287	84
471	4166	1051.799687	106
481	1606	432.7517658	114
481	1764	266.8952538	143
483	1447	493.6313159	99
485	3240	339.1497929	168
493	2227	229.3605302	141
501	2198	668.3435183	136
503	439	544.7542404	100
513	587	335.3327147	155
513	4225	277.0844217	176
526	4314	423.4124889	122
530	3588	1023.099571	87
534	3356	333.6486073	198
535	683	559.8046046	111
544	3749	183.5979738	107
555	1804	219.114009	147
559	976	279.3375351	144
560	229	603.956718	111
565	580	442.6462702	115
568	1431	410.8114078	141
585	1227	1163.941606	146
586	1512	1068.558913	105
590	2345	409.4072262	91
595	1958	585.3336298	108
595	2092	610.5185899	101
605	1895	465.3375719	91
608	3998	1135.367829	107
610	2109	713.5931559	98
622	4278	1747.029848	70
628	3418	569.4127963	118
634	767	234.3826348	135
635	276	356.1684024	128
648	1722	1152.638014	63
661	1529	2756.427128	59
663	807	538.6325007	168
665	2992	911.2362367	83
684	117	322.4443212	155
689	3519	443.0731375	155
724	1813	248.8354457	219
732	1720	623.6211005	126
749	816	315.3063335	135
762	1919	513.3375995	110
762	2172	469.9400979	112
771	3084	436.0850913	81
772	3659	1310.265779	98
780	2518	805.5138114	78
781	2818	448.9430665	170
781	3107	379.9622999	188
781	4471	487.4604545	176
783	2050	610.8693668	149
804	2298	670.3680809	111
815	234	714.9646104	117
826	2359	1598.937245	70
864	3553	402.3973001	119
870	712	476.0700081	149
870	1803	353.2104239	167
878	719	198.0949693	166
887	498	265.0006908	146
892	359	277.0900734	137
896	227	225.5844545	155
898	2818	464.6339016	160
898	3107	467.5107134	178
898	4471	431.5773428	166
917	4762	975.7678461	77
919	3759	203.5900839	116
928	1538	199.1399105	171
933	4422	229.9505501	174
953	384	812.3552349	84
954	1710	202.8545685	128
954	3778	205.3109335	133
989	4053	240.4797356	136
1004	2034	274.8300687	100
1006	2748	639.5626773	89
1009	1853	311.1927678	109
1010	1575	250.5897109	172
1010	3701	306.7423229	151
1020	996	1047.668051	79
1021	2354	533.0741694	129
1036	3594	2020.536707	95
1043	4390	389.1907726	166
1044	2919	1061.599884	94
1049	1793	424.3928269	107
1058	334	196.9898178	195
1058	4064	194.9622201	191
1065	1218	294.3460931	118
1077	486	340.8673658	140
1085	1592	451.4071505	129
1090	4124	332.9715281	134
1092	3297	460.1053971	127
1105	3261	1506.450043	93
1113	2588	287.7333855	140
1114	2991	1136.315335	88
1119	4166	812.0093314	120
1120	2868	221.7319051	133
1136	2122	507.1544939	145
1138	2464	319.6809029	200
1151	2958	868.0087484	115
1156	2979	199.2646978	194
1158	2868	225.3290959	144
1159	2757	307.2482644	123
1160	1452	1186.696052	72
1170	1921	598.3608591	78
1173	947	861.0573893	117
1179	4403	515.2631654	90
1182	753	372.5431042	157
1191	1778	315.0288521	138
1212	841	385.9673554	127
1212	2644	285.6273975	133
1227	3737	423.4899232	102
1237	2680	1046.55176	126
1241	3320	767.103755	154
1246	1513	230.0412514	126
1256	2419	497.2771454	154
1267	4739	454.4869413	144
1277	3622	546.6269678	167
1290	4218	204.4768085	148
1294	1836	765.7813633	104
1295	526	266.0896191	125
1298	1737	411.465291	128
1300	1237	2432.550855	80
1314	3414	221.3652368	132
1326	1769	186.8052216	197
1335	532	251.9328194	72
1336	2987	447.080948	117
1339	3651	507.6773245	124
1355	2518	797.9888219	87
1357	1161	227.6546521	153
1369	3226	570.9605215	111
1370	2665	522.8333212	85
1380	2879	410.6419688	138
1388	1725	513.9145016	146
1390	3146	266.4020018	128
1390	4206	269.3081885	157
1391	3742	205.4125818	166
1402	3177	517.6234075	122
1403	2604	354.9962838	115
1405	1317	2587.08334	57
1405	2149	2665.683129	52
1405	4703	2450.661517	58
1435	4641	593.5949079	154
1448	64	226.6658793	131
1451	2267	298.7711505	128
1453	808	731.8127245	109
1453	3993	694.5998113	115
1453	4052	615.7665014	117
1476	2913	459.9015154	136
1488	329	465.5306225	149
1499	1512	1172.299122	106
1503	2362	426.8153667	126
1507	1668	908.1643061	67
1527	2256	379.0534613	159
1528	4282	788.5649658	92
1538	1646	903.8245102	99
1542	1762	199.4039134	176
1543	2018	411.8077113	141
1551	558	193.2239727	118
1553	682	258.0266809	122
1553	747	315.7431375	113
1553	1387	255.957934	132
1557	3930	207.3306118	184
1563	2261	487.1430021	140
1567	1591	378.9570895	123
1570	3290	392.6343038	154
1582	1725	736.8555875	149
1605	805	192.0042236	93
1606	3865	229.8246567	175
1611	4402	542.0164333	157
1621	454	482.3834552	120
1622	1170	279.0183974	126
1623	1379	418.669195	100
1627	2622	419.7871844	85
1635	2898	548.4030175	75
1639	2433	217.194453	104
1655	1043	365.0995369	127
1655	2888	329.4017007	135
1658	2656	2035.186897	51
1665	700	743.8319462	131
1671	1867	1866.371777	78
1676	4486	200.1690013	199
1701	2431	676.0916791	125
1703	733	296.3571611	165
1710	682	218.6018911	147
1710	747	274.6573848	129
1710	1387	241.7496892	140
1722	797	340.5659355	123
1725	753	263.3424639	171
1740	2321	637.6620308	134
1767	2051	1163.10781	97
1776	1988	392.5428764	100
1778	1412	2099.026787	74
1780	2401	197.6304958	183
1793	3034	248.7245368	143
1797	485	2291.898925	92
1797	2143	2194.882387	96
1800	712	274.2758944	149
1800	1803	310.6444759	142
1805	980	2040.876368	123
1814	336	791.7098143	116
1829	1895	459.7228095	102
1831	117	531.9771089	145
1841	2246	238.533054	176
1841	4457	204.817478	170
1846	601	904.1247751	105
1854	644	568.7785043	137
1860	4548	470.9583505	138
1867	2678	201.004102	106
1887	4065	798.2571567	113
1888	3369	1168.774067	89
1891	521	1032.908458	88
1909	277	221.3189971	250
1909	4133	271.7328235	236
1914	1562	726.5856253	138
1916	3852	468.828826	140
1936	1639	1901.741196	69
1946	1376	340.7864	148
1949	2620	863.7989154	105
1956	3645	815.1327323	106
1959	247	525.9310068	101
1960	2398	885.3792495	89
1965	944	490.9428201	154
1967	1132	847.0393187	83
1973	513	1463.90159	72
1973	4367	1256.778766	82
1989	4528	1112.68932	77
1997	2128	435.9504561	106
2007	1208	422.9268849	116
2014	3572	716.9648148	159
2022	1016	549.3765778	64
2025	3096	242.2118166	112
2026	2493	672.1228833	114
2028	2227	464.4052817	123
2030	4603	865.921716	101
2033	553	344.7785605	107
2044	944	462.575448	147
2048	1063	2130.535798	79
2054	103	315.1668786	129
2060	2587	334.5440898	156
2063	2798	192.4887716	180
2066	2552	244.4458565	199
2078	4569	547.7648866	129
2081	117	544.5182249	144
2088	3871	610.257336	108
2113	2055	721.7295386	138
2114	1151	297.375426	128
2120	3817	266.2822003	179
2140	3585	694.0392871	111
2142	3938	361.6860506	138
2144	1151	364.9120032	120
2150	4361	844.8803551	113
2156	1362	584.0094343	113
2156	1609	594.4137282	114
2184	4694	210.7413734	174
2200	128	443.6156468	129
2204	2886	230.585956	131
2213	1854	473.0507935	102
2214	1206	464.1776755	92
2217	4035	877.3223811	109
2236	4672	283.2789201	146
2244	945	620.613231	152
2244	2501	511.88363	151
2262	4373	694.4349517	66
2270	4694	243.367286	169
2274	712	426.0740213	147
2274	1803	273.4061809	159
2275	3698	260.4430501	114
2279	4317	530.5940111	125
2287	1737	306.9278385	134
2289	595	193.6766697	175
2297	4741	254.7901298	93
