4	13126	1631.517399	54
4	19522	1554.973218	57
6	15686	1469.082413	152
7	21991	257.5265861	177
9	21868	455.5931217	158
13	8572	742.3346458	78
13	21660	711.6886344	78
13	27663	536.1965634	80
14	5229	234.0632352	123
16	2672	586.4503112	129
16	25947	526.9042541	131
18	12483	708.4993086	114
21	17817	899.4051781	91
24	24364	2076.563905	125
24	26931	2265.710673	129
26	11921	325.9235295	131
29	1460	1762.39657	25.97643606
29	7135	1702.671293	32.36180563
29	10504	1749.790778	27.74696714
29	10932	1740.021176	27.1437722
29	13030	1684.106904	30.2968022
29	17472	1609.79812	31.65828812
29	20388	1716.508658	30.2968022
29	20979	1696.396664	29.63817606
29	25869	1686.819065	30.2968022
29	27322	1690.318035	32.36180563
30	16172	1426.444638	21.31433096
30	18205	1438.813265	20.85097594
31	7447	443.1212867	55
31	10160	450.3372373	60
31	22083	440.6273632	61
37	13203	618.276026	121
37	14101	561.1400647	130
38	5058	397.205996	148
39	20972	182.0154445	123
42	3188	395.8706043	147
42	25748	288.0055469	155
43	2660	279.9135307	135
45	15474	670.8718206	102
45	18279	711.5484258	96
45	26927	684.4469304	100
47	9724	1526.377831	42.1285547
47	17084	1536.54528	42.1285547
47	25117	1350.463767	50
50	23720	381.4294156	127
50	24487	273.6156162	130
54	4250	525.2416817	62
54	5116	515.3777918	64
54	6733	524.6714738	62
54	11367	519.7414654	64
55	3428	795.1870887	93
56	23421	2935.736227	32.36180563
57	2338	784.2939837	115
57	16562	821.2150401	112
57	25182	734.2267008	115
59	17509	360.9189003	117
59	26452	413.2868198	100
62	16486	1280.603031	74
65	6602	1194.049547	105
67	19482	568.7131145	56
70	21674	647.2293687	115
71	18605	865.7862638	77
74	392	1071.052702	132
74	609	1072.454831	132
79	12831	505.5187251	86
80	10788	711.5432995	127
84	1864	856.39993	19.52047734
84	23653	923.1031284	14.99500512
86	2794	354.5182688	89
86	3803	311.6360653	84
86	23476	348.5195386	83
97	740	1157.568938	95
97	14583	1155.140494	96
97	24602	1123.154052	98
99	673	882.1224977	108
99	23250	930.6602207	103
103	12609	502.502705	137
105	9835	911.253246	125
106	18289	1420.496855	80
107	12888	295.4408605	164
107	27347	295.4408605	164
115	13736	1246.923799	80
117	13182	686.1932614	95
119	5412	731.0112513	78
121	1066	1977.754372	63
122	18439	212.0865448	125
123	5806	1921.685227	58
123	14501	1988.555554	55
125	24156	1399.323036	87
128	15318	272.142974	144
132	3670	937.0141105	90
135	870	1960.122946	71
136	12767	2722.475517	70
137	9998	705.9060805	84
138	9778	989.3297802	106
139	8355	254.5014021	198
145	5716	937.4753001	33.08095687
145	21943	932.7636677	33.08095687
145	22924	931.2276316	35.33572585
153	19041	201.4699531	277
153	28083	201.4699531	277
155	22353	540.7433628	134
161	10676	737.3414368	108
163	3927	201.5055235	119
165	4787	1281.565165	23.79021103
165	12300	1291.460664	23.27303253
165	14278	1280.63384	23.79021103
165	15475	1284.639846	23.79021103
165	17547	1297.489809	22.76709704
165	25883	1332.809989	19.95426572
166	28094	328.0981494	52
167	19428	467.5713074	74
167	22582	408.5178697	82
167	23677	455.542802	71
167	25968	441.1461014	79
167	27998	409.7367434	83
168	13414	538.5658628	120
170	13372	560.9690799	135
170	26562	484.267667	149
173	1134	1256.482486	56
173	2055	1294.176336	54
173	2765	1295.65653	52
173	9647	1069.775398	63
173	15957	787.4510808	73
173	21203	1082.924883	61
173	25180	1268.210639	54
179	13052	1510.716645	68
184	858	1438.2255	22.76709704
184	12494	1435.541218	22.76709704
184	14370	1377.969706	26.5536902
184	19154	1508.477485	21.31433096
186	820	680.9006599	38.58293741
186	22595	693.4780921	36.92365229
186	24176	680.9006599	38.58293741
193	8611	737.9671915	90
193	20657	863.2804783	88
194	24450	365.3007895	147
195	17742	1196.208457	92
197	14406	201.2000417	215
200	20464	406.2554345	140
202	3782	348.3726034	69
202	18251	346.7557821	65
203	21626	641.435661	180
212	6792	1771.755831	51
219	3023	508.2467292	121
219	6969	510.4861021	122
219	22270	425.7212466	115
219	27853	383.7460609	119
221	13041	2430.694071	71
224	10272	201.9499311	207
226	5856	2111.623067	58
226	22209	2187.065186	63
226	26297	2092.245059	62
227	2202	1318.16034	65
227	3152	1172.919927	68
227	12340	1317.315965	65
228	489	271.9455009	133
228	12800	259.3589757	131
236	11648	1464.83243	95
241	16099	385.6213773	104
243	3698	261.1044262	178
246	3188	344.816314	151
246	25748	257.2591213	145
252	2772	985.5116353	147
257	20794	235.3343157	146
259	3310	633.1313524	117
259	10904	519.1784309	120
259	11157	657.998945	107
259	21608	671.4719845	111
260	3418	232.6567124	165
263	5107	1386.230134	63
263	6651	1370.297337	62
263	8590	1302.317334	67
263	9107	1402.802417	61
263	10925	1411.511663	59
263	12260	1298.995447	66
263	16876	1296.071651	67
263	25380	1344.777083	67
263	26973	1329.63479	64
263	26994	1260.810737	67
267	26794	1302.443883	44.02173913
268	5533	789.0392135	38.58293741
268	19811	788.6025655	38.58293741
270	11775	442.2205693	98
271	21458	681.5206042	76
272	5917	324.6919887	118
273	13448	1082.565705	125
273	22964	1531.573137	115
275	13044	2114.181517	62
278	15433	896.1759145	104
279	10891	2074.945649	50
279	18970	2104.847044	50
279	19887	2058.756804	52
279	21353	2055.905093	52
281	408	264.1384787	73
281	25628	249.1614933	80
285	3635	923.4983468	129
286	15215	859.0168476	57
286	22005	852.0064373	61
290	23487	343.0647283	59
292	17480	293.9038797	144
295	21139	568.9755419	113
296	798	1019.135899	107
300	8513	318.7993056	215
302	11204	536.0049181	129
304	2308	215.7694783	74
307	3203	342.7296308	129
307	3459	323.7555574	133
307	9381	277.2527252	127
307	12368	314.3939271	147
307	14674	324.7738549	136
307	17599	397.2462618	147
307	22007	319.3424582	143
308	22391	3209.317555	18.68098611
311	4250	494.1836783	66
311	5116	484.676473	68
311	6733	480.2194172	70
311	11367	475.7810921	71
314	24728	1582.979935	59
321	1376	652.1681961	110
321	18304	644.8262128	110
324	1293	328.300781	134
326	22657	189.6832876	228
329	13789	2429.142829	63
329	22926	2553.580577	61
329	26993	2396.798234	63
330	15711	231.3171754	210
331	20711	1033.028106	107
332	13767	1947.250466	53
332	21455	1801.175872	54
332	26806	1818.340608	55
333	21818	453.1099917	59
335	10448	906.0641709	78
335	19644	948.1128957	73
339	5298	597.6517213	177
340	876	2703.97736	79
340	21037	2647.506584	81
341	6871	647.245533	66
341	11904	655.931306	65
341	23717	658.0592159	64
342	5539	449.8389223	57
342	16644	461.5376991	55
342	21958	444.618215	52
343	10000	207.2990157	176
343	10746	197.7184802	181
343	17027	197.7317504	185
343	19397	186.0717449	183
345	7617	331.483846	156
349	12328	1102.58548	128
349	18482	984.2348499	130
349	25452	1065.281108	131
350	19955	1035.225677	88
351	12663	1831.041711	47
351	22794	1808.193596	49
355	12406	804.2030221	100
356	4304	517.5575707	96
356	8862	512.6186333	98
357	19964	1712.244504	81
358	7699	637.9727668	101
361	24688	979.5678354	110
365	9909	1858.608155	71
370	5766	225.7990352	145
370	15467	181.6609586	155
372	26659	316.0702928	146
373	21339	1017.616141	114
373	23280	927.9216114	122
373	27682	1042.418207	111
374	7803	1539.059832	82
375	26742	1410.223937	92
377	24206	338.0580878	146
385	15824	259.1164764	108
385	17991	230.9444405	117
385	18614	222.5859984	118
385	18966	229.406245	111
387	19339	213.4894725	136
390	3141	955.8079838	102
390	5954	965.4141956	110
390	13191	979.1234688	113
390	19132	1097.736282	107
390	19324	966.3233184	109
390	23962	1015.09371	102
392	20508	1052.072214	95
396	8628	956.612595	36.92365229
396	14331	968.3804138	36.92365229
396	18662	969.2065967	36.92365229
396	25107	968.3558754	36.1209642
402	15767	406.9166125	138
404	2764	1097.276317	58
404	27878	1093.297112	56
407	18427	3233.902176	44.02173913
408	15838	1234.520224	96
411	16617	249.6640062	127
411	17667	324.1186182	121
411	27773	326.4797935	118
412	4523	496.1731967	115
412	6076	437.7959624	112
412	24667	423.4650217	120
412	25706	554.7699091	101
413	7562	2803.510086	33.08095687
413	12285	2798.298116	33.08095687
419	19404	767.5190363	56
421	23294	308.4935881	188
422	6783	1872.177625	90
422	15077	1854.608594	92
423	5972	936.6510702	52
423	13713	858.4472311	54
423	24446	918.7493036	53
426	12358	2064.660877	92
430	9299	287.1502885	158
430	21663	254.0225779	159
432	6892	1798.286646	45
433	11086	891.8430605	94
435	2529	199.668315	167
437	17576	735.4892768	134
437	23500	745.9188377	134
437	23934	771.2992659	135
437	24352	790.5783152	134
438	17947	271.4620989	47
438	26653	278.3706313	54
440	24826	232.9185081	192
441	16	242.1513015	136
446	4596	621.8399875	143
446	14760	624.9285933	139
451	25257	2261.373826	100
452	3770	2760.79762	56
452	9925	2683.503936	59
452	10911	2725.14499	58
452	17088	2718.270918	59
453	6468	3181.425989	78
453	16802	3271.678745	76
455	10452	737.0508147	62
456	6107	609.0685703	169
456	12922	624.4680284	163
457	1950	873.5689073	100
457	3065	881.5592092	105
457	23832	893.6171899	102
466	21269	776.7226402	59
466	25751	776.7226402	59
466	26572	776.7226402	59
469	1208	201.9919806	96
469	6851	196.1647655	95
470	777	1281.282756	43.0647448
470	17045	1293.800543	41.21271655
470	19651	1321.240996	42.1285547
471	8563	448.1465932	45
471	13008	469.574551	41.21271655
472	20421	2324.995788	55
472	23631	2253.138856	55
474	271	183.7813912	231
475	1094	408.4496512	91
475	3726	465.8862715	79
475	3805	406.8755961	89
475	6838	404.2083502	86
475	8214	347.3966419	97
475	12421	431.1118747	91
475	14227	413.1645501	89
475	14732	432.383184	92
475	17587	414.8265818	94
475	26645	414.8978006	87
477	7691	1007.930377	104
478	19569	452.8181014	128
482	20410	727.1933615	102
483	24366	1271.19582	46
488	12333	332.0307414	90
488	23144	351.5370083	81
489	22437	695.6745604	123
493	22578	1119.377797	119
502	17089	6502.813486	68
503	697	1919.334308	96
507	24414	882.8304205	142
508	1902	752.8915478	137
510	4134	1405.479409	118
517	4030	1662.226284	23.79021103
517	8057	1626.595408	25.41173093
517	10068	1637.741563	24.859302
520	24144	2273.222782	71
522	21026	841.9441245	109
523	15334	1464.203504	102
530	7053	4065.167442	64
530	12824	3802.707312	71
533	5107	1414.292697	62
533	6651	1390.51079	64
533	8590	1383.527904	68
533	9107	1452.672036	60
533	10925	1402.720062	62
533	12260	1345.215347	66
533	16876	1419.304508	66
533	25380	1426.170828	60
533	26973	1393.104306	64
533	26994	1318.88098	68
535	977	2120.759711	40.31678793
537	17093	195.1745753	165
541	10638	187.4204207	180
544	4140	1037.900362	40.31678793
544	8922	1206.127843	34.5675579
544	9923	1155.156034	38.58293741
544	11939	1114.47833	44.02173913
544	12604	1168.359343	38.58293741
544	15878	1259.598167	33.81608925
544	24526	1269.457471	33.08095687
544	24622	1259.018747	34.5675579
544	26213	1152.773081	42.1285547
549	7160	430.8521373	101
551	3563	219.6368729	242
562	22920	675.0375691	146
567	2969	3212.852507	34.5675579
567	3219	3255.397161	33.08095687
567	3448	3139.40396	36.1209642
567	13183	3254.245748	33.08095687
571	12100	256.5289039	192
574	6100	2597.845341	64
574	18541	2335.829762	68
574	25084	2450.267931	67
581	1431	1531.243385	63
581	8414	1510.206324	65
581	24902	1538.390381	64
587	14320	1467.581629	42.1285547
587	18566	1418.094973	45
591	20012	1989.454617	65
592	10511	308.9578974	144
592	14682	359.8788103	127
596	2687	1851.1064	67
600	7161	1204.049004	52
600	8734	1216.863499	53
600	21775	1241.796413	51
602	2427	187.4482237	135
610	21880	601.4508979	70
611	26938	921.9742836	100
618	17537	2267.752982	27.74696714
618	20190	2251.676319	28.36356641
618	22809	2309.268594	27.74696714
622	2447	395.4702674	153
622	2611	329.9555815	153
622	4017	265.5208909	160
622	7990	384.9642032	159
622	15986	382.0252789	159
622	22674	321.8040003	156
622	27274	327.8596251	145
623	26757	266.6128886	130
625	5334	778.3375155	101
626	4165	4068.755664	67
626	10580	4027.215091	68
629	4176	603.3487213	72
629	7664	565.1358827	82
631	15158	678.8404187	69
631	18758	678.4305211	74
635	12735	493.8506448	176
638	2682	930.7820011	120
638	21753	970.0123049	124
638	23757	990.822248	119
638	26223	996.2223318	118
639	21868	639.1812166	144
643	12663	1843.445891	47
643	22794	1828.109579	48
645	7670	1175.376602	86
645	19181	1162.191073	89
645	21063	1231.461176	87
647	5646	468.3219115	161
651	23986	307.191996	84
651	26206	307.1038909	84
657	541	556.1831143	123
657	6595	468.5235178	125
657	26625	519.805962	121
662	13556	1086.04802	100
662	15556	1083.084182	99
664	19301	2015.301535	51
664	20752	2023.070763	50
667	24008	499.8340883	60
667	27041	482.6076257	63
667	27208	503.2123698	60
668	19584	386.6247185	215
672	8304	2088.637776	52
675	404	1190.326063	70
675	4390	1155.324219	73
676	6434	622.1885081	102
676	10510	718.8938952	90
676	27962	389.1458927	112
679	23315	367.5049595	93
681	14824	3271.80386	64
682	6244	268.6853916	132
682	13519	286.0024458	122
686	3290	703.8907873	155
686	6198	654.6462368	157
686	6291	804.4600284	140
686	7368	638.4918811	161
686	9618	838.7878442	134
686	10764	716.3562199	154
686	21453	926.3727741	126
687	5060	1330.771177	73
687	8867	1310.759921	72
690	15907	587.1123416	131
690	24082	570.3718391	136
692	1156	373.1411675	101
692	4333	388.2632086	101
692	19309	319.4789177	86
692	26941	335.6315039	111
696	10624	2834.693282	91
697	3188	372.1538165	144
697	25748	273.8980762	143
698	18166	410.0856763	107
699	1770	706.9742075	36.1209642
699	14268	711.3030133	36.1209642
699	16360	706.9911629	36.92365229
702	1311	323.2992142	103
702	12329	320.3928616	103
707	17097	342.607956	144
707	23578	364.8066143	140
711	2406	344.3424229	33.81608925
712	16102	1570.49192	102
712	26222	1496.349924	105
713	557	1516.517355	61
713	12435	1451.535697	68
713	12750	1526.594637	60
713	13538	1482.005314	63
713	15435	1514.004241	61
713	19926	1530.080099	60
713	21852	1488.90736	67
713	25843	1469.555904	64
713	26987	1523.954992	61
714	11343	340.0355488	130
718	1765	363.8168891	157
719	10804	245.9658817	188
722	22450	1601.029223	41.21271655
724	15985	5798.439654	93
724	26166	5878.735105	93
726	15437	2907.50625	63
726	25958	2916.90345	63
728	14505	4055.104767	79
728	15705	4052.654374	76
733	11103	1987.155956	99
733	14249	2127.295446	97
734	26614	1128.53032	154
735	26946	234.6609274	139
737	2551	982.522499	40.31678793
737	17362	975.069376	41.21271655
738	3190	1256.02916	31.65828812
738	11676	1250.418659	32.36180563
739	3716	1238.585168	31.65828812
739	20425	1224.620402	38.58293741
740	22578	1062.157718	116
741	24959	914.3718276	71
743	1211	286.2486337	69
743	8883	287.3724968	69
744	19506	1370.788236	65
744	20625	1282.956192	60
747	8236	295.9996043	105
747	16533	322.0244807	97
747	18242	310.8057825	100
747	18727	299.9337731	107
750	27985	767.9961053	126
753	19616	385.0395565	132
756	7275	1448.441529	41.21271655
756	27776	1447.545255	41.21271655
758	13981	913.3185309	21.31433096
758	14822	912.0561888	27.1437722
758	18012	806.5962622	28.99386789
758	18831	906.342379	27.74696714
758	22168	856.6625982	25.41173093
758	24643	903.9658447	26.5536902
759	7872	1217.286138	112
759	15360	1164.402754	116
761	18793	931.434705	115
761	24813	1008.271564	108
762	13362	1036.348669	91
762	20869	1003.952248	93
763	12133	1791.760688	107
763	12652	1626.92243	114
765	6871	650.6063165	66
765	11904	658.5672231	65
765	23717	660.7060012	64
780	6618	616.6095718	104
781	18804	825.533192	153
781	24117	825.533192	153
792	6690	354.5953298	148
792	24649	371.3302003	142
793	21804	438.706546	99
796	7229	918.7253816	46
796	17054	925.1995846	45
796	24219	815.8257459	55
800	8315	359.9564369	138
806	23891	1811.318154	99
806	26686	1803.477156	99
809	6553	397.0752877	127
810	9710	3316.214078	52
810	11276	3312.541518	52
813	1142	278.1956592	169
814	18429	787.7376939	54
815	15770	407.1698708	115
818	15571	1134.240212	101
822	5491	649.3739059	155
822	6716	678.5411481	149
822	7111	605.7911277	154
822	7766	653.3747637	150
822	18837	597.3909941	148
822	19809	614.3664339	154
822	26837	680.5944065	151
826	11403	497.2414808	120
826	14661	632.4953236	107
826	16041	643.1343178	114
828	20784	423.2663482	121
829	4676	584.9917597	40.31678793
829	8128	590.7343098	36.1209642
829	16177	552.1539018	41.21271655
830	24022	663.8253416	104
832	8383	1255.225982	145
832	10685	1312.347592	141
833	6597	597.134782	156
837	5135	1120.511136	59
837	5837	1121.466996	58
840	22422	1337.395005	127
843	24364	2024.948417	129
843	26931	2309.005332	127
848	11614	368.6291547	122
856	21883	2041.957226	40.31678793
857	2046	419.4961414	128
860	10884	1516.757494	73
860	13660	1547.65954	74
860	19541	1167.593532	79
863	23338	552.4466179	124
864	8907	731.753971	114
865	4419	360.3684741	151
871	2969	3218.256581	35.33572585
871	3219	3256.986788	33.08095687
871	3448	3177.351079	34.5675579
871	13183	3257.993978	31.65828812
873	7033	254.1176763	158
873	8085	215.0705975	174
873	18716	268.6360969	138
873	23776	277.5788431	133
873	25145	315.0477377	137
877	23724	3496.840349	25.97643606
880	9463	218.465597	174
880	10846	246.7013876	167
880	22196	204.7806823	180
881	12814	1046.240113	101
881	15956	1051.358101	104
882	13624	202.6002882	131
882	27397	188.774051	137
883	11766	1451.977024	84
883	12933	1148.931887	85
883	27799	1442.237746	85
887	334	207.2683724	199
887	7720	181.1578424	213
890	26082	2013.342768	46
894	707	1329.052551	67
894	7288	1280.588162	71
894	7879	1318.7488	68
897	6752	307.9992014	154
897	13396	318.1604868	148
898	19053	779.8801267	123
899	9404	380.2614668	171
899	9554	359.078831	147
901	16340	2932.706647	38.58293741
904	4294	1004.119127	77
904	21404	1015.284151	79
906	13496	656.3393277	111
910	23724	3488.128171	26.5536902
911	24096	1310.618543	92
913	22636	351.562078	138
914	14262	1189.813329	80
916	7985	365.8183047	97
916	14783	374.3326763	96
918	7799	1066.57879	86
918	22476	991.7302975	91
923	8815	1957.19078	105
923	9770	1895.241859	108
923	19891	1981.528604	105
924	11509	1664.503451	101
926	26466	1315.525922	67
929	2389	535.5923245	80
929	3263	497.9265414	80
929	18536	488.4388454	77
931	7016	195.1479637	193
938	11798	1320.676458	94
942	12577	239.1887163	104
943	21900	269.4193307	144
944	2060	846.2367126	65
945	11228	512.7636986	71
945	11862	524.1334148	70
946	9522	505.8496899	109
947	9698	681.0470746	83
949	15753	841.5453403	119
950	6876	1407.477638	56
950	19941	1416.092827	55
952	17499	3299.635553	45
955	9902	838.8267497	112
957	10469	457.9416205	55
957	26463	479.5987904	44.02173913
959	2958	597.7279906	143
961	8271	2326.742148	45
963	766	278.1451403	178
963	19750	311.1236794	174
965	10400	541.9468803	109
965	20407	558.1390657	107
966	457	655.1392856	76
966	525	618.6285649	80
966	4013	601.8389656	85
966	4613	581.3380661	81
966	14133	644.3535598	71
966	16687	621.0509741	78
966	19940	617.1967816	78
966	27661	607.2166404	78
968	671	706.7986658	85
972	3044	444.9206649	51
972	6438	432.7762282	53
972	26615	343.7338036	59
974	4650	642.1572254	134
976	5869	1994.334396	111
976	6459	1802.893223	117
976	8286	2020.909701	108
976	13887	1959.81365	114
976	15294	1786.965083	121
976	15796	1886.890076	115
976	20076	1798.078684	118
976	24740	1844.375861	117
978	12406	640.1467062	99
979	373	1286.234148	104
989	8857	663.495919	73
989	9583	654.7096378	75
989	21170	672.3669185	72
991	11015	188.6585715	82
991	27849	200.5204847	89
993	13769	277.0921948	157
997	3371	254.747611	130
997	4075	302.522613	105
997	6712	325.7380251	105
997	13233	324.526383	102
997	15343	307.9305156	109
997	16094	268.7621603	121
997	20620	319.9949327	98
997	24306	324.526383	102
998	20322	1769.606834	104
999	8007	832.428539	87
1000	196	630.6747408	118
1001	14320	1461.472969	43.0647448
1001	18566	1411.270717	46
1003	16640	256.273164	206
1007	12562	1313.967051	60
1007	20026	1305.703248	60
1008	19858	592.646332	103
1013	3863	976.949121	99
1013	14587	935.6750348	93
1018	1228	4132.167812	42.1285547
1018	25531	4116.932516	41.21271655
1019	16333	1428.096747	91
1021	22359	449.8795627	115
1028	2174	1348.650057	34.5675579
1028	2361	1288.289421	32.36180563
1028	2858	1300.631145	30.2968022
1028	4209	1304.550547	33.81608925
1028	7485	1252.767228	34.5675579
1028	9351	1319.843007	33.08095687
1028	9448	1295.561412	31.65828812
1028	14076	1318.732694	36.1209642
1028	14326	1322.672942	31.65828812
1028	14673	1304.766447	36.92365229
1028	19971	1290.455701	33.08095687
1028	26846	1241.591686	31.65828812
1028	27615	1377.664692	27.74696714
1031	7811	915.9902613	40.31678793
1031	9268	972.3088284	36.92365229
1031	20903	964.4554137	37.7441779
1032	4063	687.721805	142
1032	5355	679.4048921	141
1033	3324	1010.253206	21.31433096
1033	3497	939.2982386	22.27216015
1033	4547	1000.423733	22.27216015
1033	12385	1017.947292	20.39769385
1036	13523	937.6684602	127
1037	4233	1464.880078	87
1037	5008	1617.614613	90
1037	21814	1612.093049	86
1038	13390	2210.711063	47
1042	9942	294.5369007	153
1045	11604	1572.184949	75
1045	18176	1599.93706	76
1045	28021	1518.174408	80
1046	7517	248.9259016	145
1049	7656	1062.190804	86
1052	15213	267.2793808	133
1052	17124	266.1007854	131
1054	10044	504.0708679	36.92365229
1054	17977	511.3370939	35.33572585
1056	4194	1132.892528	79
1060	3767	496.639216	160
1060	6808	503.5229662	168
1064	17780	565.1941027	67
1064	23228	559.0013717	64
1064	27323	578.0555344	61
1066	4484	1197.331726	96
1066	23136	1143.280161	97
1070	60	1270.343895	69
1070	1586	1190.744167	72
1070	3383	1285.195221	68
1070	4070	1197.297271	68
1070	20171	1173.600996	74
1071	11006	329.9210483	47
1072	14627	507.8981449	125
1075	13267	1377.249114	104
1077	1534	1409.941975	72
1077	3062	1505.414714	70
1077	9304	1388.421751	77
1077	9524	1463.991821	71
1077	18162	1446.17703	71
1079	2463	2387.869198	106
1079	8160	2721.989475	111
1079	9718	2683.929683	113
1079	10584	2829.480457	111
1079	10863	2731.13704	112
1079	17387	2722.172697	115
1083	5118	1149.880896	82
1083	8373	1048.535158	88
1088	16237	699.2275881	89
1089	14417	203.9732856	91
1089	24714	219.7712315	96
1090	20924	1165.854345	28.36356641
1090	24452	1161.914899	28.36356641
1095	12293	1789.856233	88
1098	14800	867.7414354	90
1099	20513	201.8407308	234
1100	19479	1756.046258	45
1102	1537	2241.96273	52
1102	5209	2153.034423	55
1102	27193	2019.031284	61
1104	4830	1654.056955	119
1104	8632	1646.862476	119
1112	23234	920.0335392	181
1118	15610	803.9154815	133
1120	1113	1004.910807	62
1120	3166	1005.403576	61
1121	9906	309.9106838	151
1124	17858	479.5998521	100
1129	19458	601.6688098	128
1134	2619	851.3321507	131
1135	964	895.5322881	106
1135	9038	896.6338092	112
1135	12893	971.1408463	102
1135	19861	936.2313472	105
1135	24767	876.2635824	115
1135	24882	895.5444119	108
1137	11577	997.1879325	75
1137	20476	983.6597573	76
1138	7156	933.7585226	68
1140	23784	1608.952477	74
1143	9884	749.1611489	71
1143	11693	761.768595	68
1145	17402	2055.660371	122
1147	5160	264.7012237	71
1148	4187	189.1501735	161
1149	3465	1286.685086	62
1149	3720	1255.030108	63
1151	10737	918.2018597	81
1151	11762	1499.329694	68
1152	11069	1570.92907	89
1153	7547	524.8935638	49
1153	15912	549.6968969	46
1155	12621	886.093652	59
1155	23900	899.4075659	58
1155	25828	884.1730633	57
1155	26644	874.6415376	58
1162	18140	507.2109737	45
1163	1267	425.773746	118
1171	2947	1744.976195	48
1171	17121	1751.157107	46
1178	3969	249.1880613	108
1178	4944	269.0432971	102
1178	12023	256.5141602	106
1178	12345	253.30209	104
1182	19077	233.9044186	162
1186	2843	345.2353575	104
1186	15032	366.9253264	89
1186	20593	360.3428003	100
1186	23920	367.7495701	95
1187	13037	313.9968838	159
1187	20092	263.5731075	168
1193	4300	1436.791329	88
1195	4777	343.1872477	131
1196	2180	626.8170075	88
1198	23807	2288.858933	69
1199	21559	660.2176218	129
1203	3924	1162.304232	80
1208	16702	934.782239	169
1210	10183	357.4594488	204
1215	11440	961.5769978	147
1221	9715	195.5835924	136
1221	27815	276.0523236	134
1224	16781	2091.621891	88
1225	15194	1115.26322	181
1228	5684	432.9164512	93
1229	7062	489.3703268	125
1231	24729	2688.292508	62
1233	2811	333.3961558	191
1233	4256	284.3502965	208
1233	17070	311.9496343	194
1233	19151	338.4339607	212
1239	12740	410.0071145	109
1240	5382	607.7005869	95
1241	1523	1432.872293	91
1244	316	1568.861632	81
1244	4380	1661.457436	75
1244	5764	1661.134814	79
1244	8813	1659.796843	78
1244	11438	1690.032645	78
1244	19269	1661.134814	79
1244	19484	1609.132682	82
1247	10620	555.3443094	67
1249	3223	998.8625147	64
1250	4614	2043.009461	84
1250	5327	2043.009461	84
1252	3161	467.4348677	82
1252	23518	415.900002	79
1255	9568	1093.504675	135
1258	27126	536.2199731	117
1260	22064	521.8092814	124
1264	15621	1287.266709	57
1265	8903	2712.981414	33.81608925
1265	17210	2660.105847	34.5675579
1265	21125	2682.072396	33.81608925
1266	2678	1135.30908	115
1267	13853	518.2234517	143
1269	15244	464.9522659	61
1271	5932	1521.040759	108
1273	2842	870.3880607	128
1273	5599	862.1443638	121
1273	15197	863.7420739	122
1273	15401	857.3541319	123
1273	19164	860.0662076	126
1273	20054	946.7759507	113
1273	21406	727.2342842	129
1273	23841	899.1337038	123
1274	9039	996.9338681	39.44033602
1274	12120	961.974226	43.0647448
1274	15246	972.0944565	45
1274	18036	910.4316176	48
1274	26215	972.1258098	43.0647448
1274	27084	952.2990054	46
1278	9884	751.7372772	72
1278	11693	770.8449583	67
1280	8273	1208.833339	69
1283	24199	2270.127508	65
1284	782	637.7720982	142
1285	10100	297.4677187	119
1286	9404	672.9080192	134
1286	9554	646.8882694	141
1292	19943	2726.741424	89
1292	26282	2627.166742	88
1297	4174	1435.668754	105
1298	11542	559.8690148	147
1298	20519	413.4122908	154
1298	21446	564.791453	152
1302	15608	350.7634626	128
1302	19537	360.422786	126
1305	3761	332.6293945	109
1311	3454	219.9798156	148
1319	14109	434.8291539	92
1321	19206	2679.33648	76
1321	24632	2810.855384	73
1323	1125	2040.237749	69
1327	1050	525.4995446	68
1327	8416	487.264933	72
1327	11219	626.8659285	65
1327	19912	641.3699732	60
1327	22453	625.2417118	62
1327	24839	607.3300157	64
1327	26671	532.3583976	72
1328	25470	298.8543977	160
1329	23952	1396.236991	108
1333	2908	1585.336801	97
1333	14640	2239.730052	96
1338	12834	886.5710076	54
1338	26363	976.9677886	54
1341	15700	948.2977123	79
1342	12162	300.5567658	183
1344	11821	3253.998247	79
1344	14695	3278.671857	80
1348	841	775.9247763	28.99386789
1348	7399	775.9247763	28.99386789
1350	6775	270.1217731	128
1353	25376	1792.653049	87
1357	18033	656.2891762	97
1358	17257	777.0464188	177
1359	19241	1224.567037	66
1359	25567	1296.196914	67
1360	20150	1541.804214	72
1362	13813	1089.757356	98
1366	1745	761.3901884	67
1368	18006	804.7427335	95
1372	663	566.0898151	128
1372	17061	699.0676402	125
1372	22139	666.654754	123
1373	7601	2156.220399	120
1379	17899	407.1978591	162
1386	23409	696.0737649	28.99386789
1391	13847	967.8473712	93
1395	149	292.1519616	139
1395	22803	295.4876158	150
1398	1980	228.5654378	139
1398	23141	243.2860466	159
1402	15978	1180.06898	92
1405	4509	658.532136	65
1405	8156	710.3143734	59
1405	12094	671.6129202	64
1405	15415	730.6817651	59
1408	18061	1327.0759	37.7441779
1408	22579	1335.777378	36.92365229
1410	2127	279.0358478	133
1410	15804	378.5954399	117
1413	3800	1717.228903	108
1414	19476	412.5129131	129
1414	25266	389.4134305	132
1421	22336	703.1138541	133
1424	21339	805.4015428	138
1424	23280	823.4093728	126
1424	27682	830.8600421	140
1425	7347	409.1898203	30.97006447
1425	8831	422.6288901	28.99386789
1427	19101	1866.420017	53
1431	6194	548.1356765	120
1433	7341	218.5350154	117
1433	10185	202.6932168	130
1433	18567	220.3022754	126
1435	2665	546.48491	149
1435	2882	502.1303168	153
1435	18377	542.9754855	150
1439	24871	2890.361148	83
1441	7137	777.6849536	59
1441	21695	785.335125	59
1442	20580	2026.352134	95
1446	7809	446.3226094	132
1446	18551	446.3226094	132
1449	3420	185.727699	233
1450	23730	520.8888907	108
1451	21046	1004.991757	130
1452	3616	691.4222919	67
1452	6806	704.9095967	65
1452	27811	723.1664174	62
1453	7161	1141.685666	56
1453	8734	1144.749045	54
1453	21775	1150.850661	53
1454	11162	523.5633939	97
1456	19086	756.3249598	42.1285547
1456	25306	730.6648187	45
1457	4175	3702.621789	41.21271655
1457	14609	3716.266681	42.1285547
1457	24614	3735.219489	40.31678793
1458	2842	794.5229551	123
1458	5599	747.7221507	122
1458	15197	719.0429586	130
1458	15401	713.0755532	131
1458	19164	757.4817634	116
1458	20054	799.4531058	120
1458	21406	638.3668261	131
1458	23841	860.3714884	123
1460	10699	233.411986	160
1460	17921	235.4454908	175
1461	26086	469.8998947	125
1462	1609	636.3319325	65
1466	312	575.1931493	127
1466	6613	631.4895708	125
1469	17188	1443.831009	96
1470	5527	842.4833007	82
1471	3320	1141.723638	111
1472	6620	1373.991385	9.661404388
1472	26008	1337.959251	10.54924872
1473	24329	1337.790881	104
1474	12946	376.5822889	40.31678793
1476	174	496.5647403	122
1478	12334	836.6424308	118
1478	16606	839.8550894	121
1478	22849	781.5160164	124
1479	3886	1155.300572	100
1481	10807	181.2941274	163
1481	13195	181.2941274	163
1482	15178	1113.927639	141
1485	21817	2348.982017	75
1485	25077	1456.482213	82
1489	10528	576.5766696	130
1490	24050	208.9446167	134
1491	9044	1923.557164	80
1492	12062	374.7357025	118
1493	27319	549.1193123	108
1494	23358	729.9274164	80
1495	11550	396.3472703	128
1495	15579	437.6406744	117
1495	16830	440.9233635	112
1495	26821	394.6724257	129
1496	21866	1487.979657	99
1497	21254	1720.678989	82
1499	6896	879.6434614	85
1499	11192	1000.79548	90
1499	19434	1001.868451	89
1499	22897	965.5336429	90
1502	1430	257.7453342	142
1502	13222	235.1156316	151
1505	2566	316.5821812	72
1505	5784	329.619432	89
1505	13070	247.7961573	106
1505	13270	341.9785662	75
1505	15840	306.4039168	80
1505	22791	316.589328	90
1513	1780	317.4434363	205
1520	3530	2589.304522	85
1520	9040	2872.447611	80
1520	16417	2885.120227	76
1520	17984	2887.501985	77
1520	23006	2887.453797	76
1524	18888	5183.594364	66
1525	5299	343.3396499	122
1525	12470	340.1867064	127
1527	1637	506.3121477	186
1528	2764	1101.909652	57
1528	27878	1083.392429	55
1529	4281	789.9174432	86
1529	4762	779.1830107	89
1529	5509	838.6621629	88
1529	18274	858.9692218	79
1530	26348	1888.106557	71
1532	4463	686.4594693	80
1532	16945	743.5265961	75
1532	18503	676.7209853	79
1534	2371	715.3947865	128
1534	16605	649.2038175	128
1536	868	2088.025857	58
1536	14717	1489.9882	57
1536	17347	2160.404306	57
1539	5494	187.0406902	126
1541	22756	344.7153676	87
1544	661	1661.750904	40.31678793
1544	8909	1664.58662	41.21271655
1544	12156	1661.903451	41.21271655
1546	27250	1194.531402	154
1553	11407	487.4174648	98
1553	23066	489.2386341	103
1555	12112	301.5813375	73
1557	4583	814.4740658	38.58293741
1562	4301	272.0604196	158
1563	16668	687.127454	102
1563	19245	744.0556432	103
1565	2506	522.4553486	124
1565	3792	519.4503234	112
1565	8079	495.2916043	114
1565	21614	579.5970863	130
1566	12162	252.9982313	199
1568	17384	1319.457193	43.0647448
1568	19850	1312.80461	44.02173913
1568	27017	1282.637061	45
1569	21890	2020.983144	39.44033602
1569	22220	2009.781551	40.31678793
1570	7804	898.8472454	81
1570	12665	911.7840801	77
1573	6139	506.3761325	109
1573	25402	539.92816	104
1579	17470	2238.645269	46
1580	24972	302.565399	164
1580	27219	301.5090541	165
1585	14442	506.5251845	131
1585	20373	442.7525777	132
1585	21585	573.1757075	129
1587	20955	1071.322262	112
1589	4142	351.3040143	170
1590	7362	1666.389181	62
1590	10382	1591.999815	67
1590	11967	1609.561799	67
1590	16267	1637.807187	64
1590	21854	1637.54918	63
1590	27693	1622.453848	62
1592	25768	523.096716	45
1595	16374	603.9579819	116
1596	1901	561.4329079	109
1597	6829	381.505106	63
1598	18685	707.5851989	121
1602	5472	1310.148737	71
1605	17278	554.6638329	93
1605	18358	493.1553508	90
1605	22663	589.2024983	87
1605	27391	483.4446708	100
1606	22142	572.7773605	135
1607	21980	925.8551802	61
1609	3801	1114.348171	110
1609	12131	1172.589579	108
1609	23690	1148.722636	110
1610	18085	765.3267667	124
1611	23432	2591.673561	60
1614	5959	369.4624389	121
1614	17504	391.8405069	114
1619	13226	297.4478903	118
1624	7633	418.031919	84
1624	16870	359.3029739	84
1630	19178	2304.595839	87
1638	24794	270.6054371	116
1640	3992	2544.398251	54
1641	19265	1267.584406	144
1642	4281	700.3486936	91
1642	4762	721.3201324	97
1642	5509	780.5009464	96
1642	18274	812.4565197	83
1643	7618	583.5582912	83
1646	24203	2730.97219	59
1647	6521	795.4529292	101
1648	20322	1720.905611	101
1649	6147	394.2021109	175
1649	7010	394.7453421	175
1649	19146	506.6561244	152
1649	25371	377.017526	168
1649	25391	548.7314124	155
1654	12874	240.9831682	174
1654	20290	213.3145677	176
1657	7674	842.0484989	115
1657	21590	842.1946668	117
1660	1585	613.9325229	91
1660	17422	535.6279964	104
1660	17830	506.6668418	104
1662	4448	2283.693387	47
1663	17098	1208.409258	104
1671	8893	2777.188069	55
1675	4873	198.8274245	200
1675	18616	196.834967	175
1680	12594	286.2732152	62
1681	7547	531.0352599	47
1681	15912	556.0829693	45
1682	15856	487.7004248	66
1682	24534	493.4198518	75
1687	4475	1055.634619	82
1690	4139	826.9311507	70
1690	20218	859.3113101	69
1693	9265	252.8365214	154
1695	16085	488.2247134	112
1699	16140	3148.246659	67
1702	21802	1806.62377	45
1703	27110	374.0620172	183
1705	8652	720.2503962	64
1707	4172	5409.996119	57
1709	22059	213.2727782	125
1710	7792	1669.627259	83
1710	8179	1590.857469	84
1716	23674	238.5885435	68
1716	27795	230.9398437	75
1721	22263	187.6814009	158
1721	26265	187.3234729	148
1723	11364	1016.32613	59
1723	14413	978.1519817	63
1723	17945	992.3610838	59
1723	25312	993.2256843	62
1725	24536	4297.775579	67
1726	13710	527.3071053	32.36180563
1726	24511	535.468172	30.97006447
1727	13650	3174.684677	25.41173093
1733	7573	905.7705977	99
1733	12519	781.1534313	112
1733	14943	877.3698821	105
1733	19633	951.093593	102
1733	24184	887.114851	98
1737	8617	1967.129638	76
1737	8854	1804.989178	82
1737	21961	1869.378682	80
1738	15138	1981.701286	76
1743	6073	1330.999362	68
1743	20517	1347.647063	66
1745	23156	583.5620265	133
1748	18386	2700.21008	112
1757	2885	284.4994163	162
1757	4620	308.329608	153
1757	11636	197.7844934	178
1757	12869	255.542416	178
1757	22661	284.4994163	162
1757	26477	274.0408394	165
1767	27461	1044.576667	115
1772	1428	324.2491708	160
1772	7993	256.7622146	176
1772	15636	208.5588546	187
1772	20147	300.2668763	158
1772	20286	216.843201	183
1773	25705	848.3511803	120
1776	7000	715.062867	76
1777	19202	647.3197762	124
1778	23930	1440.658222	108
1781	11469	3402.795747	50
1782	16799	599.2084741	60
1782	18302	660.1400749	54
1785	8723	340.9473511	133
1785	25105	439.7268091	118
1785	27243	439.2355581	118
1787	13406	7106.486834	43.0647448
1789	18891	181.493807	124
1791	5243	3787.764321	88
1792	17901	849.8693312	137
1792	19784	848.4052456	137
1794	1928	1755.491997	52
1794	5228	1939.194735	45
1796	1994	1022.520415	135
1796	4258	1022.874175	129
1796	6592	1049.289024	140
1796	9890	1058.721435	135
1796	13402	1111.204107	128
1796	16867	1105.436804	133
1796	21321	1139.075191	131
1796	26221	1064.320571	133
1798	9620	286.1373048	163
1800	21152	1225.929518	205
1802	20454	2961.899428	159
1804	12133	1825.718125	102
1804	12652	1575.725349	119
1808	22690	698.6670438	94
1809	13393	5001.946619	45
1813	2946	656.6350955	46
1813	19362	629.1290031	50
1815	3111	287.5758568	160
1815	7580	387.0806862	158
1815	22124	297.7636023	158
1815	22481	394.2672365	165
1819	12215	1661.567128	23.27303253
1819	15524	1632.093456	25.97643606
1819	19870	1628.563778	25.97643606
1820	4332	351.1393112	140
1820	13668	381.1409977	144
1832	23650	7662.374663	78
1833	1585	422.4159	118
1833	17422	367.379778	125
1833	17830	364.5294146	117
1836	5811	1602.771547	112
1839	21736	550.6643427	133
1843	4755	503.9385951	80
1843	14276	498.3411543	78
1844	10233	1277.696923	67
1844	13793	1276.743804	67
1847	4838	914.170523	105
1847	9214	769.0813292	118
1847	11025	992.0854172	104
1848	6904	324.6556936	167
1848	25188	391.0507621	178
1851	10605	4146.745863	63
1851	20240	4246.074084	63
1852	4026	215.4501359	146
1859	12107	1638.06461	73
1861	15074	3508.102851	46
1863	22080	1004.605419	32.36180563
1863	24490	979.1533562	33.81608925
1864	25792	541.2769837	54
1867	24066	433.545743	132
1867	27722	401.6333785	133
1868	9504	651.0561678	76
1868	12096	626.06429	79
1868	14386	573.8929093	87
1873	712	363.3263451	61
1873	4881	381.8258574	59
1873	9553	392.7748225	57
1873	28106	373.1749622	61
1876	8750	302.4634601	125
1877	28047	1702.473938	133
1878	20779	329.5024598	133
1884	4474	347.1275281	122
1888	9322	1183.796741	59
1892	11158	492.9621135	168
1895	6530	391.49893	91
1895	13920	398.2197666	91
1899	14186	1061.016758	45
1899	18024	1074.539449	45
1899	27761	1017.561921	49
1901	521	479.8018767	131
1902	5342	361.990428	101
1902	20157	328.1825305	97
1903	5266	1034.384732	45
1903	17037	1035.714952	45
1903	27524	1074.22709	40.31678793
1910	138	503.0670102	126
1910	14252	521.5129914	122
1911	8037	1050.682849	134
1912	9506	1914.377022	106
1914	18430	1027.857318	128
1923	12316	1118.290285	121
1925	14186	1076.505658	43.0647448
1925	18024	1090.066291	43.0647448
1925	27761	1032.347335	47
1929	3070	219.830643	199
1929	4177	226.6580904	199
1930	13791	776.3694522	109
1930	21707	776.3694522	109
1931	14956	628.3388919	32.36180563
1931	18206	628.3388919	32.36180563
1932	4252	184.0728305	141
1932	4354	183.5962084	146
1932	11874	183.5962084	146
1932	12439	192.7783456	140
1932	24742	195.9923055	143
1933	6896	746.3519388	87
1933	11192	845.2469402	94
1933	19434	837.7857398	91
1933	22897	809.3184125	96
1934	13276	888.5251907	100
1934	22276	890.2213412	101
1936	22240	517.4179214	55
1942	20126	738.7403056	102
1942	25746	660.0108756	110
1943	23651	253.0606434	154
1946	16968	545.8841207	104
1951	25933	553.052089	91
1953	10825	551.5262151	113
1956	10627	4126.345495	54
1962	9816	785.485948	107
1962	9842	680.8139345	108
1962	20918	809.0688194	107
1962	23971	776.8440764	99
1966	4313	857.3079334	58
1969	20594	1380.030443	27.1437722
1969	27012	1361.753561	26.5536902
1970	9845	255.8339618	149
1975	27268	471.7938679	70
1976	9887	287.7548652	122
1977	25325	3526.857275	107
1981	11037	771.3847455	97
1982	3933	240.767183	165
1982	23121	224.6758696	150
1983	705	347.7236676	126
1984	7077	258.4406792	235
1985	1916	263.1686595	99
1985	10892	252.5877535	99
1987	15521	1421.48141	145
1987	24295	1426.697603	144
1990	7726	194.9248834	211
1990	17826	206.6263002	200
1990	24986	233.0644443	184
1992	22989	2213.871976	106
1993	10914	1075.607785	86
1994	16030	842.2520512	92
1995	6243	1358.88508	100
1996	8062	619.9731113	142
1997	19905	522.8832628	149
2002	458	717.0957799	101
2002	1405	710.5745219	98
2008	9293	192.5373949	134
2011	1968	652.0576713	112
2014	13646	229.2170147	162
2020	1835	305.4773751	143
2021	11257	3780.584573	70
2022	6940	219.6592367	143
2027	16377	819.9762628	98
2032	16754	542.1761267	67
2036	5549	238.2907152	129
2038	20116	380.0394955	198
2043	13110	245.9024091	135
2044	15274	7311.994527	85
2049	12706	586.23102	105
2053	4229	1145.11486	95
2053	7457	1344.132928	87
2056	21269	843.3072321	50
2056	25751	843.3072321	50
2056	26572	843.3072321	50
2062	4641	2246.438246	59
2062	20739	2198.86172	61
2062	21116	2238.404528	59
2064	20356	910.4043517	108
2064	22772	807.7989477	105
2070	8004	1693.95473	101
2071	8259	874.2385054	113
2071	20755	823.8560824	119
2076	298	1229.897808	80
2080	1584	1612.881594	82
2089	5721	2074.181271	57
2090	353	217.3621756	157
2090	3243	202.0322343	135
2090	6487	223.5953661	153
2091	13436	526.5285023	134
2098	722	270.1272524	182
2098	25309	276.1213135	187
2098	26201	263.7154193	187
2100	15240	1230.331123	85
2104	19297	366.909263	147
2104	24090	359.6780872	139
2116	13012	3216.076613	59
2119	6479	534.6027915	113
2126	23793	1479.16914	118
2136	5735	898.7736911	55
2138	87	661.0720944	101
2138	5435	679.2482285	108
2138	18655	719.7805718	106
2141	14290	1802.055777	66
2141	15377	1781.464246	70
2141	28029	1812.191918	68
2142	8882	4789.167262	27.1437722
2142	23550	4649.547129	28.99386789
2143	18760	377.0966634	81
2144	15923	563.9567959	105
2145	27467	727.2463888	134
2146	2842	902.8486135	118
2146	5599	888.8595877	117
2146	15197	866.1718192	117
2146	15401	858.6590276	120
2146	19164	932.6884945	117
2146	20054	942.3398353	115
2146	21406	695.7812989	135
2146	23841	911.7872632	122
2151	6914	1042.928961	107
2153	9463	215.1643713	179
2153	10846	208.2916021	184
2153	22196	258.5056974	171
2154	12591	283.5091309	88
2155	8536	427.9039951	159
2155	18788	443.5038264	149
2161	25225	286.6285518	152
2162	26258	1508.896555	95
2166	25562	183.8544189	101
2168	3001	249.5385459	179
2170	3508	545.9603439	113
2170	11835	428.3618807	130
2178	7733	190.3679727	187
2180	23586	700.7085168	142
2182	4538	534.4652885	77
2182	12736	569.4167178	73
2182	17985	563.0127462	74
2184	9346	1337.030195	102
2184	21689	1339.839703	102
2184	25723	1913.476074	107
2184	26203	2046.149332	103
2188	8898	764.5214899	133
2188	21682	781.9397031	133
2190	9271	560.2571302	210
2194	12756	390.1436387	133
2198	6753	566.1138858	140
2198	8866	651.9687098	124
2198	12308	484.6520339	135
2199	1700	2394.781311	67
2201	9149	1030.192764	144
2202	1426	1283.660454	58
2202	18597	1447.034787	51
2202	21506	1432.890535	51
2203	12884	184.9010993	163
2208	221	307.8402111	109
2208	11660	426.8952486	98
2210	6081	2991.015323	62
2211	25523	541.2753126	95
2213	774	1346.986935	82
2215	17110	504.9310515	132
2219	25336	304.2271199	88
2221	1298	659.6314348	25.97643606
2221	16004	664.6400409	25.97643606
2221	19080	629.2586611	29.63817606
2224	15146	5051.096436	65
2225	18387	791.1818111	28.99386789
2226	6088	1908.140404	59
2233	16309	1133.924879	117
2241	19198	1726.382518	30.97006447
2247	10150	874.7413295	101
2247	14234	1214.869769	89
2248	441	1505.341156	61
2249	11256	1124.947789	121
2250	5927	1741.216858	94
2250	6849	1808.057004	91
2250	11916	1771.189212	93
2250	17597	1801.793488	90
2256	15491	1267.338434	110
2258	24803	281.9252381	187
2260	10927	864.5021682	39.44033602
2260	20169	899.7100992	38.58293741
2260	25012	894.378491	38.58293741
2263	14555	962.9538415	120
2263	17787	963.2884591	120
2264	6149	3410.683471	67
2266	6448	471.0282416	130
2267	25425	672.3652127	128
2267	27119	710.8411868	125
2269	12863	2582.07815	25.41173093
2269	14404	2569.228567	25.97643606
2269	17939	2587.983021	24.859302
2269	18031	2555.07354	26.5536902
2269	19273	2545.443615	26.5536902
2271	27718	1060.475823	80
2279	1144	267.6002897	140
2282	4146	376.6784507	155
2283	12557	374.2406379	147
2284	16686	236.0157333	183
2284	25381	203.6788524	172
2286	10125	437.8017401	106
2286	11418	506.7744018	103
2288	17106	936.797272	100
2288	18697	1001.36466	96
2288	23361	1152.887168	92
2289	13304	756.9542116	85
2291	21049	3120.620754	44.02173913
2292	24250	689.8861206	121
2292	25924	722.9267761	118
2293	3272	2056.076339	100
2297	5882	320.4673194	126
2301	19097	361.0201204	151
2303	120	1037.176969	68
2306	16000	826.6384535	36.1209642
2306	16021	811.8716801	41.21271655
2306	25403	814.1780515	40.31678793
2308	2849	2545.348754	68
2309	3521	2166.937451	23.27303253
2309	4887	2171.433485	23.79021103
2311	19637	583.3107048	163
2311	19698	565.4343381	165
2319	3977	2273.341939	93
2319	6880	2273.341939	93
2326	9168	335.5603399	131
2326	26314	389.8025031	127
2332	14125	2778.648732	30.2968022
2332	14966	2772.368683	24.859302
2332	23781	2149.73282	24.859302
2335	14700	1039.232614	121
2338	23206	2940.452639	37.7441779
2338	26869	2920.985535	38.58293741
2339	6858	380.5890275	218
2342	7874	957.6824208	111
2342	19842	1261.632728	115
2342	25839	1141.453785	121
2342	27750	1119.836563	121
2343	4310	1101.565376	126
2343	17064	1052.322184	132
2346	8615	286.7765528	94
2346	8970	273.6290233	99
2347	2167	238.9045964	103
2350	19945	393.0039298	160
2350	23540	421.6614377	150
2351	333	659.6697177	107
2351	20268	677.5917113	104
2351	23612	669.4674661	109
2353	6302	3199.749262	60
2358	25068	688.1998061	79
2359	5081	2489.343352	81
2364	772	465.6729639	164
2365	2842	904.6210546	120
2365	5599	900.7240877	120
2365	15197	887.2432649	120
2365	15401	886.3435524	120
2365	19164	934.4140862	119
2365	20054	961.3526836	116
2365	21406	692.141527	136
2365	23841	939.1128598	118
2368	12041	686.9021925	172
2370	2434	591.7397108	99
2375	5752	505.6410403	34.5675579
2380	1078	1443.890025	76
2380	4903	1411.688333	79
2380	6002	1143.481242	84
2380	12057	1364.792355	78
2383	4760	1992.431874	173
2383	23050	1871.854276	172
2387	2004	539.2303593	180
2388	22001	2606.079476	66
2396	1399	5356.908681	33.81608925
2396	15539	5318.870773	34.5675579
2396	27471	5363.101892	33.81608925
2399	6093	409.7534354	143
2400	9711	787.851582	30.2968022
2400	12434	796.4158077	28.99386789
2401	19298	204.0928974	156
2404	13353	2293.713397	64
2407	16826	540.9600952	143
2412	3675	833.0833179	94
2412	27069	833.0833179	94
2413	7948	1206.896839	98
2415	7452	277.5858362	105
2418	10040	918.6413228	119
2418	21772	1052.646297	121
2418	26046	1038.723777	121
2423	1124	298.2838657	100
2423	10336	306.137021	98
2427	19665	183.4158868	165
2434	365	385.4148354	127
2434	26900	280.5737359	141
2435	12762	1140.420364	35.33572585
2435	15095	1139.324641	34.5675579
2435	21768	1148.068145	34.5675579
2436	24462	4348.551998	53
2437	15160	460.6171001	195
2437	16567	557.2298704	195
2439	4548	610.1923598	81
2439	10113	652.4256219	76
2439	21402	594.2536489	90
2439	22475	557.8406838	90
2444	1134	1055.2139	61
2444	2055	1146.202033	59
2444	2765	1121.002051	60
2444	9647	1333.641303	55
2444	15957	1008.859072	56
2444	21203	1295.80848	52
2444	25180	1066.854211	65
2445	13449	242.3691821	120
2447	6383	239.0742613	157
2451	22922	6145.125936	35.33572585
2452	15758	343.5607809	123
2452	20635	360.314288	120
2457	28025	203.3175206	186
2461	800	259.6111299	205
2461	2052	284.2586377	206
2461	9329	317.5752761	189
2461	11142	257.8285393	212
2461	17460	269.1922727	193
2463	1451	2949.868719	65
2464	9294	1801.95611	101
2468	6607	515.666995	90
2469	713	274.6449244	124
2469	1296	233.0187554	126
2470	9071	1478.23326	70
2470	15827	1484.43456	70
2471	12863	2383.648948	28.99386789
2471	14404	2401.429212	27.74696714
2471	17939	2425.725398	28.99386789
2471	18031	2382.377443	30.2968022
2471	19273	2419.454754	28.99386789
2474	6252	416.8623625	123
2476	6570	450.3798868	107
2476	17822	464.5271013	100
2477	8662	1295.485307	88
2479	25553	350.7373226	119
2484	3213	946.9074355	95
2484	4393	900.5844734	98
2484	15613	750.4890626	106
2484	21894	924.2677756	97
2484	23469	949.4863982	95
2487	23946	311.7914617	124
2488	10067	605.3280304	61
2488	17311	530.2046639	69
2490	16331	912.262907	98
2492	8482	1204.114961	98
2492	15965	1092.420413	92
2495	1841	945.604838	63
2496	56	231.7554082	117
2496	3864	257.3986993	113
2496	16278	262.8513732	107
2496	24087	264.331309	117
2500	4440	326.7698336	82
2500	14910	326.7698336	82
2501	17869	743.6161491	133
2503	7917	1669.783955	42.1285547
2503	14604	1595.41371	45
2503	16415	1665.151984	42.1285547
2504	4411	1093.804985	33.81608925
2504	16620	1095.903087	33.81608925
2506	2315	789.9395184	156
2507	13533	385.3153851	149
2507	22940	354.5719218	149
2508	14974	1547.01126	73
2509	2653	256.5835412	196
2513	7435	881.7015761	105
2513	15460	945.1921738	106
2515	20975	1723.555995	69
2516	5027	886.5193605	104
2521	10192	460.0595993	120
2524	15134	3528.172805	61
2528	27311	198.4204641	259
2531	16234	9725.534551	59
2532	25450	1260.309204	107
2539	7774	1316.432131	139
2542	6072	1236.159578	111
2548	17960	1390.558758	44.02173913
2550	9375	768.0568164	142
2550	20359	764.6734727	134
2551	4078	4140.797236	35.33572585
2551	19808	4068.982078	36.1209642
2552	26917	820.321343	103
2556	3844	670.0399957	100
2558	3231	5747.245372	101
2558	3822	5358.504699	101
2558	11786	5811.238321	101
2561	11644	191.0858482	153
2567	452	1348.47247	116
2567	18042	1074.980872	132
2567	26955	1329.81021	115
2571	7002	1345.338988	23.79021103
2571	18470	1346.705377	23.79021103
2571	21561	1325.035964	24.859302
2571	23331	1302.589106	26.5536902
2571	26039	1318.496109	25.97643606
2572	20011	1444.331032	62
2574	439	1759.426815	12.57720313
2574	2190	1759.426815	12.57720313
2574	2393	1756.013806	12.57720313
2574	7524	1755.196815	12.57720313
2574	12095	1744.555255	13.1424009
2576	16346	1728.909573	82
2576	23916	1790.905608	81
2582	26736	1212.943899	74
2590	7447	445.5647489	56
2590	10160	427.8821594	62
2590	22083	429.8428042	61
2595	19507	561.5229824	39.44033602
2598	18744	1482.097219	70
2599	9098	421.7693611	144
2600	4169	1006.184103	136
2600	11433	1037.799737	137
2604	11912	1010.636354	99
2605	17633	1640.263783	103
2607	8202	1482.637148	123
2609	24007	640.5058554	53
2609	26818	619.7842956	57
2613	13137	777.2140054	78
2613	17153	809.1017531	74
2617	6301	778.5460169	33.81608925
2617	14880	778.5460169	33.81608925
2617	25101	788.8482919	32.36180563
2617	27894	778.5460169	33.81608925
2620	6518	278.3730407	139
2626	493	755.3070559	27.1437722
2626	16122	768.1386258	25.97643606
2626	26802	783.6201902	23.79021103
2630	14496	1195.171497	20.39769385
2630	15236	1207.912283	19.52047734
2630	21579	1207.912283	19.52047734
2635	4010	601.9444377	70
2637	7482	1633.32303	101
2639	12785	720.981308	72
2639	19091	694.2035069	72
2639	21161	720.7748013	73
2642	7033	266.066175	153
2642	8085	250.2120764	147
2642	18716	251.5697124	155
2642	23776	230.0409085	146
2642	25145	247.8010746	135
2645	8897	301.0686921	161
2645	18172	439.4844996	160
2645	25716	509.3639424	144
2648	12250	474.9950354	140
2649	4420	1956.779256	104
2652	475	2072.436387	107
2654	3384	1207.23649	80
2654	7560	1249.216525	77
2654	23128	1323.909628	73
2654	23312	1252.868033	77
2654	24574	1323.909628	73
2658	4246	275.8929171	104
2658	6581	285.4952302	108
2661	23286	646.4416561	130
2661	26284	681.0463581	126
2663	2676	1543.709447	94
2663	27712	1605.957663	89
2667	5287	491.9258715	130
2667	8222	498.0421053	127
2667	15109	484.1761748	130
2667	22562	498.4166795	126
2667	24628	472.9356328	138
2667	25056	465.0310125	139
2667	25497	479.9379686	135
2667	27303	526.2798452	125
2667	28079	500.9357886	130
2670	3641	721.2381926	118
2672	14687	1014.508002	101
2674	19664	831.9642752	84
2675	11407	417.5395061	109
2675	23066	402.145461	119
2676	7161	939.2986029	71
2676	8734	934.2200363	64
2676	21775	960.3813247	70
2677	3480	988.6071076	84
2677	8420	1045.259184	80
2678	26888	814.6795871	85
2681	9561	227.350795	161
2681	18925	233.6181579	156
2681	23001	266.7270893	139
2682	15378	742.6622816	67
2686	13257	1034.927325	136
2690	15013	391.5780337	103
2691	22842	917.6627421	97
2694	12206	545.1988001	150
2695	1555	611.9462932	104
2695	17164	658.7122454	98
2695	26364	737.7376999	101
2697	7657	810.1955752	55
2697	13963	813.4781115	54
2699	9039	905.368936	51
2699	12120	916.1060048	39.44033602
2699	15246	961.1719985	36.92365229
2699	18036	772.6074584	59
2699	26215	803.6555744	57
2699	27084	806.4584269	48
2710	17676	2556.284076	61
2719	25113	455.3486916	129
2720	15308	317.1824176	185
2728	1322	288.1734213	198
2728	2225	288.1734213	198
2734	3175	368.1192458	101
2734	19884	284.4966778	115
2734	26977	471.604595	107
2735	27242	618.2271988	113
2737	23363	1656.87804	94
2737	27695	1634.750742	94
2741	18561	1566.772327	61
2741	25036	1510.000347	63
2742	4571	1513.500431	85
2742	4675	1587.041976	79
2742	5572	1525.956939	79
2746	15391	311.4198409	108
2748	86	568.3480008	112
2755	1095	915.366004	68
2755	18257	1230.456784	68
2756	8891	2352.981107	107
2758	2280	1017.795937	121
2758	13916	918.1936274	125
2759	5622	1127.813506	85
2760	14155	297.2622372	116
2762	23670	1123.763458	97
2764	5642	438.6382159	163
2765	10501	551.0909435	128
2766	25588	1163.802926	26.5536902
2767	24191	1124.246936	99
2770	47	540.2700911	85
2770	13159	572.077559	82
2771	3787	354.8404491	154
2771	22558	375.8513363	151
2772	14139	966.3938026	44.02173913
2774	9633	415.6198453	128
2775	4560	619.8782872	103
2775	20082	682.2578655	105
2775	25382	625.7565754	103
2776	3711	1489.878106	80
2778	9472	663.6623773	171
2780	10851	1304.49117	62
2782	8387	754.6765682	28.36356641
2782	10669	864.5498989	28.99386789
2782	12975	830.7142706	28.99386789
2782	15625	873.1662671	25.41173093
2782	17229	876.7103982	25.41173093
2782	17338	831.8864909	28.99386789
2782	23223	828.6056308	24.31888239
2783	23512	1513.690251	147
2784	573	424.448293	138
2785	20454	2913.880933	155
2786	1728	983.9263646	95
2786	7176	983.9263646	95
2789	13774	2754.919381	55
2789	15881	2807.202391	53
2792	10488	2294.281098	111
2793	3537	781.9073104	103
2793	19889	782.2127829	106
2793	22512	777.9734015	107
2794	4780	677.8334427	47
2794	14992	820.1436378	46
2794	18223	842.4908487	44.02173913
2795	3455	2047.608011	77
2796	5014	2509.860136	85
2801	8325	695.1068454	77
2801	14472	691.2230111	75
2802	11488	206.8737051	171
2810	661	1662.65528	40.31678793
2810	8909	1665.48705	41.21271655
2810	12156	1662.803881	41.21271655
2815	7404	1265.778454	137
2815	13629	1262.795472	138
2816	19498	2026.716785	107
2818	17467	839.5311814	132
2822	15516	2749.845183	52
2822	23817	2771.30191	51
2823	8777	298.1210452	93
2824	17556	1033.834277	74
2825	17590	218.8068703	142
2826	26807	420.3667726	153
2828	2609	452.9335806	111
2828	3743	412.5875449	120
2828	13047	440.6071302	112
2831	25441	1058.986752	10.31991723
2835	5137	1556.088184	32.36180563
2835	8345	1548.544886	37.7441779
2837	1024	1175.940049	150
2837	16823	1191.352229	150
2839	23447	339.4069193	134
2843	16186	2297.154501	81
2843	22755	2234.951527	75
2843	22959	2440.889689	79
2845	6699	401.247483	119
2845	15290	400.3861033	112
2846	2682	908.0105072	126
2846	21753	991.4560868	122
2846	23757	987.003548	123
2846	26223	976.2302244	120
2849	6587	719.8721714	100
2850	11081	458.2315307	110
2850	24251	427.6574022	111
2854	22351	3765.866643	38.58293741
2856	22958	428.3255275	119
2860	71	554.5734236	159
2860	388	467.4767603	157
2860	16244	498.6206491	151
2860	19581	293.9030712	163
2860	19786	513.8995372	151
2860	24988	478.060548	164
2862	2517	1146.203134	130
2864	3696	502.3961958	95
2869	526	289.7518344	138
2869	1145	289.9986712	139
2869	22036	307.2594669	134
2874	21696	469.7577219	119
2875	960	2740.226256	99
2877	752	323.3666308	163
2877	17962	417.7754065	157
2879	9638	2408.879059	68
2879	26471	2393.719928	69
2882	131	4341.067155	61
2883	7375	383.406293	102
2890	12603	2913.085639	93
2901	7013	3559.370732	14.66902675
2901	8407	3634.733189	14.03817541
2901	10548	3620.768583	14.35013486
2901	15994	3727.271883	12.57720313
2901	17281	3661.793385	13.73299768
2901	20419	3559.370732	14.66902675
2902	24584	974.4130128	71
2904	4046	2544.438263	42.1285547
2904	13154	2498.029014	44.02173913
2904	26948	2430.88778	44.02173913
2911	1694	408.3132521	159
2912	34	1837.179239	69
2912	3511	1686.52186	76
2912	4379	1799.36782	71
2912	11051	1623.838827	75
2912	11300	1808.521649	71
2912	19551	1742.082227	74
2912	23502	1726.661304	75
2919	14270	2527.867805	77
2920	25237	739.0193372	74
2923	22405	1119.869903	48
2923	27066	1432.293538	57
2925	1138	1693.719324	65
2926	14576	467.4751315	182
2928	2396	553.2369564	132
2928	6601	556.0956503	133
2930	15525	1412.935403	48
2931	6170	1228.472433	110
2931	15966	1102.772662	113
2931	23685	1027.675588	117
2931	26661	1124.681897	108
2933	4421	197.6314159	146
2942	8882	4806.763568	27.74696714
2942	23550	4652.744771	28.36356641
2945	5689	761.735922	56
2945	24616	762.0605216	57
2945	27483	377.7440731	59
2946	13997	1857.790381	62
2946	25079	1845.698425	62
2952	9860	6794.607865	71
2952	26063	6734.848039	71
2953	12828	309.7456182	107
2953	19618	298.8612375	121
2954	27165	843.8982362	134
2959	2124	820.2670357	135
2962	7381	595.3364686	58
2962	19560	593.8600367	59
2964	20790	781.6577848	120
2966	4291	512.6396719	48
2966	9002	516.3741986	47
2966	9208	543.4450546	45
2966	16518	517.1777455	47
2970	13188	1622.138093	107
2970	14208	1660.967243	111
2970	17993	1606.946185	112
2970	25931	1516.216418	113
2972	7809	511.0174753	116
2972	18551	511.0174753	116
2976	17019	204.5377064	138
2977	24102	543.5615133	111
2979	6861	819.4116201	69
2979	14236	1041.449787	62
2979	27318	1068.759671	61
2983	9123	210.822477	208
2983	15365	224.8625458	224
2983	17293	245.8357888	216
2983	27994	211.4595249	217
2984	1372	738.1775241	105
2986	7225	760.0731489	56
2986	20032	707.9808851	61
2986	21781	785.6135171	52
2989	3290	840.4227203	140
2989	6198	595.724518	169
2989	6291	794.0156558	138
2989	7368	571.69539	175
2989	9618	933.6241239	128
2989	10764	744.9308722	153
2989	21453	986.2375961	125
2991	8794	333.9025699	82
2991	13275	328.6016023	82
2991	20577	360.4169746	76
2992	12101	788.5181726	110
2994	17005	487.3810676	123
2994	26436	545.2124968	116
2996	8397	835.4324775	117
3002	20684	377.2574292	98
3004	17212	243.0043099	258
3004	27496	243.0043099	258
3008	8487	852.5761613	115
3008	17065	841.848669	110
3009	5184	665.8951363	71
3013	2004	668.6533344	185
3015	22207	2024.258602	83
3016	27688	1294.575853	160
3019	1216	1504.337163	100
3020	3344	759.7600259	77
3020	8147	759.7600259	77
3020	16231	727.7505566	81
3020	28001	759.7600259	77
3022	21346	2886.38601	25.97643606
3024	9454	5117.303428	40.31678793
3025	5473	291.3957127	188
3025	14400	319.7805306	181
3028	27328	2351.936965	78
3032	24388	736.8568977	122
3035	24515	693.4556659	108
3039	3812	2135.05013	34.5675579
3039	5653	2126.158992	34.5675579
3040	6048	669.5319055	135
3040	15694	737.4903852	134
3042	5927	1812.63772	89
3042	6849	1874.021157	87
3042	11916	1835.688676	89
3042	17597	1845.755782	89
3044	15164	878.9974251	113
3046	12320	240.6839441	144
3050	4435	1519.367027	85
3060	24304	1289.38034	113
3061	20036	1215.392525	69
3061	22105	1225.909211	69
3074	5	1969.102658	44.02173913
3078	16617	191.9585802	143
3078	17667	509.4943641	102
3078	27773	487.8003269	103
3081	1755	428.8801129	123
3081	3906	434.1935004	127
3085	440	440.5002156	105
3085	8088	442.7497119	113
3085	27606	426.7318485	107
3089	12731	220.4628015	138
3091	23997	231.505753	90
3094	1412	696.0875679	125
3098	1559	1058.269556	50
3098	3369	1054.275765	53
3099	9697	2456.01074	109
3100	10845	284.7847148	111
3100	12949	284.7847148	111
3102	954	1551.561411	40.31678793
3102	13529	1574.568889	40.31678793
3108	11102	1293.810128	157
3109	13848	1284.499609	39.44033602
3109	14127	1282.224449	39.44033602
3111	2164	232.5298053	165
3112	19613	908.7636646	66
3113	19415	1862.444846	113
3114	9438	772.7691812	72
3114	19747	794.0857789	70
3115	3728	1956.306196	64
3116	21758	384.0218084	179
3117	1994	1055.032201	135
3117	4258	1046.952484	135
3117	6592	1013.329925	139
3117	9890	1128.415322	123
3117	13402	1004.482753	134
3117	16867	1016.38521	135
3117	21321	1041.534618	139
3117	26221	1018.522066	138
3120	6180	1349.827828	112
3127	2260	849.922106	143
3131	16365	900.9152479	68
3136	2477	223.5155068	207
3141	23713	616.1577685	146
3145	10784	899.8028585	61
3148	6455	188.8057487	203
3149	3503	790.9369442	97
3149	11559	548.3288515	106
3149	12063	491.4678378	116
3149	14188	503.3552548	115
3149	17951	686.1995237	105
3149	21102	724.5839627	98
3150	15309	580.8175724	109
3151	26578	731.5429587	126
3157	26092	675.1929024	84
3158	1106	2138.531094	28.99386789
3158	3276	2063.207785	28.99386789
3161	6911	629.0627431	92
3163	18297	3249.436097	85
3163	25116	3264.460537	86
3165	6645	449.4292256	53
3171	4127	693.1379863	71
3171	10962	728.103877	63
3171	18136	694.3920017	71
3172	997	759.4963471	98
3176	2562	700.233725	118
3177	11255	760.0965388	99
3178	15806	592.8959666	111
3179	1406	512.4715122	98
3179	11374	656.9596885	93
3179	16997	485.1441217	102
3180	19588	2980.278848	96
3183	15218	269.1568512	147
3183	20774	357.7753739	139
3192	8871	477.8675227	125
3193	20220	222.1144632	113
3194	1395	475.8312238	56
3194	3549	474.7539678	56
3194	18484	458.3369877	58
3195	25450	1464.455311	105
3198	1572	308.8032283	86
3201	13949	1185.154887	96
3201	18410	1172.145641	93
3201	23486	1096.843359	92
3202	27901	4223.534773	51
3204	916	425.9816451	111
3204	5593	476.3837333	110
3204	8860	458.0758382	115
3204	12196	462.5148212	111
3204	15126	404.352005	107
3204	18751	369.775063	114
3204	22851	355.9769754	128
3204	26308	449.268117	120
3204	27026	512.3121886	111
3205	20954	563.3915572	114
3207	22106	1173.650291	66
3207	25576	1216.117137	62
3208	17909	4442.301376	82
3211	19002	296.3689721	105
3211	25053	299.0266279	106
3214	5370	638.0051194	109
3215	12484	460.9173797	93
3216	7109	470.61243	145
3219	26085	1588.308631	74
3220	1622	754.3166742	36.1209642
3220	4608	760.8735498	35.33572585
3220	9540	763.1899772	32.36180563
3220	12647	730.6214774	36.92365229
3220	17554	750.4714675	33.81608925
3220	19785	748.4589986	36.92365229
3220	21661	770.9885073	31.65828812
3220	27068	778.4236268	35.33572585
3220	27930	807.0465793	32.36180563
3225	7569	691.7490858	124
3225	15313	691.7490858	124
3229	6013	964.9826009	74
3229	19885	1017.170493	79
3229	22397	1105.175105	75
3232	25665	592.3625794	181
3234	12631	1083.784591	81
3234	20321	1282.042197	70
3237	24007	631.224772	53
3237	26818	610.5654137	57
3239	712	371.6257516	60
3239	4881	390.2028063	58
3239	9553	401.2618545	56
3239	28106	381.4752967	60
3243	20179	1497.120711	100
3244	7944	1690.102875	64
3246	27895	750.2820529	88
3248	3432	410.8987764	113
3252	15997	799.1868542	153
3258	3849	767.947525	139
3258	4812	808.6577974	130
3258	9007	788.2364391	137
3258	9420	844.7363655	135
3258	12339	794.4450137	147
3258	12624	893.1124104	130
3258	13644	813.5997808	133
3258	15564	875.2878616	129
3258	16753	847.7802346	136
3259	12055	309.0596637	97
3262	16073	347.5798262	136
3262	24599	344.0194065	133
3265	14332	1728.518009	65
3267	16618	711.8952998	115
3267	27972	733.5336263	117
3269	15424	367.2039708	143
3269	17120	365.5557133	154
3270	20266	644.1717773	112
3271	21809	1050.710101	90
3272	25556	341.107664	135
3276	2946	673.0309029	44.02173913
3276	19362	640.6762236	48
3278	10002	1068.537938	51
3278	20478	1062.027187	52
3280	24451	1376.146692	80
3282	7969	369.6290743	128
3282	27065	396.1715551	121
3283	4504	3515.475868	85
3285	2593	434.9705705	152
3286	3265	434.4017352	117
3287	15856	527.4769229	78
3287	24534	534.1886561	80
3289	452	1216.565824	126
3289	18042	1067.421321	140
3289	26955	1154.42065	134
3292	8315	321.5666175	142
3293	1064	1214.200149	81
3293	19460	1254.265215	86
3293	25823	1248.398795	85
3294	557	1910.873131	50
3294	12435	1948.15765	46
3294	12750	1843.583971	54
3294	13538	1848.097416	51
3294	15435	1852.935795	53
3294	19926	1927.34592	48
3294	21852	1820.927942	53
3294	25843	1919.50457	48
3294	26987	1797.954171	51
3295	9017	3574.61195	25.97643606
3295	9802	3574.61195	25.97643606
3295	14987	3574.61195	25.97643606
3299	10797	2438.335213	79
3302	22310	490.4783268	130
3308	5842	221.3014042	164
3308	13902	206.7805043	165
3309	6469	516.099503	106
3309	15697	535.1881864	116
3309	22187	474.9425127	110
3310	17860	3192.575397	65
3310	19965	3135.008291	66
3311	7679	806.8412576	100
3311	8780	766.4490735	105
3311	12469	520.981826	110
3311	14950	805.2951982	101
3311	18280	766.4490735	105
3311	26455	805.2951982	101
3315	12214	1234.772625	79
3315	24522	1238.158397	78
3315	24862	1286.009528	75
3316	12768	512.6382119	100
3316	17066	460.5172809	109
3319	13333	1827.52353	86
3319	18600	2014.938724	84
3322	9931	275.4255772	174
3322	13231	446.1296836	160
3322	15304	446.1296836	160
3331	1809	3210.845276	81
3331	24552	3217.942869	81
3331	24659	3237.755997	81
3336	16208	1517.71848	67
3343	2366	636.3795024	111
3345	9032	984.2070148	76
3347	11991	1051.856094	64
3349	24250	584.9095032	124
3349	25924	619.3585419	114
3350	5018	474.7352347	175
3350	14346	480.3188509	169
3353	21900	331.4191769	129
3356	5197	1628.668181	91
3356	12819	1673.891762	87
3356	20573	1634.858708	89
3357	6482	1796.439279	63
3361	6745	1028.939057	82
3365	12599	409.8045609	105
3365	14122	375.113748	116
3369	22653	466.0980436	150
3370	6088	2064.354336	54
3372	21748	855.5733638	70
3373	5830	3348.750858	30.2968022
3373	7346	3282.683824	30.2968022
3373	7595	3296.780157	30.97006447
3373	10616	3337.95646	30.97006447
3373	11620	3295.656255	31.65828812
3373	19167	3339.45428	30.97006447
3373	19240	3347.566191	30.2968022
3373	22170	3383.255767	30.2968022
3374	2338	394.9651387	138
3374	16562	402.3321682	134
3374	25182	351.5844119	135
3379	20230	454.1095086	146
3382	20908	272.7418069	173
3383	16806	1207.206715	103
3384	4140	796.5525075	57
3384	8922	953.8573888	47
3384	9923	909.2886335	54
3384	11939	901.278348	55
3384	12604	1020.319503	49
3384	15878	960.3464326	51
3384	24526	940.5708966	52
3384	24622	995.9033933	47
3384	26213	929.4147104	54
3400	5322	601.0870535	52
3400	20194	594.4405372	52
3400	21716	601.3988158	52
3400	25334	591.6025908	53
3403	24414	898.505276	136
3406	16996	473.167709	125
3406	23729	560.8383751	114
3407	6301	779.0710227	33.81608925
3407	14880	779.0710227	33.81608925
3407	25101	762.0675416	35.33572585
3407	27894	779.0710227	33.81608925
3410	22775	223.9371776	212
3413	18134	898.6957939	106
3413	24851	909.0017084	108
3415	5613	720.3414685	91
3415	9859	628.4938354	99
3415	25487	709.2048095	96
3416	14286	1374.12134	90
3416	20704	1497.230565	88
3422	25993	1060.706234	74
3427	6184	366.9652141	130
3431	27931	254.9424895	118
3434	10492	2593.57076	73
3434	15069	2536.044517	74
3438	3601	1076.582753	48
3438	4644	1130.87671	45
3438	4778	1123.841499	46
3438	17043	1131.557518	45
3440	3704	947.8109222	115
3440	25127	1006.909203	115
3443	16799	592.2090276	54
3443	18302	651.6245583	55
3447	2263	2311.783206	89
3447	7415	2399.454277	87
3447	12917	2296.103177	93
3447	13617	2279.999207	93
3447	20061	2272.961293	89
3447	23668	2241.274679	91
3447	28116	2308.707275	90
3448	4015	1558.056894	100
3448	17540	1537.75125	101
3453	14914	1426.932255	52
3458	24989	4429.826787	2.527993006
3460	1	341.362994	145
3461	4538	551.846722	75
3461	12736	564.3407663	76
3461	17985	572.7966129	73
3462	22467	217.1380154	155
3463	15105	832.6519679	114
3463	15848	926.5682132	118
3463	16383	910.059006	118
3468	7750	1072.428612	72
3471	19327	1629.371739	70
3472	4536	464.1983917	107
3473	14275	212.4269752	196
3477	25378	224.4487783	210
3478	4616	280.5814804	140
3480	34	1694.424744	77
3480	3511	1568.072723	78
3480	4379	1669.010518	80
3480	11051	1486.565387	85
3480	11300	1647.889329	80
3480	19551	1634.263493	78
3480	23502	1583.448562	84
3482	26243	333.592899	88
3483	7114	4736.376805	64
3484	24360	546.2266703	141
3493	5785	295.9192185	178
3493	17251	277.134551	172
3496	514	795.1803294	118
3500	8077	1634.92814	80
3500	15692	1599.165556	80
3503	2996	569.3249194	118
3503	11973	635.5663494	109
3506	26770	565.1051757	158
3508	3530	2436.714671	87
3508	9040	2694.666992	84
3508	16417	2566.342357	87
3508	17984	2647.861108	83
3508	23006	2570.83218	87
3510	14073	998.2719682	80
3510	27441	957.5506784	82
3512	16003	422.2240117	164
3512	20166	443.8919075	153
3516	8378	336.9053475	111
3516	15256	362.403387	103
3520	3141	888.8670447	105
3520	5954	920.984127	108
3520	13191	918.9893678	113
3520	19132	994.1575638	113
3520	19324	810.5641286	118
3520	23962	979.0602605	101
3521	2305	654.2557199	147
3522	27685	358.4322876	142
3527	15762	920.7948503	131
3528	88	978.9661977	110
3528	16584	978.9661977	110
3533	20167	684.8143468	119
3534	5622	1153.826157	82
3535	20944	1356.332576	97
3538	18918	2524.196773	36.92365229
3538	20562	2497.930971	39.44033602
3542	11002	3024.388062	87
3543	8628	949.6521573	37.7441779
3543	14331	959.2955242	37.7441779
3543	18662	960.1106649	37.7441779
3543	25107	963.8591603	36.92365229
3546	8169	527.2227838	118
3546	11021	655.162182	120
3547	19126	419.0015497	130
3553	10460	886.8842471	49
3554	4572	1385.336635	66
3554	8765	1291.823107	68
3557	7975	1092.162946	58
3557	18468	1083.386031	58
3560	5798	2663.079325	43.0647448
3562	27375	1506.421188	57
3564	11752	218.2365517	176
3565	21242	311.533722	96
3569	5574	273.9281052	168
3569	8850	281.0196116	169
3571	1537	1865.883049	65
3571	5209	1847.165903	66
3571	27193	1863.148443	65
3583	13248	1203.274423	82
3586	11280	2071.585435	53
3588	19489	811.200229	135
3589	7055	354.2317076	168
3591	11547	606.3258115	90
3591	15592	606.3258115	90
3591	15778	734.3509814	77
3591	16106	708.5238327	79
3591	22315	702.8105275	82
3596	23574	302.5379671	136
3598	19283	886.461316	54
3599	2715	2330.860141	29.63817606
3599	3636	2496.735792	25.41173093
3599	3955	2567.91599	22.76709704
3599	17997	2360.342353	33.81608925
3599	18575	2413.671319	27.1437722
3599	23085	2464.921634	25.41173093
3607	2730	456.0886517	161
3607	23398	442.4650193	178
3608	6060	205.6585666	145
3610	16179	843.1538935	88
3617	22054	512.8457253	79
3619	8749	516.841504	124
3620	6660	253.3502587	165
3621	15356	1530.332812	122
3624	24008	512.8661692	58
3624	27041	491.0001723	61
3624	27208	516.2638118	58
3632	1364	493.8539046	156
3632	18390	453.3432966	162
3633	7289	1662.965657	14.99500512
3633	21229	1641.054289	15.32822746
3640	1662	984.0556815	76
3640	18330	991.4369246	77
3642	15608	597.3948463	108
3642	19537	600.2413197	105
3646	14638	212.4781316	200
3647	11550	377.7143514	123
3647	15579	449.0589936	116
3647	16830	393.1379845	120
3647	26821	377.9734874	123
3650	11479	1040.471542	73
3650	20645	1050.405141	77
3651	1927	310.6360228	205
3653	27503	1307.79323	67
3654	3749	1649.761933	72
3655	24445	313.559665	212
3655	27282	247.7220188	208
3656	7005	313.3184365	105
3659	3331	1196.861793	85
3659	18621	1131.871848	90
3661	5543	559.3701638	75
3667	2532	336.3117446	111
3668	18446	2856.62108	30.97006447
3669	4518	894.2675741	36.1209642
3671	21704	430.4443668	98
3674	5157	2223.206106	31.65828812
3674	8881	2264.184001	29.63817606
3674	10800	2228.808273	31.65828812
3674	14531	2329.861172	28.36356641
3674	17429	2202.128874	33.81608925
3674	20592	2313.609929	28.99386789
3674	25300	2211.267553	33.08095687
3675	26678	365.8276854	141
3677	16143	461.2922278	67
3679	6170	1361.725364	103
3679	15966	1246.169378	104
3679	23685	1237.020791	102
3679	26661	1211.622459	103
3687	24512	1118.956032	26.5536902
3690	19219	258.150444	127
3691	7429	407.0007928	25.41173093
3691	20677	388.7543503	28.36356641
3693	18325	2603.499423	47
3693	25066	2580.466055	43.0647448
3693	26370	2535.233545	43.0647448
3694	20594	1380.030443	27.1437722
3694	27012	1361.753561	26.5536902
3700	10376	1580.515345	92
3702	4334	2072.05848	67
3702	7673	1985.641708	72
3702	13948	1850.58999	75
3705	1980	206.5381687	140
3705	23141	259.9596512	150
3709	23722	915.896251	102
3718	12886	2481.048539	73
3720	3633	374.4725528	123
3724	9366	1598.113075	88
3725	4676	571.4798347	44.02173913
3725	8128	590.2764743	36.1209642
3725	16177	553.1316418	43.0647448
3727	15180	791.2705061	114
3728	26304	17464.29894	30.2968022
3729	14765	915.2043266	84
3731	14306	2105.693207	103
3737	6407	888.6630426	100
3743	10509	1216.105611	96
3743	18004	1156.593402	95
3743	23260	1099.49308	99
3743	27154	1182.261307	99
3745	2389	533.836988	80
3745	3263	491.8270285	81
3745	18536	486.0384376	77
3751	8387	758.4766496	28.36356641
3751	10669	889.1376477	28.36356641
3751	12975	842.9307952	26.5536902
3751	15625	888.4552638	26.5536902
3751	17229	902.6919635	26.5536902
3751	17338	844.1116836	26.5536902
3751	23223	832.45765	24.31888239
3752	22344	214.8387004	255
3753	19302	233.5790012	172
3758	12351	501.0193845	82
3758	22682	485.6770998	85
3759	853	911.7857187	158
3760	10858	243.1102693	119
3762	20521	1096.559396	108
3764	7447	441.2401303	57
3764	10160	416.9693631	58
3764	22083	416.8380181	60
3766	10016	257.1487079	211
3771	6511	1854.485096	48
3771	8760	2009.783205	45
3773	3124	396.0174216	151
3773	5551	539.9993705	131
3775	9997	440.7611663	112
3776	14129	222.0876348	140
3779	20722	1138.334212	101
3780	1857	2047.993654	72
3781	4856	226.9746821	103
3781	10072	190.0197216	116
3781	16321	216.4183458	118
3781	22460	221.4173324	96
3783	2715	2391.898195	23.27303253
3783	3636	2442.021856	25.97643606
3783	3955	2502.194216	24.31888239
3783	17997	2497.048726	25.41173093
3783	18575	2374.096791	27.74696714
3783	23085	2419.516258	26.5536902
3787	26747	489.2848775	100
3789	1156	304.9610192	94
3789	4333	256.5278233	131
3789	19309	310.6984482	105
3789	26941	303.3610531	96
3791	4959	292.3124865	163
3794	1551	345.3651063	142
3797	10342	616.5146129	129
3797	14713	577.5825922	134
3798	12270	509.8923186	143
3798	13651	437.42049	149
3798	16938	437.2923087	151
3798	22516	454.3087048	155
3798	25256	442.7910383	148
3802	22309	291.3123928	166
3803	19455	666.9281097	126
3803	20395	653.7970247	123
3804	2872	449.8989248	85
3804	20019	447.2007376	85
3805	18118	2668.042426	93
3805	21111	2685.63612	90
3807	9523	2315.57949	34.5675579
3807	11309	2268.085273	36.1209642
3807	16675	2235.80167	36.92365229
3807	27180	2296.185855	35.33572585
3809	13996	2418.606439	53
3809	19869	2416.079448	51
3811	11293	710.2693941	84
3812	25899	2075.154249	32.36180563
3815	28043	1869.162442	66
3819	18783	701.024084	131
3819	24900	673.1852922	129
3819	25170	684.1020515	133
3819	26134	877.1161253	120
3819	26610	896.9639121	125
3821	15664	199.9171221	236
3821	23187	186.4650974	231
3826	10308	335.6616674	150
3835	6938	270.4053895	161
3835	17194	396.7199485	148
3837	11791	491.7619067	106
3837	21955	471.2105601	111
3839	15269	891.8589178	153
3840	2444	1043.417836	118
3842	20379	437.2528	79
3842	27234	411.7505182	78
3845	21586	379.1887748	183
3846	17384	1303.909603	44.02173913
3846	19850	1297.384275	45
3846	27017	1261.37461	47
3858	24075	739.5239472	147
3859	3240	451.4228918	62
3859	16068	432.0996302	63
3862	5802	423.6368649	148
3863	470	735.7548254	65
3864	14538	181.5569567	147
3865	26149	633.1956637	138
3872	18218	221.5918689	196
3873	5108	3795.762761	35.33572585
3875	12162	322.99507	182
3882	4049	918.7433157	92
3882	27778	904.1765116	92
3883	18918	2516.407001	38.58293741
3883	20562	2490.328262	39.44033602
3886	10961	1382.354645	83
3886	18588	1356.176965	83
3893	8517	476.708888	142
3893	13569	477.4175738	142
3893	15930	441.3985004	149
3893	18248	455.8917696	139
3893	23117	480.0436698	141
3893	27969	419.6631614	150
3894	9187	224.9654469	158
3897	27472	348.495694	136
3901	9640	600.5432838	101
3901	16648	646.6446022	99
3902	4546	1403.086904	69
3902	16835	1407.776173	68
3904	15244	472.1626766	57
3906	10054	3025.019683	32.36180563
3906	11134	3029.619603	32.36180563
3911	12621	834.7594502	62
3911	23900	848.2658933	61
3911	25828	847.4919812	63
3911	26644	816.8574066	64
3914	12751	1252.767894	83
3915	6284	496.3602003	112
3915	23029	500.4747934	106
3917	834	1647.073196	72
3917	2474	1712.427538	69
3917	18174	1463.081765	70
3920	4996	725.2392552	69
3920	23609	789.727778	68
3920	26294	789.727778	68
3922	39	358.4322104	122
3922	5530	350.3444051	127
3922	6071	398.948043	124
3922	10854	268.4239525	143
3922	13454	257.4895339	143
3922	18021	345.8009318	143
3922	19089	320.6744947	144
3922	19927	245.3777868	142
3922	23366	437.8197861	133
3923	2040	240.7902539	139
3923	3053	206.00804	144
3923	6742	215.9443848	139
3923	7882	217.1591221	145
3923	8991	238.2601824	141
3923	9857	247.712751	136
3923	25616	250.4588381	130
3924	16615	1183.07425	105
3925	3503	648.2564621	108
3925	11559	604.159639	104
3925	12063	533.9800188	119
3925	14188	486.2591169	117
3925	17951	647.5909179	106
3925	21102	691.9312659	99
3926	6206	831.3106673	155
3926	15209	1073.096682	157
3926	19712	979.8570885	159
3927	11963	1793.721794	95
3928	2293	223.8284457	114
3928	21184	239.2357167	106
3929	1777	756.8175489	67
3930	16699	203.8225693	123
3930	23813	246.4799171	115
3931	23003	1027.914969	103
3931	27512	1130.429685	99
3932	18101	247.6255524	151
3933	20309	194.8425394	173
3934	486	1136.055412	61
3934	18859	1124.901074	62
3936	23113	498.6192778	40.31678793
3944	21025	319.026051	146
3946	7317	327.1176628	120
3946	14050	319.8340252	119
3947	9532	623.4899697	100
3950	13035	1607.333294	51
3958	1755	450.384948	131
3958	3906	428.3074631	136
3959	7352	662.3403357	113
3959	15971	659.9973814	116
3961	5856	2255.053924	60
3961	22209	2207.099888	57
3961	26297	2271.098491	57
3963	26351	274.0882085	127
3964	24014	188.5489131	194
3966	7621	1475.018141	47
3967	14095	957.3553732	88
3967	14796	863.24719	89
3967	16213	729.5767525	80
3969	6620	1400.302145	8.848282679
3969	26008	1363.819533	9.876102263
3973	4496	2050.240622	145
3975	5958	454.5365652	71
3977	7987	2550.157711	69
3985	5544	757.5376083	88
3985	10902	1064.546024	74
3985	19235	972.7393759	81
3985	20689	1041.059458	76
3985	24790	955.7664075	76
3985	27943	776.9711852	87
3995	3783	194.7436563	150
3995	19526	276.9923009	143
3996	24759	791.0923395	106
3998	7942	1820.840892	71
3998	13835	1771.236191	73
3998	19067	1774.110344	75
4003	10283	284.6496038	158
4003	12581	288.8217987	140
4003	28091	273.0261327	142
4007	12621	884.1713782	58
4007	23900	897.5270276	58
4007	25828	883.7662412	57
4007	26644	874.2401705	58
4008	17827	430.8021684	129
4011	7400	628.8824032	176
4015	5075	263.4133526	148
4015	17217	374.9817053	138
4015	22642	242.85965	144
4020	4862	504.1371235	182
4022	2137	2162.908192	122
4024	10922	522.5956768	140
4025	27664	2003.088439	81
4027	1110	309.9561715	141
4027	20876	336.9199313	126
4027	27686	334.4866153	133
4028	27579	874.201293	100
4029	9076	209.4968081	190
4031	12040	342.2860665	124
4031	24780	388.1731025	115
4035	18083	1663.125825	120
4038	2381	566.1318336	95
4038	16458	566.1318336	95
4040	12167	609.1376153	106
4041	2654	193.9064731	103
4042	22	2281.856892	30.97006447
4042	4877	2159.942323	30.97006447
4042	7797	2262.920778	31.65828812
4042	9196	2134.628319	31.65828812
4047	6063	1088.39857	102
4047	10931	1005.540202	100
4047	15273	1081.486171	100
4049	17637	203.5418218	170
4050	5135	1117.19843	56
4050	5837	1118.403594	55
4054	7463	469.5216519	164
4056	6050	1365.061998	63
4058	26721	807.2374781	71
4059	26649	1206.141573	91
4062	27968	244.1771085	146
4067	10109	631.9970265	71
4067	18017	655.7123741	74
4069	3310	649.5032361	109
4069	10904	509.5549532	125
4069	11157	666.3375082	115
4069	21608	658.8406951	104
4071	1031	229.2302875	120
4071	16504	243.5848277	111
4072	23765	951.0124565	118
4074	2499	882.3715377	132
4080	4400	367.8046131	164
4081	6299	3008.880878	34.5675579
4081	25245	3021.081049	34.5675579
4087	6307	493.1873274	95
4088	8820	1581.229943	39.44033602
4088	11917	1604.626854	38.58293741
4088	22149	1581.229943	39.44033602
4088	27000	1613.384876	37.7441779
4090	641	209.8804601	177
4091	68	536.2856653	109
4091	2650	537.9877266	117
4091	17829	559.8509851	111
4091	18543	511.1924718	115
4091	20777	567.6665567	109
4091	25308	486.8285627	117
4092	9798	3776.318897	50
4098	21379	2174.510742	88
4102	1033	197.4069657	171
4105	1285	2417.543974	70
4105	2712	2371.888258	71
4105	22275	2380.161376	71
4121	2953	296.1055262	159
4121	6426	224.5288992	162
4121	11171	310.622733	151
4121	11983	337.7182453	150
4121	17147	359.3017426	153
4121	23554	395.188498	141
4123	10157	2232.456458	48
4125	22462	406.0495407	69
4125	22577	388.3010366	74
4128	11718	575.5007594	84
4128	26574	640.7487858	75
4129	10311	2316.982459	46
4129	24932	2274.432132	47
4134	6998	632.8092798	99
4138	19640	268.1867835	172
4139	274	486.9448907	60
4139	5274	491.5958146	59
4139	27638	432.8098182	64
4141	15900	810.542467	71
4142	13705	1136.230785	100
4146	22493	710.3755093	114
4149	15321	786.3938341	55
4152	19022	325.4472334	86
4156	13182	516.3139951	113
4160	6437	434.4292081	201
4165	8917	208.0502615	195
4166	11327	950.5443962	142
4166	14595	869.3067669	141
4166	18755	932.7188945	146
4167	18041	668.2495117	92
4167	19614	910.928458	90
4167	24060	925.392705	92
4173	3426	3271.47863	40.31678793
4177	6160	365.0386369	111
4177	7454	496.8705464	109
4186	14230	246.0862858	142
4186	22500	246.0862858	142
4189	1018	204.8968918	152
4189	3386	259.9478226	147
4192	20331	382.4027994	122
4192	24461	402.8511031	116
4193	1668	1610.797298	73
4194	1869	1334.930048	79
4196	7598	3145.960856	41.21271655
4198	786	412.6459448	135
4198	3421	340.7139941	145
4198	5429	384.8977422	144
4198	8161	384.7167815	137
4198	16787	356.274937	154
4198	17180	403.4893335	140
4200	2438	271.9298216	129
4205	8541	219.679691	158
4207	8375	928.6811611	101
4207	12744	922.2629866	101
4218	15941	3668.611115	102
4219	15015	1018.693095	146
4223	28082	539.4944998	131
4226	26050	479.0609465	164
4230	8916	717.3011816	102
4231	4702	790.5348172	125
4234	21868	606.3186127	151
4238	25130	1246.30142	82
4238	27466	1211.680003	83
4241	11743	230.4847533	124
4242	4755	505.1089223	79
4242	14276	499.5361728	77
4244	2051	689.9005731	181
4244	24256	694.1224186	171
4245	23815	404.2042649	151
4249	270	597.5995558	96
4249	421	587.9860804	99
4249	7789	499.1271226	97
4249	8012	597.0803755	96
4253	23108	287.213979	77
4253	23198	192.8346189	90
4254	13696	420.1854477	107
4254	17710	722.4057917	101
4254	23516	722.4057917	101
4254	26427	452.7969444	111
4256	11306	273.0040233	157
4258	15323	855.9307818	130
4260	1002	250.3118808	178
4263	3716	1230.389098	32.36180563
4263	20425	1233.391855	37.7441779
4265	209	432.1782487	175
4265	13392	528.9071269	176
4265	23522	570.553638	171
4265	26492	563.1275301	168
4265	27201	512.632097	160
4265	27364	573.8918693	173
4268	5387	229.3431107	157
4270	1312	210.5020957	118
4270	8072	214.1544659	108
4272	24062	1067.141555	109
4286	12960	246.3100847	191
4290	22917	967.8893564	124
4293	21504	495.0061189	139
4299	6760	1785.077028	47
4299	9740	1928.927158	43.0647448
4299	18486	1947.105635	43.0647448
4299	25593	1804.891977	46
4299	25607	1785.077028	47
4299	27721	1899.28462	43.0647448
4302	14402	490.4061949	113
4304	7225	774.4955319	54
4304	20032	706.8353744	60
4304	21781	784.5249946	52
4305	1525	337.9663144	125
4305	15317	352.8975224	123
4305	17458	291.5789681	148
4306	1880	826.5527121	64
4306	8585	778.9849035	65
4306	17415	821.0488771	62
4311	21939	232.797565	125
4314	24042	748.2488187	71
4314	25410	785.5744615	69
4314	27538	789.7192015	66
4322	4376	861.7884075	119
4322	17142	895.1248154	117
4322	19681	890.3917946	116
4322	22198	873.946346	118
4322	25417	953.9118207	117
4324	13397	501.1326841	140
4324	16880	547.4103736	138
4325	2161	217.4131667	177
4325	16490	255.3251466	169
4325	24415	207.5573671	183
4333	775	797.5840665	132
4333	978	815.1012211	135
4333	4445	782.6873865	136
4333	6531	835.9957156	134
4333	11435	926.0462388	130
4333	12161	926.0187191	135
4333	13785	848.2861626	133
4333	26746	900.0541349	127
4336	26457	633.2152956	115
4339	10888	3028.28954	96
4339	14657	2641.373142	98
4340	20129	1352.917071	93
4345	20036	1204.63979	70
4345	22105	1215.127464	70
4349	5540	353.3269173	147
4351	1218	571.8994739	116
4352	5338	1201.301416	82
4354	10628	391.1512699	113
4362	15311	430.8923962	91
4363	22074	206.911154	118
4364	16611	1299.726456	95
4366	12874	215.1894608	183
4366	20290	182.0944596	183
4368	10761	593.1490248	157
4369	17341	357.606247	181
4369	25653	379.1821334	171
4377	10823	2290.772201	102
4377	15954	2351.312806	99
4378	8874	865.3061385	104
4380	8946	194.0936547	107
4380	24469	189.953126	108
4381	11586	224.259133	130
4382	22175	879.0472896	95
4388	17035	237.3636081	144
4388	21596	264.9509493	145
4390	23974	3044.067388	34.5675579
4393	27494	2403.848459	75
4399	7728	380.5094237	132
4401	24239	363.9394264	82
4403	8725	355.4664154	143
4410	23183	1390.134483	137
4415	23229	4465.658323	38.58293741
4415	24927	4512.197507	37.7441779
4415	26395	4426.71374	39.44033602
4415	26677	4435.914006	39.44033602
4416	4294	964.270187	74
4416	21404	1000.740251	75
4417	401	3232.283359	47
4418	20423	2487.417427	72
4420	1892	1162.497907	109
4420	7518	1110.015178	109
4420	19174	1010.274077	113
4420	23470	1129.739536	110
4421	22166	3625.214408	68
4422	13460	1496.580183	148
4422	23585	1502.229125	147
4425	1663	240.5699256	169
4425	6769	227.510573	169
4426	777	1287.89916	42.1285547
4426	17045	1300.527926	41.21271655
4426	19651	1327.920896	41.21271655
4429	12227	866.8053733	130
4430	2023	423.0469338	121
4433	7247	1907.018891	67
4435	17374	1008.299794	97
4435	21589	985.1140187	98
4437	26920	503.4562643	192
4437	27224	503.4562643	192
4439	10675	350.7413422	124
4440	8054	1264.223704	79
4440	8959	1273.147009	76
4441	5869	1978.444411	106
4441	6459	1817.389378	116
4441	8286	1938.723954	106
4441	13887	1877.586146	113
4441	15294	1798.870959	115
4441	15796	1782.049309	115
4441	20076	1780.679148	121
4441	24740	1805.434837	117
4443	6292	1728.555232	106
4444	22097	2585.083139	70
4448	5632	2499.959021	46
4448	12515	2406.31037	47
4448	20687	2503.040496	45
4452	1460	1823.594196	23.79021103
4452	7135	1715.299904	28.99386789
4452	10504	1757.737913	27.1437722
4452	10932	1774.249265	26.5536902
4452	13030	1726.388588	28.36356641
4452	17472	1667.53696	29.63817606
4452	20388	1808.835884	26.5536902
4452	20979	1731.804856	26.5536902
4452	25869	1710.752159	28.36356641
4452	27322	1704.518569	28.99386789
4454	12871	441.1737629	185
4455	9686	376.5149727	154
4462	5616	1780.87753	117
4463	21132	1506.757996	68
4473	12103	984.1029388	75
4478	17268	344.6650393	166
4480	2797	498.5939032	172
4480	8394	513.5536069	170
4481	25435	762.6116231	71
4486	9990	600.5340075	162
4487	11188	386.1486224	104
4489	19413	878.2450683	58
4489	27918	857.3811914	64
4496	2762	376.4801618	54
4497	20132	314.6533724	205
4500	25728	364.805058	154
4509	15261	813.7376821	113
4512	2621	519.8428724	109
4512	15752	519.9839357	109
4521	5534	1720.366177	42.1285547
4521	12405	1721.220701	42.1285547
4524	23478	1416.002368	59
4527	7838	453.2003581	195
4529	5279	1980.595792	80
4531	5972	950.216138	50
4531	13713	889.893431	51
4531	24446	928.3840352	52
4532	18105	4400.843629	67
4533	90	2083.531277	63
4533	2330	2044.862633	64
4533	5053	2074.684154	63
4533	25719	2062.616076	64
4534	5244	192.9115202	151
4535	18381	1119.679112	104
4537	11129	563.497338	111
4538	377	509.7243912	108
4538	18883	503.8789492	103
4540	17980	252.7770127	149
4548	5824	1343.763308	90
4548	6445	1349.418169	90
4551	8755	2565.940558	83
4553	18401	1468.9142	60
4553	20396	1401.3236	59
4558	26410	207.2594899	207
4559	5248	191.4367762	202
4561	24524	404.9483904	115
4565	13377	310.074432	171
4566	13999	1839.176112	125
4567	3290	832.48885	144
4567	6198	891.2423279	128
4567	6291	802.2092616	137
4567	7368	895.8093606	128
4567	9618	963.3518264	123
4567	10764	854.1197507	134
4567	21453	1076.547986	119
4570	21562	470.2696444	83
4572	1395	487.8144126	54
4572	3549	486.7903505	54
4572	18484	470.1454109	56
4583	15746	827.6461187	134
4584	5062	477.2260802	107
4585	11798	1439.895273	88
4587	4156	752.0117617	121
4588	20659	404.922651	80
4591	287	622.1046921	69
4591	3662	655.3590953	65
4591	10979	642.4098567	66
4591	19632	661.3209709	63
4591	21621	622.1046921	69
4592	3969	255.2207484	121
4592	4944	250.7515066	102
4592	12023	333.5261042	94
4592	12345	258.571853	106
4596	10536	183.5668792	221
4597	8245	362.5384494	214
4605	2518	9262.202776	49
4607	10636	1533.334901	62
4607	22588	1555.141246	61
4608	2152	1137.920917	58
4608	12084	1188.586059	54
4610	10002	1064.919427	51
4610	20478	1071.101017	51
4612	15191	1075.994413	96
4613	17119	406.1758578	123
4613	17333	470.6427814	113
4613	20483	456.7425978	110
4617	12645	403.456586	215
4618	820	730.4257761	33.08095687
4618	22595	743.7585646	31.65828812
4618	24176	730.4257761	33.08095687
4620	7439	1896.638416	118
4620	16883	1519.539933	114
4622	8606	333.7250371	114
4623	18794	297.822123	134
4625	5923	674.045844	111
4626	15464	370.3151453	181
4637	26250	516.6153355	119
4638	19902	2212.598364	116
4640	10385	851.4062437	48
4642	27791	1881.386867	108
4649	19649	304.9244849	69
4655	6920	1187.843775	57
4655	26042	1174.668685	58
4657	27772	1130.613996	89
4658	10711	1695.788874	68
4659	12133	1910.749613	101
4659	12652	1778.544972	112
4662	6572	233.1656999	68
4662	12247	213.2517635	73
4662	15153	232.5898238	71
4662	19666	237.8846399	69
4667	7679	695.1598822	109
4667	8780	673.7584246	113
4667	12469	471.1082162	124
4667	14950	680.0563964	112
4667	18280	673.7584246	113
4667	26455	680.0563964	112
4668	24864	1002.251304	107
4670	2880	3042.965003	86
4670	21563	2847.640819	92
4673	16074	1179.816524	89
4674	1830	780.2485004	97
4677	16115	3078.040882	104
4680	5689	756.8855931	57
4680	24616	754.7779176	57
4680	27483	369.1595554	62
4682	9800	873.3095221	154
4683	2487	517.0976476	116
4683	8545	380.271455	125
4684	8208	4068.591959	83
4684	27283	4055.994961	84
4687	2480	665.4868666	161
4687	10269	556.888586	167
4691	8557	594.618394	116
4691	14187	594.618394	116
4691	17634	664.8402576	106
4692	19536	294.424955	132
4693	4147	1145.233392	95
4694	4469	885.4768855	87
4694	4726	740.7730678	90
4695	13595	285.0318172	152
4695	25692	278.2416268	151
4698	15903	358.0121301	57
4698	20432	370.3113678	55
4713	19036	1029.928801	104
4716	15590	574.1353761	108
4716	15710	636.9642778	101
4723	15399	1726.244733	50
4723	25659	1719.475286	52
4723	27584	1704.052466	53
4724	8598	981.4667114	73
4724	14409	984.6692796	66
4725	12529	627.359644	79
4725	12592	611.5260773	83
4726	2160	608.0200565	93
4726	18913	602.676731	95
4728	6008	582.1500203	144
4729	10903	448.6664306	154
4730	940	4859.575076	56
4738	425	1508.629832	90
4738	3162	1538.833017	88
4738	13153	1649.295952	86
4738	14096	1658.087216	85
4738	16913	1464.037554	88
4739	3993	251.3287317	153
4743	18061	1329.477133	39.44033602
4743	22579	1338.009346	38.58293741
4746	19082	2745.498068	59
4746	19475	2723.381083	61
4748	16494	3144.298774	90
4754	7657	804.0367773	55
4754	13963	807.2963649	55
4759	20696	327.7454369	146
4759	24081	382.8412328	146
4759	27639	390.5923684	152
4762	2445	2855.776982	33.08095687
4762	10080	3036.066689	28.36356641
4764	15055	1131.914601	150
4775	12962	1798.575372	48
4778	11750	2381.824171	43.0647448
4780	12178	1762.232316	114
4781	21158	1424.155801	82
4784	2566	222.0048926	130
4784	5784	244.7467011	114
4784	13070	193.7519314	135
4784	13270	230.531291	117
4784	15840	237.3998735	122
4784	22791	266.8853871	110
4785	24154	674.0205367	70
4785	26030	682.965426	69
4788	661	1679.620115	39.44033602
4788	8909	1682.330232	38.58293741
4788	12156	1679.620115	39.44033602
4789	12471	2274.875665	60
4789	21932	2353.722759	57
4791	2463	2458.055719	106
4791	8160	2906.419891	106
4791	9718	2805.80731	112
4791	10584	2971.929414	111
4791	10863	2920.516143	111
4791	17387	2874.006542	112
4792	13132	192.5123468	312
4793	6418	312.1094679	92
4813	2865	595.6424207	71
4813	12081	565.8098984	74
4816	20291	1122.754291	105
4816	20637	1213.398719	102
4818	9364	677.7098565	118
4818	23297	748.5088887	110
4821	16781	2153.478056	82
4824	24171	260.6413161	210
4832	10893	303.8760818	134
4832	19033	294.852717	137
4840	8108	477.6730569	65
4840	21842	541.7290756	60
4841	21500	3183.248855	31.65828812
4845	11583	1273.084917	113
4847	8165	3629.327073	26.5536902
4847	23027	3592.574253	25.41173093
4847	27277	3643.845656	25.97643606
4851	3405	1014.279498	42.1285547
4851	9499	1011.638553	43.0647448
4851	23201	1039.697196	50
4852	16114	2334.905935	80
4852	20936	2334.905935	80
4853	1994	1296.282164	120
4853	4258	1222.594512	126
4853	6592	1267.992828	128
4853	9890	1244.974178	125
4853	13402	1286.97437	127
4853	16867	1259.459348	132
4853	21321	1266.44183	130
4853	26221	1275.283637	124
4854	1656	660.7062268	184
4854	10603	660.7062268	184
4855	8726	1040.721595	162
4856	21250	1098.398848	130
4857	405	555.9189772	117
4857	16474	555.1516886	113
4859	13280	2186.990497	56
4859	16398	2150.244073	58
4859	17690	2195.08863	55
4860	1844	2363.145253	60
4860	5555	2384.877666	59
4864	5535	1093.363175	32.36180563
4865	4581	1098.231855	25.97643606
4865	9566	1100.261523	28.99386789
4865	15653	1110.317182	28.36356641
4865	22340	1089.672393	29.63817606
4868	1184	591.1432245	172
4868	3593	486.2303524	178
4868	6491	501.7275408	181
4868	15067	511.7996796	181
4868	18950	596.1407928	173
4868	23231	513.320046	183
4868	25921	562.123011	174
4869	16333	1395.204805	93
4873	24984	323.3213289	97
4874	6461	237.8982234	156
4875	1770	702.7329006	35.33572585
4875	14268	698.6513745	35.33572585
4875	16360	698.699106	36.1209642
4876	12478	2985.581662	46
4886	7522	1006.464915	59
4886	15834	1007.401878	61
4890	22	2298.306158	33.81608925
4890	4877	2187.281715	35.33572585
4890	7797	2308.632917	32.36180563
4890	9196	2166.316727	36.1209642
4891	5929	407.1307262	130
4891	17388	452.9635701	123
4893	152	1247.167997	153
4893	27630	1317.458239	157
4896	17910	829.6502415	107
4900	49	911.9181368	136
4900	9808	905.3041039	129
4901	20668	460.071249	150
4902	22971	672.8643806	98
4903	27974	1343.951552	110
4905	23521	457.779967	144
4910	10857	226.1474716	180
4915	8967	791.4452743	101
4915	23790	750.7063605	104
4920	2933	1714.095543	78
4920	3446	1738.235335	78
4920	3981	1671.893988	82
4920	9970	1682.336222	82
4920	27202	1696.291102	79
4921	14775	958.9837466	95
4921	27148	925.8601561	96
4924	14619	2030.330586	61
4924	26621	2053.069616	61
4925	875	2488.675771	49
4929	26888	728.9051203	84
4931	3681	2936.626031	106
4931	3954	2835.540367	103
4931	4324	2875.91775	107
4931	4631	2926.825416	108
4931	14965	2965.214463	106
4931	16069	2616.291982	111
4931	20969	2939.170172	104
4931	23452	2855.603648	107
4932	7435	962.6217697	106
4932	15460	1001.180182	111
4934	23874	319.7531984	70
4935	19199	380.6894451	131
