3	4231	743.8647303	129
4	10775	1661.386189	54
9	1041	590.9430006	133
10	10820	625.0291427	132
11	9646	946.4142674	108
13	4967	632.0747127	80
16	4220	506.4005607	138
21	8874	953.0262729	86
24	2010	1307.200292	141
24	8768	1709.151027	130
29	6040	1762.602285	27.74696714
30	773	1433.420791	19.09611913
31	3635	436.9635227	66
31	5005	290.2438951	73
36	3329	258.457807	155
41	8067	320.1004035	153
43	1288	373.8905136	123
47	1802	1299.053405	50
52	4528	2776.306034	53
53	1812	318.3820096	138
53	6015	345.8988683	123
53	6764	392.4646712	115
53	8256	390.4695709	112
54	6176	429.5291092	71
55	2415	792.4400775	96
56	5451	2903.274072	36.92365229
57	9412	874.5820225	109
59	4375	852.958007	71
62	7263	1456.81005	71
64	8060	310.7377942	140
65	4470	202.9346565	228
67	2909	494.8459038	56
70	3850	715.2292005	112
71	1172	927.7666491	70
72	5537	1489.554735	137
84	10456	855.3569688	19.95426572
89	8822	1944.668081	73
96	5167	850.125402	124
97	2299	1214.666805	91
99	11808	1032.852281	99
106	2862	1262.40665	89
107	7798	299.2270607	173
115	7184	1111.772536	95
117	2232	563.1570635	104
119	8701	814.1995938	67
120	3444	483.3628807	60
122	10860	272.4037249	125
123	9007	2028.277517	53
125	8897	1210.307082	97
128	10867	346.4645899	147
136	7609	2790.659391	68
137	2238	618.7370475	71
138	4359	817.8567101	115
143	6938	849.4439141	59
145	3860	950.3264346	30.2968022
147	4746	770.2045323	123
150	4790	1140.925127	66
153	107	347.8611056	250
158	11627	272.529643	181
161	11223	724.987601	113
165	7870	1225.762585	27.1437722
166	5548	246.6181038	74
167	4550	254.8060326	106
168	3927	453.7665117	145
173	3916	1454.202538	47
179	3537	2012.653879	52
184	4858	1470.882651	21.31433096
184	5243	1522.197824	19.52047734
186	1930	567.6223853	52
193	1623	1000.629501	69
197	2606	232.4710403	193
200	11429	615.7547038	108
206	66	255.8237973	103
206	5815	271.6606384	99
209	2741	2028.385631	124
218	9498	281.4071471	165
219	4222	347.6370531	129
221	9727	2286.667591	71
226	7467	2013.799302	67
227	1774	1450.152644	58
236	11768	1722.955475	80
243	11061	436.7537901	156
244	9738	879.3704285	108
244	9964	677.3452467	111
246	5394	1038.536651	96
252	10578	554.0305156	182
257	6998	409.8648905	107
259	8611	807.7557097	92
263	4975	1449.232293	67
267	1726	948.1681096	72
268	8879	894.0755822	34.5675579
270	3014	287.0005126	124
271	8648	651.1536784	79
272	4335	293.5064668	127
275	3617	2315.654877	49
279	9144	2386.833904	42.1285547
281	10591	272.0031657	69
285	1998	961.4092352	118
286	11514	742.4473638	61
287	1953	285.2573359	130
290	330	331.4430395	68
292	321	271.6253606	135
295	4517	647.0723649	97
296	10059	1077.938513	102
302	6594	702.4410632	115
308	9001	3105.896719	24.859302
310	1115	571.9006148	94
311	6176	415.8163594	70
314	1789	1416.24658	68
324	8041	357.654761	141
327	10871	1014.825994	95
327	11488	1279.826283	89
329	4442	2358.08622	68
330	3040	246.6622647	187
332	9767	2091.021821	48
333	8690	355.2695108	79
337	1131	277.9775973	117
337	4733	273.8714255	121
338	8329	339.3594362	96
339	6313	565.1851132	200
340	10976	3000.363565	72
341	637	460.841545	93
342	1448	459.4555445	47
345	2694	731.7606136	88
349	6798	822.6861061	138
350	202	985.0749512	89
351	4828	1662.625854	49
355	7575	711.2632993	96
355	11920	745.1743709	94
357	4715	1809.513765	77
358	720	513.4935435	111
361	324	338.2462533	168
365	1433	2095.755976	61
368	9438	231.7122124	195
372	75	327.3611865	162
373	1490	1042.9914	102
374	3133	1328.874546	87
375	10847	1276.168633	97
377	4164	257.4403593	162
377	11031	269.9928431	155
377	11066	203.7130191	164
383	3482	649.4085639	83
383	9852	631.0300552	74
383	11634	728.4335963	71
384	5765	236.9037855	122
392	3711	808.451897	106
396	9977	795.4215397	49
398	2750	1830.916803	78
399	8885	199.3066927	120
399	11628	225.1618323	121
402	6140	590.7616182	134
404	4680	1135.257844	53
407	3047	3235.840346	44.02173913
408	9937	797.2547583	115
411	3166	528.810686	107
411	4165	486.432085	124
411	6014	461.5601725	126
411	7272	472.977891	117
411	9306	472.977891	117
411	9543	461.5601725	126
412	3590	204.5364684	160
413	4590	2556.895743	36.92365229
421	1434	194.7162707	211
422	1075	2186.268794	79
423	9395	837.3850627	56
426	532	2066.43081	99
432	11311	1459.261357	57
433	9174	699.7160645	104
435	178	386.3372213	117
436	9953	197.0802522	139
437	10760	921.7529806	128
439	9077	381.4177251	136
440	4112	406.7846056	151
446	6151	597.4520075	143
450	7315	449.3805651	125
452	10306	2797.861392	56
453	5848	3123.558989	78
455	6157	637.7647355	71
456	2737	1053.927629	121
457	11336	677.3528604	117
458	8851	363.9608748	120
462	9563	647.9284785	79
463	3076	2330.228723	113
463	4779	2049.535922	108
463	11937	2257.413098	107
469	5740	270.30726	94
470	3956	1379.409306	31.65828812
471	4386	338.853938	62
472	9683	2209.733413	57
475	4855	408.6626844	99
475	6054	303.8809959	122
483	7311	1229.31409	49
489	6192	649.3150359	133
493	2502	778.1968863	127
499	2923	657.0313009	103
502	6921	5897.279142	74
510	3698	1242.677435	127
511	5109	196.0949698	173
517	5895	1459.016881	35.33572585
520	10612	2484.641535	61
522	7842	991.1467428	101
523	11545	1326.11929	101
530	6060	4508.138897	58
535	4749	2231.473853	30.97006447
542	964	1025.929373	53
542	9322	1020.224063	49
544	1986	1359.821715	27.74696714
549	8377	559.9882701	96
567	4642	2700.595468	45
574	11333	2364.001688	73
582	7905	279.2621402	183
583	5337	2464.000599	57
585	332	609.5904368	123
587	6516	883.5892664	67
591	3251	2228.155298	55
593	5215	259.2313169	167
596	10738	1645.600691	77
602	4290	210.583533	136
602	4489	241.4686152	122
607	10917	504.5464148	113
610	797	662.2520522	57
611	10587	947.4288449	99
618	2883	1216.112474	63
622	10752	205.1900471	172
625	2349	588.3913047	113
626	7209	3918.849109	74
629	2180	502.0779812	75
629	7668	600.0012078	75
629	10995	702.3105429	62
631	8345	603.83422	95
635	11044	490.8617784	186
639	1041	816.7232107	128
643	4828	1657.665274	50
644	11260	364.7040047	171
645	10441	1236.83261	93
647	3761	527.1258845	148
651	8147	328.0026232	74
656	631	879.2393399	154
657	1128	539.1861715	111
662	6166	870.9040462	99
664	7497	2015.690045	50
665	10469	664.4995342	115
667	3070	528.0337483	61
668	517	638.1308852	198
672	5621	2107.777477	53
675	3855	1016.543266	77
676	7709	781.6543315	84
679	8435	322.0182312	80
681	11266	3166.139515	55
687	9997	1520.623822	72
690	8171	647.768674	118
694	634	500.0645912	88
697	5394	1093.05157	91
698	2670	320.5142884	135
699	7177	665.9787753	36.92365229
702	11716	326.570813	105
705	9026	268.6539297	188
708	2450	587.8883027	126
708	2482	415.5008357	123
710	6530	204.2673758	176
711	1021	222.20309	54
714	7708	402.4822477	122
718	5104	316.3830596	137
724	2572	6556.990592	87
725	7019	621.3098119	68
726	6663	2692.881967	68
727	1168	516.264098	159
727	3623	611.2428038	164
728	299	4020.275028	72
730	4845	483.1023409	105
733	2654	2270.902697	94
734	4060	1440.386047	138
735	450	207.180398	145
737	6505	983.1055413	39.44033602
738	7044	1230.315659	33.08095687
739	8716	1110.348291	39.44033602
740	2502	771.3412675	132
741	8526	869.8863864	70
743	4983	312.0431603	74
744	1846	717.525053	102
747	11905	321.1820883	98
753	9428	664.9389054	118
758	3080	689.4938436	45
759	6676	1283.554494	93
762	2797	994.9179791	90
763	1476	1779.317296	101
765	637	459.9334242	93
766	1434	218.4044599	210
780	569	572.4683273	110
792	7504	534.5630007	109
793	9686	448.3216206	105
796	3614	1021.661867	36.1209642
800	3402	251.3928064	151
802	1805	1552.27631	99
806	493	1817.97387	97
810	1843	3599.55722	50
813	218	265.7980884	199
814	7304	769.8110318	56
815	801	444.8236537	118
815	9278	621.8879283	105
816	11642	781.3568799	82
818	717	1092.718905	117
820	11023	993.1133419	89
822	6614	601.7418628	167
823	9908	1264.076736	84
826	3130	626.7714969	110
828	10406	395.5333773	144
829	8153	625.9830857	30.2968022
832	3924	2029.065346	112
833	4597	1237.20761	114
837	5253	1142.186084	53
843	2010	1453.360168	133
843	8768	1863.472045	130
848	4782	349.848569	122
850	3553	413.7780493	224
851	1836	462.1285279	66
855	11199	1128.052547	131
856	2505	1835.022031	47
860	6565	1575.997751	74
861	5465	1024.863134	100
863	6631	507.6493196	132
865	11097	569.1685699	130
870	6278	283.6713324	180
871	4642	2714.006715	45
872	2235	366.07817	104
873	10429	228.4791721	148
877	4110	3384.22113	25.41173093
881	2835	857.6257689	108
883	1263	1411.233426	93
886	6853	315.8600413	245
890	751	1865.946877	51
894	5342	1296.34152	69
898	356	786.6748241	114
901	106	3111.258226	31.65828812
906	9624	782.153111	102
910	4110	3375.392836	25.41173093
911	6635	1219.253272	93
914	296	1105.604995	95
915	7716	270.5896254	76
916	735	285.191514	96
918	713	1128.760019	85
919	3448	309.9524956	129
923	8947	1990.950748	103
924	1830	1696.049615	97
926	7481	1360.36246	66
929	11039	451.9183496	75
931	3721	190.9573517	196
937	1307	436.6995443	109
942	2673	357.9562624	83
944	2958	1145.857391	44.02173913
945	5811	594.9286641	60
946	1657	401.8520117	128
946	5861	404.9756809	137
947	10016	628.6874224	87
949	1633	748.6600255	130
950	10537	1280.246822	62
952	2216	3086.157728	51
955	8100	943.6882292	101
957	7693	341.9800978	68
959	1620	856.2645483	149
961	10273	2338.852859	48
962	1137	745.4589157	84
963	4269	364.2860628	167
972	6922	378.2109346	52
979	6905	1324.617711	97
989	9117	535.4369392	73
991	8477	221.8515518	75
997	5439	282.1728851	114
999	10351	875.9121569	78
1000	1324	571.5889014	136
1001	6516	838.6450357	70
1003	7176	246.1433709	235
1005	8881	189.087821	186
1007	7781	1135.799561	63
1008	5875	568.4959207	106
1013	6771	925.4307196	102
1016	2707	1059.138506	135
1018	2701	3471.312839	50
1021	3975	490.092086	108
1026	1219	437.6782667	115
1027	6328	256.649453	139
1028	6521	1243.062301	31.65828812
1031	5378	897.8392864	36.92365229
1032	3730	533.036998	149
1033	3943	655.1219189	53
1036	9856	873.9638128	121
1038	11262	2137.514231	47
1042	9864	305.4511434	186
1043	7707	601.1598037	102
1045	6273	1891.961258	64
1046	11368	386.8963476	149
1048	5554	709.0642111	115
1048	11053	805.9869399	112
1049	10397	993.3181477	107
1052	7909	270.7759689	144
1053	5203	787.1858972	122
1054	9455	318.0090443	58
1059	9206	337.5865915	142
1060	11862	1020.511502	130
1062	3508	605.2706053	139
1062	6109	821.1517837	121
1064	4103	302.8929297	108
1064	5670	394.3960547	91
1066	2369	1119.978702	102
1071	8554	380.5279884	40.31678793
1072	7659	549.0723085	109
1077	9167	1513.055542	70
1079	555	3214.946878	101
1083	7296	1146.151371	82
1084	3553	244.0243142	236
1090	8761	873.853859	48
1092	5834	2900.735239	52
1095	3053	2195.120796	72
1098	11860	813.8945527	93
1100	280	1596.223933	50
1102	413	2406.399891	50
1104	6306	2047.575753	105
1112	9111	682.5844894	176
1115	6526	185.0498787	158
1118	11035	858.4185714	121
1120	5512	1105.097823	53
1124	3909	433.0762312	104
1129	9237	655.3990093	119
1137	7978	805.9011009	93
1140	3408	1233.813679	91
1143	7179	800.2657767	61
1147	2158	204.420507	93
1148	8048	512.0046885	122
1148	8263	261.5199751	138
1149	10356	454.4598751	117
1151	6712	1399.505746	70
1152	10768	1956.075746	69
1153	7852	584.5559223	43.0647448
1155	2974	918.6768626	50
1163	8743	416.3347323	139
1171	4400	1487.014382	60
1178	10949	194.2687853	132
1189	431	269.4215962	99
1190	9076	468.2610932	140
1193	2106	1601.67168	82
1193	6551	1650.990128	76
1195	2610	197.7092162	163
1196	5645	655.8209562	86
1197	651	1652.971558	82
1198	3750	2266.72097	73
1199	2042	551.3801319	140
1208	9862	984.3359268	158
1210	11373	423.1775037	184
1216	8379	1034.482022	95
1225	1502	960.3706671	168
1228	9152	438.2943619	98
1229	4773	703.6969452	103
1230	6238	971.2332465	115
1231	10834	2684.099126	56
1237	8647	1052.87327	101
1239	10889	394.4934419	113
1240	5118	728.9295456	82
1241	9053	1400.599446	89
1244	1399	1711.764093	77
1245	1842	314.6734165	118
1249	6353	1106.268753	45
1250	7926	1619.438879	99
1252	7590	481.0067322	83
1255	10394	1119.760828	127
1258	11725	417.8412394	132
1264	5292	1335.193329	58
1265	8784	2357.029678	44.02173913
1267	6519	486.05616	131
1269	3228	435.9210809	57
1271	784	1203.150775	115
1273	3891	758.9755683	130
1274	1731	864.4633263	33.81608925
1274	2162	941.4607519	43.0647448
1274	10585	1053.234358	32.36180563
1275	7307	552.0961055	109
1278	7179	751.3275935	62
1280	7110	1382.253332	67
1284	2045	717.2690781	141
1285	8967	348.2796534	90
1288	3218	796.3792382	105
1288	8396	835.5342769	105
1288	10526	903.4923025	96
1291	9916	261.2603255	197
1292	11678	2488.535711	98
1296	9872	785.3346822	181
1297	4380	1430.45817	99
1301	7190	916.4418165	81
1305	1873	347.5176134	121
1306	7671	545.9569352	130
1316	2894	6310.326102	123
1320	10376	275.3908935	164
1321	11479	2483.159071	84
1323	5044	2112.868182	65
1327	3056	832.4603226	51
1327	3786	837.245415	51
1335	7433	1039.808609	149
1338	10148	811.9034969	53
1340	438	759.3060008	149
1341	2409	1007.502493	71
1342	5910	309.5819199	169
1344	11574	2775.645998	93
1346	9178	551.3761159	99
1346	10058	603.0885324	101
1348	1242	551.9961951	52
1350	7939	217.8146982	150
1352	8334	539.637882	135
1355	2018	330.6115705	203
1357	1236	541.3984242	101
1358	6811	267.6227398	233
1359	2241	1306.603649	70
1360	9143	1264.232746	97
1362	8044	1221.974675	94
1366	3595	800.1384771	66
1367	4142	202.1685341	155
1372	11075	800.0118735	112
1379	730	455.7733571	156
1386	1926	677.5985595	27.74696714
1386	9392	666.7955505	30.2968022
1386	10758	662.6645732	30.2968022
1387	9450	1077.59448	109
1392	8547	2115.141615	82
1395	2871	251.2212648	158
1395	4015	229.2470472	177
1398	9756	360.7807522	137
1398	9955	278.6781438	143
1402	10328	1505.450525	81
1405	2520	595.0445564	76
1408	7866	1208.496062	34.5675579
1410	10465	447.4352599	124
1412	11560	1199.666191	145
1413	2889	1036.141963	137
1423	1929	696.5230948	85
1425	3525	404.750346	31.65828812
1427	3148	1723.58779	71
1428	6247	522.7987465	120
1435	7322	1646.264668	75
1439	3669	2816.402859	83
1441	519	867.7700353	47
1442	7232	1235.970742	118
1446	2325	604.6236873	112
1447	1721	1747.580337	50
1450	6901	786.8468079	110
1452	5913	742.0813657	66
1453	3604	968.7009057	62
1454	8632	278.9853547	139
1456	3364	574.1835576	61
1459	11566	1433.038383	140
1461	11325	647.6808809	101
1462	11178	528.9490224	63
1466	5340	1561.569284	67
1468	2856	715.5660174	91
1469	7016	1449.499198	98
1470	11856	770.5140448	87
1472	1926	1139.07705	19.95426572
1472	9392	1087.378145	23.27303253
1472	10758	1025.837482	26.5536902
1474	7716	301.4562764	67
1475	326	200.4468058	225
1478	2168	897.0051805	108
1481	1518	240.2760415	108
1481	9116	254.275471	124
1485	1440	2353.119658	69
1489	6673	620.2130437	113
1491	2554	2127.37135	73
1493	2244	427.9315812	125
1494	5091	658.0382718	91
1495	9924	439.2409151	100
1496	606	1726.694775	89
1499	7358	1797.781112	45
1500	3398	2943.790772	52
1502	1116	331.6153186	138
1505	3498	249.6022221	104
1505	5360	286.5246658	101
1505	9722	341.6951988	87
1509	10780	273.7329873	136
1520	9411	3266.951583	69
1522	10646	1170.561305	23.79021103
1524	10457	5032.142088	67
1525	4785	422.9250104	99
1525	10117	438.0483995	104
1527	2044	472.2302724	182
1528	4680	1072.060547	59
1530	2978	1637.464608	84
1532	8466	1669.515862	21.78798276
1535	3599	1107.650267	57
1536	8316	1960.2648	61
1541	5556	308.9312727	91
1543	8829	399.0366022	122
1544	3465	1558.57193	47
1545	5082	578.1628824	96
1546	11436	1436.919098	131
1557	6047	756.0187921	45
1558	7804	633.5705008	126
1563	6566	824.8855335	94
1565	3768	267.9098157	155
1565	5115	345.3235516	145
1568	2197	1128.664554	55
1569	5658	2111.633078	36.1209642
1570	2979	908.2453121	85
1573	3048	474.3339571	95
1579	188	1970.108239	55
1587	2069	908.0840267	122
1589	2705	759.2042218	102
1592	6426	483.7978243	57
1595	6445	700.6824529	101
1596	11449	1353.118923	58
1597	5	289.2767027	94
1598	8298	800.2223349	122
1602	3491	1264.877583	76
1605	3374	341.2704082	102
1606	2663	792.3171896	139
1609	4931	1188.328804	101
1610	1280	1013.309422	104
1611	2194	2454.858677	57
1612	10261	310.550863	151
1614	6548	370.6501653	117
1620	653	288.3449373	175
1624	11293	251.0025992	98
1630	4047	2690.522835	91
1635	6630	1435.276059	107
1636	3508	631.6467977	128
1636	6109	794.0492918	130
1637	10875	2056.716964	77
1640	10836	2635.922798	55
1641	5257	1532.79087	128
1643	3419	576.6466557	80
1646	9692	2623.214847	61
1649	4525	768.6107542	130
1651	6010	323.6484824	119
1659	2913	404.2602106	129
1663	7275	887.2707191	121
1670	9932	1149.311622	87
1671	11749	2924.430591	52
1681	7852	608.5045383	41.21271655
1682	2377	448.4717448	74
1684	8197	534.7588465	102
1690	10981	850.1215593	72
1697	3071	418.8232253	82
1701	10707	540.2241025	138
1702	4137	2034.59812	37.7441779
1705	11858	741.4909568	58
1707	8903	5388.555896	53
1708	5510	2275.997318	72
1709	4393	407.1890571	132
1710	4390	1869.843763	78
1723	6373	982.8926965	61
1725	8296	4041.102937	69
1726	10781	545.7109915	26.5536902
1727	9252	3102.357582	31.65828812
1733	2615	946.7209546	102
1734	10039	419.0362233	125
1737	9039	1934.049856	72
1738	9414	1742.077097	92
1743	2027	1295.410976	92
1745	8713	1035.635716	108
1748	5793	2548.650394	114
1754	9658	416.35627	132
1755	7470	1356.943054	83
1765	9561	996.7020195	180
1772	8845	288.1785954	155
1773	3886	895.6122036	110
1774	4014	353.0863883	207
1776	2461	713.6839925	74
1777	4820	756.3345424	119
1778	1405	1592.500595	96
1781	4434	3651.067019	46
1782	9720	546.3770654	72
1787	4195	7055.684028	43.0647448
1790	7385	881.4525298	108
1791	7340	3358.646932	94
1793	7698	576.7463715	141
1794	370	1884.215918	48
1797	10780	247.5612908	151
1798	10346	205.7592816	176
1800	7887	1417.840417	175
1802	2647	2328.010696	160
1804	1476	1747.3559	105
1807	3857	234.8462506	177
1807	8163	249.5193454	179
1807	9124	255.2376274	184
1808	270	668.7478743	88
1809	5262	4942.338293	46
1812	7278	254.2560035	199
1813	11170	529.0235704	63
1816	7698	578.0594977	144
1819	11894	1243.667978	42.1285547
1820	3732	404.1704815	130
1828	9813	256.3596302	130
1832	2328	7129.170568	81
1843	2661	499.4830259	74
1844	147	1132.133273	75
1847	11128	1061.012474	92
1851	3923	3907.845253	54
1852	3928	245.2533867	153
1855	9225	869.5446386	183
1859	6760	1990.859431	60
1861	8448	3718.078189	43.0647448
1863	11837	934.6458127	39.44033602
1864	1571	494.1501118	46
1868	8110	648.7723019	74
1871	1693	283.2517087	182
1873	6501	270.3256841	91
1880	3904	617.1857565	136
1884	5550	338.3216548	143
1885	10563	588.8997984	106
1888	3285	881.887146	78
1890	5906	183.7953294	225
1892	5193	473.3675784	163
1895	8964	304.529086	112
1899	4106	977.0245677	51
1902	11421	236.2658245	138
1903	2366	1038.158034	39.44033602
1905	8626	3192.147802	70
1906	2149	985.8370024	143
1911	5901	981.7981666	127
1912	177	2330.851314	73
1913	1016	604.3740333	103
1917	1444	373.6056777	132
1922	8389	573.4424695	111
1923	10448	337.7660933	155
1925	4106	966.6870901	52
1930	2986	805.9364054	104
1931	10452	605.4677211	32.36180563
1932	10841	271.9191893	138
1934	1709	1112.158181	94
1936	4023	353.8993754	83
1943	9057	230.6934829	144
1946	3996	611.6205443	96
1951	9396	515.3742645	81
1953	9666	1000.088489	94
1962	121	782.7109553	113
1966	510	879.1889885	53
1967	3813	426.8658173	155
1969	4574	1134.562662	43.0647448
1970	661	259.1981172	154
1971	6274	1717.776904	69
1977	4298	4319.203019	91
1978	6683	1463.443903	79
1981	925	609.0408788	111
1982	4686	324.1732534	156
1985	4672	266.4866735	94
1987	4216	1110.804525	147
1990	7410	211.1848021	187
1990	9429	207.0686593	213
1992	7633	1558.729232	119
1994	6368	571.9588999	126
1995	9554	1316.098064	100
1996	5040	664.1929875	136
1997	6034	530.4791986	152
2002	7552	1020.324879	82
2011	1200	308.8681176	146
2014	6395	295.0522916	167
2020	3503	332.3529715	123
2021	8924	4584.332702	57
2022	10829	653.0886831	75
2027	5429	759.1472032	104
2028	2702	4978.722792	160
2032	9853	364.572893	82
2036	282	252.1807207	136
2038	3969	322.0679797	214
2041	9420	404.6051187	107
2044	8914	9812.430508	65
2056	11078	897.4995666	47
2061	7801	306.7275954	123
2062	6194	2255.048794	60
2064	10365	618.3398619	125
2070	8917	1598.537684	98
2073	4242	867.6623004	105
2074	4401	197.718973	151
2076	4513	1138.067733	80
2085	596	1218.349932	12.30378567
2089	11760	2197.717187	52
2090	3970	370.9006047	107
2090	7156	377.3616877	131
2100	3831	1407.588815	82
2116	1226	3376.347364	58
2119	10856	354.6963462	129
2121	361	609.4297447	159
2122	6809	264.1840807	178
2126	3245	1274.289359	123
2129	2486	210.4719048	186
2136	5216	932.2752195	52
2136	8376	781.1949632	62
2138	7283	764.213183	99
2139	7273	2061.629371	54
2141	1962	1809.429686	78
2143	6675	292.7325596	78
2144	10962	562.515117	110
2145	4435	630.4843306	135
2146	3891	698.9978483	132
2151	609	780.4097378	118
2153	513	184.0967555	198
2153	2125	181.3155794	200
2153	3598	181.3155794	200
2153	5181	267.7390608	183
2154	8068	340.1716713	72
2162	9308	1625.370098	89
2163	8724	412.5796415	102
2164	10337	181.6367756	291
2180	8221	895.8018209	113
2182	7376	495.6459983	80
2184	1592	1969.742283	104
2184	3837	1729.853531	103
2188	6186	670.0052405	149
2188	11324	500.3868282	154
2188	11799	624.9078976	149
2190	9578	577.747626	205
2198	4684	355.9775745	181
2198	6196	451.252363	156
2202	6975	1298.803847	59
2203	8229	575.3776758	69
2207	4509	434.1356704	116
2208	791	370.9682324	91
2208	8390	603.4087167	78
2210	534	2749.565143	69
2211	3515	659.7344893	76
2213	6081	1223.692107	86
2215	935	392.4275162	141
2217	9630	208.979998	227
2219	2523	237.3993182	113
2221	7417	521.3886982	38.58293741
2222	5400	1808.892743	136
2222	10145	1768.120279	138
2224	5180	4329.936907	73
2224	8832	3698.421949	77
2225	7342	766.2710667	26.5536902
2226	3270	2058.118738	53
2228	10828	626.1091551	130
2230	6863	298.3039754	161
2233	1954	1310.56447	96
2237	10644	246.2861216	165
2241	11195	1466.211207	40.31678793
2245	4351	2053.309855	85
2247	2539	1165.308811	85
2249	1839	1071.019572	130
2256	6488	1269.982349	103
2258	808	442.9612249	132
2259	9351	190.5620388	214
2260	11100	837.9760791	42.1285547
2263	6417	913.2536254	128
2264	2137	3543.309563	62
2269	980	2574.444764	24.859302
2270	3782	902.0051194	76
2271	694	1151.73033	67
2277	3722	565.4672368	157
2279	1777	286.0563581	113
2282	11457	433.7588428	148
2283	1141	383.314725	151
2286	6637	486.0747268	105
2288	10545	1046.656832	102
2289	10472	881.8484564	76
2291	1549	2995.526184	48
2292	7418	590.347918	125
2293	6918	2146.923474	93
2294	2018	618.6003047	180
2295	7491	182.1547123	198
2297	7551	357.3484074	125
2303	10866	823.3446615	84
2306	387	715.180005	49
2307	10780	268.0829453	132
2308	2255	2407.931958	69
2309	4258	2258.972851	23.27303253
2317	133	427.4484627	124
2319	11910	2206.222783	95
2321	9035	856.24727	139
2326	4501	439.7489947	132
2327	1121	1214.010496	29.63817606
2327	1386	1194.976007	30.97006447
2330	8487	664.6214787	112
2335	2059	1041.81914	112
2338	3424	3006.988682	38.58293741
2339	1792	467.5696194	225
2343	3236	1446.063186	109
2345	3957	292.7754989	172
2346	9220	255.5083441	128
2347	4853	710.9285613	61
2350	9705	658.0205777	141
2353	10322	3408.688726	54
2357	5545	1300.441313	119
2358	192	625.5346396	89
2359	8094	2387.554032	92
2363	8912	321.1035792	142
2365	3891	706.2777121	131
2367	9510	289.3894162	92
2370	10150	579.1741186	103
2375	4788	388.6167796	44.02173913
2380	11319	1547.093276	71
2381	6446	1684.726968	46
2387	5687	1041.088821	159
2387	8663	522.8618591	172
2388	566	2678.169743	66
2391	2345	258.7678593	189
2396	6129	5154.223112	35.33572585
2400	5849	687.137339	38.58293741
2401	2305	207.0316023	171
2412	5365	946.2456162	79
2414	4419	355.310678	193
2418	5533	1108.47427	109
2420	5267	310.8002859	184
2423	7534	303.3547708	96
2426	7731	716.357799	78
2426	9044	650.6409979	75
2435	5899	1008.105939	42.1285547
2436	3174	3413.175254	69
2437	9110	444.0663522	182
2439	7563	839.9769406	70
2440	9079	1734.038884	46
2444	3316	1396.682663	49
2445	7746	226.8475895	102
2451	2157	5481.787435	40.31678793
2457	10927	201.6153684	199
2462	7476	219.8595985	112
2463	3290	2547.417476	80
2464	2924	825.327403	156
2465	4406	4149.719026	68
2468	11660	718.5380371	69
2470	4625	1600.556877	64
2471	980	2489.880168	27.1437722
2473	3450	233.3991194	213
2477	3418	1248.257813	100
2479	8115	385.3213219	132
2484	6744	1303.387624	70
2488	4102	379.5560382	85
2490	1003	844.3669481	104
2494	5400	1758.567786	136
2494	10145	1724.614803	142
2495	2941	1046.785895	54
2496	11583	445.5823282	78
2500	2113	273.4083276	96
2503	8350	1629.527433	40.31678793
2504	11400	1005.584786	41.21271655
2506	5643	925.0158583	144
2507	1417	591.7029874	124
2508	5878	1598.222672	70
2510	9666	604.2858232	108
2512	1765	839.0168257	129
2521	8594	254.9423454	143
2524	8975	3394.621912	76
2526	4660	484.3949227	143
2529	7221	1324.798699	82
2532	1267	1134.091318	108
2535	11840	1253.398937	84
2538	8635	1794.488191	65
2539	10922	1273.669381	138
2545	2606	222.7524315	187
2546	5465	987.7661651	104
2548	1087	1219.357943	58
2549	3228	386.8780522	68
2550	8268	736.3519372	141
2551	428	4145.807005	34.5675579
2556	10973	697.6550878	79
2558	200	5625.69682	96
2571	7445	1392.490175	25.97643606
2572	2925	1222.71839	78
2573	1097	643.3662753	112
2574	10444	1629.36217	16.73683012
2576	3217	1755.13947	84
2578	8033	217.6867996	151
2580	2147	818.7124515	112
2582	4637	777.8428197	112
2582	6104	1081.541918	92
2582	11854	1197.230481	86
2585	903	595.4438745	79
2588	4099	276.2475653	107
2589	279	1578.62602	102
2590	3635	401.1921598	62
2590	5005	285.0802463	77
2595	7210	464.9820075	54
2600	10786	673.7084765	160
2601	9738	929.916094	103
2601	9964	711.1203222	117
2604	2857	1054.475896	114
2605	9913	1893.049388	97
2607	4609	1272.868347	134
2608	6735	309.8350925	134
2609	5030	593.1927138	59
2613	3877	688.5262115	77
2617	10310	703.7029698	38.58293741
2626	10367	385.9418058	59
2630	4440	1196.176789	14.99500512
2635	4890	468.9354441	90
2637	3409	1272.824083	125
2645	563	685.1451884	128
2648	6528	466.5801664	128
2649	4188	2027.12297	112
2651	7193	181.7754144	291
2652	1233	1979.300949	116
2659	10893	409.7886829	190
2664	9484	193.7170652	150
2672	929	1350.40576	102
2678	7688	1100.727431	67
2682	2336	410.7235705	106
2682	8722	552.6639272	91
2686	10497	542.1358942	191
2691	11388	1125.432326	93
2694	10649	595.118091	146
2695	10471	908.0503154	97
2697	1933	809.6019648	55
2699	1731	808.8568852	50
2699	2162	757.071578	51
2699	10585	962.8445742	40.31678793
2703	3833	745.2056755	90
2710	10321	3675.962585	64
2715	4686	380.4558048	140
2719	10215	447.9003106	144
2726	7041	1096.475607	104
2726	7992	777.2531089	122
2734	5996	488.0798559	102
2735	1348	537.1797724	123
2735	3224	604.9514259	110
2737	10348	1620.419801	95
2741	5120	1509.66237	64
2744	1426	362.695835	66
2746	7440	303.2713173	78
2748	9800	599.8408587	112
2755	3464	1170.54234	72
2756	9131	2297.090595	111
2760	4025	220.7056058	160
2762	7402	1131.281345	106
2763	7346	969.5777786	90
2764	4990	448.1435752	166
2766	6472	878.4526316	33.08095687
2767	325	612.0070166	139
2770	5202	457.969209	95
2772	3116	947.4396092	45
2774	8725	1035.969826	87
2775	5221	768.0466659	89
2776	2426	1520.028059	78
2778	8382	788.1489164	175
2780	9016	1546.482778	56
2782	5070	510.8237446	49
2783	11681	1389.877201	152
2784	6407	746.7381054	98
2785	2647	2215.667954	161
2786	7748	925.2413123	101
2787	8223	195.0158645	99
2789	4555	2416.296221	63
2792	6727	1230.152498	150
2793	3717	1060.346857	93
2794	8141	791.8344054	54
2795	6576	2483.910875	64
2796	5814	2635.36327	83
2800	11637	2297.579206	44.02173913
2801	4998	730.3042467	62
2807	478	679.6015205	156
2810	3465	1566.685759	46
2815	2013	1279.420428	132
2816	7118	1236.350037	130
2822	2114	2608.22727	55
2823	5971	529.8609331	62
2824	497	966.9362043	83
2825	8843	185.3423439	138
2828	2766	463.8926039	112
2831	5486	666.1661262	32.36180563
2833	9248	244.1330112	125
2835	3143	1401.394504	41.21271655
2837	9981	1260.774273	148
2839	2839	276.2917065	152
2843	3581	1940.234043	104
2845	2680	429.0523941	112
2851	6087	728.6332835	112
2854	8402	3681.633667	43.0647448
2860	6983	643.5890923	149
2862	9022	1117.59606	125
2875	1179	2894.399525	101
2876	663	2552.400207	58
2877	4948	319.1308851	157
2879	6730	2277.714376	73
2882	992	4382.75848	59
2890	3248	3104.317892	88
2894	6136	3142.758536	85
2897	6438	619.6875357	91
2901	8383	3858.296657	10.0955712
2901	10266	3858.296657	10.0955712
2901	10631	3855.7275	10.0955712
2902	10122	997.8361727	71
2904	1638	2272.203984	45
2904	10203	2416.626383	41.21271655
2907	7697	329.6741679	124
2911	9779	374.9851786	181
2912	10037	1663.423305	76
2915	7191	3092.150427	72
2919	6453	3179.499964	63
2920	11045	835.5890479	65
2923	9814	1232.505209	66
2925	1196	1410.46217	79
2928	5076	376.3048077	147
2930	2050	1277.759265	53
2930	3876	1233.243523	58
2934	8389	500.8458202	122
2936	376	273.7697669	154
2945	4050	782.0995793	60
2946	8180	1743.477081	65
2952	7904	7077.059089	69
2953	7654	246.0763689	122
2953	11817	317.5372959	102
2954	11358	1323.037558	112
2957	7483	238.0734419	171
2959	4884	494.9029149	162
2962	6799	501.1678597	64
2964	10253	999.8099141	98
2966	2816	449.5243514	66
2970	9018	1341.490085	114
2975	10142	301.3984842	178
2978	8212	2507.976287	101
2979	1317	1114.235743	58
2980	2738	256.9187261	142
2983	3660	267.2546862	233
2984	1801	554.351683	119
2986	11714	807.2995772	48
2990	4544	998.4266353	104
2992	9177	596.9983703	111
2996	4846	798.748655	123
2997	3039	863.7503051	101
3006	11662	1128.811815	143
3009	7198	725.4218171	51
3013	5687	516.6638237	217
3013	8663	605.9495413	187
3015	10377	1967.855326	85
3017	4877	229.2911503	254
3019	7824	1791.880789	91
3022	10710	2633.778571	30.2968022
3024	4189	4882.58521	41.21271655
3028	11476	2086.841773	85
3035	1046	1271.397504	78
3037	8459	189.0282642	222
3039	8432	2397.153758	26.5536902
3040	5877	660.0689092	130
3044	11153	707.5044778	110
3045	1073	204.6656565	131
3050	5700	406.741989	163
3052	10763	268.0088078	212
3054	5231	291.8460345	208
3057	5511	3333.567737	72
3060	3506	1028.438215	132
3061	9869	1190.278091	67
3068	3192	768.6362863	121
3069	6343	1902.148468	63
3072	9801	184.227031	165
3074	6618	1807.865695	49
3078	9875	502.4852002	116
3081	10846	431.9205454	135
3089	18	215.9841951	155
3091	9506	238.1222233	82
3094	7524	800.9778845	115
3097	11662	1128.811815	143
3098	7669	1204.287987	43.0647448
3099	9319	1910.512182	129
3100	8718	387.7329121	101
3102	4026	1528.27132	41.21271655
3108	10516	1171.549624	167
3109	2123	1161.202929	48
3112	5455	731.3223376	76
3113	4330	3048.309012	106
3114	4669	1019.296963	55
3115	8366	2035.495404	57
3120	4506	1425.892696	106
3126	10206	966.68966	98
3127	3870	757.6967259	150
3131	761	1039.767256	71
3132	1696	828.5351529	138
3139	9588	342.8428616	170
3141	5251	483.958349	148
3145	480	884.6111641	65
3148	824	334.0041342	168
3151	10125	666.2288586	134
3156	7591	538.0947028	121
3157	5064	752.6569843	83
3158	11542	1827.820335	38.58293741
3161	1941	560.0478417	102
3163	848	4125.63458	68
3165	4422	510.6463449	56
3171	9515	824.2254453	47
3172	11688	675.9901416	115
3176	10132	860.9251798	97
3178	953	705.0900853	111
3179	6640	564.2166974	103
3180	7638	3157.929595	84
3187	6097	781.6433485	92
3192	2370	528.5601927	125
3193	4888	184.7101858	147
3194	10670	300.5408605	85
3195	1267	1493.711742	97
3196	4059	1051.223323	152
3201	7618	1202.83287	90
3204	3109	296.3972653	137
3204	7779	368.2277862	136
3204	10432	407.5044514	124
3205	2445	551.0309641	97
3206	11754	199.3741397	130
3207	10297	1098.860472	58
3208	5476	5887.587104	67
3211	5979	258.4483972	119
3214	11050	974.2672236	72
3215	6149	435.957007	85
3219	8514	1579.446097	74
3220	9324	456.5500312	57
3222	6117	361.162706	127
3223	284	617.6273326	142
3225	7471	618.1608825	146
3227	11395	1031.958128	112
3228	10478	441.3010522	100
3229	7214	696.3861685	119
3229	11003	909.4230445	105
3231	11208	890.6131522	130
3234	799	1006.240187	87
3236	3487	549.879028	117
3237	5030	616.8955841	56
3238	3375	603.6917652	124
3239	6501	277.3897522	89
3242	10208	390.405294	156
3243	10945	1649.748617	89
3244	329	1507.241085	75
3248	1227	414.4041477	104
3250	7731	731.2941076	75
3250	9044	639.5333162	73
3258	1696	819.5243605	142
3259	9042	322.0868613	116
3262	4978	508.9700904	129
3267	11125	847.6247331	123
3271	2282	1125.503478	86
3272	5449	252.3501449	137
3276	11170	528.748576	60
3278	4499	895.6867798	63
3282	6122	492.6612491	120
3283	9656	3566.019134	72
3285	3656	337.9192748	155
3287	2377	466.0687495	76
3292	7879	746.6228853	112
3293	5008	1250.951023	86
3294	3359	1786.726857	51
3295	1607	3254.193161	26.5536902
3302	1252	400.0110218	137
3308	10811	222.3879431	149
3309	2552	659.5414644	118
3310	11897	3875.123429	49
3316	3709	550.8272507	106
3319	2817	1772.103949	94
3331	207	3006.104613	85
3335	5035	628.8769365	101
3343	11351	677.8884655	96
3347	3726	949.062347	75
3356	1675	1962.946361	74
3357	400	2133.359232	58
3361	10245	1032.160689	81
3363	3966	246.6891718	155
3363	9688	246.8613613	143
3365	6095	308.1405566	122
3370	3270	2151.350167	50
3372	2343	634.5709275	119
3372	7203	616.1037098	116
3372	9180	675.661865	113
3374	8430	330.3222376	149
3400	3671	393.698791	75
3401	2362	928.885454	96
3406	2499	554.9813257	130
3407	10310	689.7799133	41.21271655
3408	8551	181.7264649	258
3413	7070	1041.850568	109
3416	6208	2409.07593	57
3422	1700	1123.83995	78
3427	8880	285.3964979	158
3427	9028	274.9157419	164
3435	7541	712.9460767	96
3438	8085	1102.718497	48
3440	7564	869.1102592	119
3443	9720	557.9137422	70
3444	7908	2255.837859	75
3447	11491	2454.490559	87
3448	9685	1159.354086	130
3453	11843	1151.779261	57
3458	491	3352.066348	5.107707762
3458	927	4190.305754	5.107707762
3458	6848	4190.082935	5.107707762
3458	9397	4194.640276	5.107707762
3458	10137	4200.159104	5.107707762
3461	7376	510.4100644	79
3463	4738	945.40584	111
3468	8219	1029.192437	78
3471	8285	1641.923648	62
3472	10515	388.4359128	114
3480	10037	1478.643518	86
3482	4850	314.1097193	79
3483	11729	5131.767318	50
3484	7730	645.0158053	139
3493	2881	536.9067612	134
3500	7884	1545.88245	84
3501	6079	368.4841235	200
3503	3852	451.3791697	98
3505	3827	1915.375285	102
3510	2060	927.5011621	84
3515	11650	285.1734212	142
3516	1240	293.2892355	111
3517	11662	1141.588198	142
3520	2457	904.525843	108
3520	11633	837.8007969	101
3527	716	975.4051923	128
3528	3700	995.5561579	115
3535	2957	1349.775097	106
3537	8852	399.1403525	139
3538	2452	2276.714216	45
3542	6580	2517.573691	96
3543	9977	785.301659	50
3546	1729	297.9954954	155
3547	5246	658.7157856	113
3553	7018	757.2858363	58
3556	1299	229.8201308	188
3557	1383	1010.988108	65
3560	4497	1327.374153	87
3560	7166	1273.779183	92
3564	9460	218.5385087	184
3566	10936	1481.795606	91
3569	1253	239.7098805	185
3571	1899	2039.500648	58
3580	10855	337.1159585	55
3581	4598	1306.387927	111
3583	5751	1448.875601	62
3586	11361	2384.135489	43.0647448
3588	8156	1176.893651	109
3591	8651	582.6284964	92
3593	11107	203.4806945	266
3596	2207	401.1460842	103
3598	11	962.5550684	49
3599	1482	2723.847299	19.09611913
3603	5288	1099.933051	73
3607	199	476.0436262	149
3607	11923	438.3460625	154
3610	8508	830.4152527	93
3616	175	9070.46039	62
3617	10634	803.1511728	67
3618	820	689.772683	96
3619	7795	850.8671644	93
3621	7517	1580.930598	115
3624	3070	540.9547079	55
3629	7217	863.4776364	94
3632	7838	413.3089227	162
3633	2551	1464.169746	23.27303253
3635	8058	343.2506348	134
3640	3817	972.8463623	73
3641	2132	4985.592639	37.7441779
3642	1687	267.3733648	126
3647	9924	428.5533195	106
3650	3546	1210.554177	75
3651	2904	310.5597387	204
3653	6008	622.668149	108
3654	11565	1532.691617	76
3656	1446	274.7566018	130
3658	546	576.857591	123
3659	4657	929.2928253	105
3660	3808	462.8363619	128
3666	9994	246.489313	192
3668	3995	2701.25561	33.08095687
3669	9651	782.5930079	48
3671	9289	386.0147093	118
3673	5393	281.1919305	116
3674	2378	2252.538127	33.08095687
3677	1260	407.8924903	68
3681	4078	531.3024115	107
3687	2729	921.1764398	36.1209642
3690	755	249.7541219	118
3691	11893	351.8480613	39.44033602
3694	4574	1134.205005	41.21271655
3697	3337	742.3003957	118
3700	2855	1367.574094	99
3702	3545	1989.745879	70
3702	9038	2088.080928	69
3702	10361	1979.17493	70
3709	11594	775.8542388	114
3710	3170	622.6383546	152
3718	11591	943.1043996	129
3720	7757	365.8703248	116
3723	9387	1245.637521	33.81608925
3724	3791	1590.482822	93
3725	8153	625.9830857	30.2968022
3728	1534	16286.60975	33.81608925
3729	6726	1066.831888	76
3730	8694	477.5018162	104
3731	10514	2006.915554	102
3737	4398	1281.928097	85
3743	8061	1086.607523	92
3745	11039	438.8556583	78
3748	1047	2254.374585	137
3751	5070	510.8237446	49
3758	6931	633.3861954	65
3759	10717	1349.066511	144
3760	10544	259.1885938	128
3761	1684	402.978268	147
3762	516	1443.729031	91
3764	3635	410.3231992	70
3764	5005	301.6673226	73
3771	9043	1961.215027	51
3775	9765	331.3097086	132
3776	9187	233.1729085	139
3779	3388	783.1411795	128
3780	9555	976.549771	110
3787	10198	317.3872594	114
3795	6647	1703.209236	93
3804	3686	562.7401521	69
3805	1809	2244.521644	100
3807	1648	2086.423712	42.1285547
3809	3974	1888.915481	68
3811	712	607.8951064	94
3812	10422	1708.560005	46
3815	6265	2314.865538	44.02173913
3819	3739	739.1841128	133
3826	10095	393.7939422	153
3828	11618	398.1598852	171
3830	1434	230.513459	209
3834	6557	2230.85029	49
3835	2352	264.242501	181
3837	1529	472.660548	99
3840	5178	1656.201815	100
3842	3847	375.8008313	77
3845	3480	541.6705578	158
3846	2197	1097.99398	57
3850	1436	651.9641359	88
3858	8939	713.6474675	137
3859	7464	469.4771399	49
3861	2260	239.3443904	259
3863	7727	834.7981404	56
3864	5892	657.9684378	67
3865	487	417.9069632	153
3865	1149	517.0168955	141
3872	4917	205.1769835	182
3873	7355	3998.893346	30.97006447
3878	9774	203.2893234	233
3879	6855	395.3876079	113
3882	4851	872.3386785	93
3883	2452	2269.700676	46
3886	6467	1465.557558	78
3888	9794	866.5339442	158
3894	80	182.6940271	147
3897	1064	498.6083935	100
3901	3971	665.4465145	109
3902	8700	1412.379648	67
3906	9119	2748.231271	36.92365229
3910	6211	1989.388796	112
3911	2974	879.3828243	55
3914	8571	728.6311357	120
3915	1450	614.0899972	84
3916	3799	2464.994717	55
3920	3856	738.5716038	61
3922	3514	323.9204591	148
3922	6868	306.9223184	137
3923	1813	526.7723868	104
3924	7643	1097.839953	123
3927	7974	1808.576324	95
3929	508	648.3557896	75
3931	4602	1350.720582	84
3934	10336	1227.370406	57
3936	10019	677.2011017	17.10875968
3938	7427	1311.370753	114
3944	3963	374.3845459	150
3947	3662	617.5506887	102
3950	1346	1858.852556	47
3958	10846	363.3600726	140
3959	2285	634.9311303	121
3961	7467	2036.625225	66
3966	3344	1522.18459	45
3967	8966	974.4800869	88
3969	1926	1161.868806	19.09611913
3969	9392	1109.477485	22.27216015
3969	10758	1047.317939	25.41173093
3972	8462	498.3252278	145
3976	3413	2230.664444	93
3977	4816	2219.926028	81
3985	231	1275.213741	61
3985	10943	1139.318322	69
3986	7150	223.6174202	127
3988	837	1082.690085	94
3988	8645	1088.625902	95
3988	9581	922.9386632	101
3988	10214	1043.691757	99
3988	10561	1002.087902	100
3988	11450	1040.142012	100
3989	246	186.6607244	198
3996	8246	758.1586036	119
4003	2831	365.4592016	141
4007	2974	927.2994577	49
4011	5188	849.6650678	158
4015	11859	243.4369156	140
4022	1294	1056.22337	164
4024	9991	500.2420299	137
4027	10920	280.7740397	151
4028	5000	186.3802091	174
4031	84	356.1567423	137
4031	204	377.3940407	131
4034	1291	519.9124272	124
4038	1097	893.0935738	99
4040	2592	558.6852357	106
4042	6341	2140.204873	39.44033602
4050	5253	1139.740283	53
4053	11864	1753.844307	137
4056	10663	1248.315106	86
4058	7768	934.4775496	62
4059	7224	1452.045517	81
4062	998	225.9662481	174
4067	8126	663.1522942	87
4072	7581	783.5506806	120
4074	5488	1005.571582	124
4076	1560	919.2746755	59
4080	5881	928.3890637	104
4081	398	2666.141859	42.1285547
4088	10347	1391.873255	36.1209642
4092	8230	3527.006666	51
4098	305	2054.834549	88
4105	2914	2553.748661	65
4109	6072	312.1224945	180
4115	6944	201.8355206	239
4121	9592	405.9191458	121
4123	395	2191.537978	51
4125	1077	220.9955218	117
4125	8002	208.8612946	84
4128	7261	590.8087773	84
4129	2575	3444.564453	23.79021103
4132	10381	1786.393019	43.0647448
4134	10187	597.5499187	94
4138	6757	311.4033109	150
4139	2763	524.23828	46
4139	11890	540.241091	45
4141	8559	466.0947646	105
4142	2527	972.3338829	105
4146	10570	730.1705922	110
4152	3434	279.6246519	86
4156	2232	485.8912785	115
4157	3966	236.3226505	143
4157	9688	247.9287132	141
4159	3727	194.6894455	156
4160	7754	407.6220145	177
4165	9878	187.8893917	180
4166	7119	1202.761687	122
4173	9829	2995.058095	47
4177	2993	333.8233863	137
4181	5573	509.1214319	76
4193	8521	1566.833631	79
4196	6718	3106.731688	43.0647448
4200	5386	263.8614019	136
4201	2364	418.0183255	93
4204	8099	185.5623096	274
4207	6251	907.0858646	81
4211	8730	375.4904393	154
4216	1871	1176.106653	86
4218	4482	4300.43337	100
4220	6749	738.6929522	48
4223	9159	708.8317014	118
4225	2954	1112.527268	161
4230	7788	789.0219048	111
4232	8658	647.5947858	158
4234	1041	867.9647094	125
4238	8066	1117.042538	102
4241	3970	395.0465375	115
4241	7156	386.4790491	125
4242	2661	505.1114033	72
4244	2518	508.8985217	176
4249	7324	502.186789	106
4250	6119	1553.450579	71
4258	1458	847.4116084	119
4260	9596	423.2385917	135
4263	8716	1103.102101	40.31678793
4264	7633	1684.519443	110
4271	4542	403.2581915	111
4272	5456	1308.425452	127
4285	7351	326.2886879	154
4290	1521	851.8935437	133
4301	10533	694.6210871	136
4302	10234	250.2119721	130
4304	11714	818.2487819	46
4305	8483	364.1200115	105
4311	1732	306.7488527	134
4314	6387	675.1321666	74
4315	5874	921.4626475	65
4322	1270	1059.278342	106
4324	4797	629.9616129	126
4333	9453	1114.745516	121
4333	11331	1080.317202	113
4334	11356	203.0648532	221
4336	3386	635.0347088	112
4338	1434	275.3113249	196
4339	3157	3473.267831	84
4340	4685	1684.396878	81
4345	9869	1190.278091	67
4348	5465	944.5069817	104
4351	4941	823.9490586	88
4352	3033	1403.71155	71
4354	4296	339.5915275	115
4361	8270	1119.189183	83
4362	6053	485.2453895	82
4364	9996	1233.782595	104
4368	7535	663.0433922	141
4369	1182	199.8435726	197
4377	8284	1976.840375	104
4378	7557	1465.722374	69
4381	3512	192.3889539	127
4382	11295	934.4265891	96
4390	1758	2866.054023	38.58293741
4394	9623	780.3832903	93
4404	3756	186.7203054	191
4406	3941	447.5432975	80
4407	3636	3572.464976	84
4407	6503	2596.700103	85
4407	8281	2555.265827	85
4408	7998	735.6919813	115
4410	6494	1287.472349	146
4415	101	4078.655207	43.0647448
4418	2744	2424.897568	76
4421	806	3679.375443	70
4422	8401	1325.131489	156
4423	10543	356.5701909	164
4426	3956	1370.861832	32.36180563
4428	5363	595.7883288	111
4429	10990	784.2731034	134
4431	9129	348.054206	150
4433	5346	1387.427506	94
4435	9287	999.2355931	93
4437	9859	330.3140585	223
4443	11394	1301.307843	126
4444	3900	230.5979183	255
4448	7975	2447.819378	48
4450	3789	215.9257426	136
4452	6040	1853.650827	23.27303253
4455	8101	385.9916105	156
4468	1206	1376.680213	121
4469	352	605.4067423	123
4469	7769	537.24853	131
4472	5961	725.494533	104
4473	10407	990.5511796	76
4480	466	357.2781285	162
4485	5442	1290.085802	83
4486	2341	556.3301437	151
4488	11175	215.0597111	148
4489	7053	811.4280026	69
4496	2838	406.6802396	52
4497	1289	377.1906347	187
4500	4745	277.4231558	188
4503	10996	198.2340552	78
4509	5186	1184.841415	97
4513	9115	1459.718978	123
4521	9549	1753.121868	46
4524	1531	1437.258042	57
4527	4711	543.9057999	177
4529	683	1969.61178	77
4531	9395	863.3662064	53
4532	9613	4687.956237	65
4533	7408	2148.165769	62
4535	8084	1092.549907	109
4537	8220	535.9486802	119
4538	9154	485.4336917	99
4542	3516	765.5324153	97
4543	2063	1194.425585	94
4548	1847	1254.12798	94
4551	4504	2570.752795	88
4553	5291	1489.643305	56
4559	6418	195.9188228	185
4566	4320	1522.760066	134
4567	574	717.4887593	143
4567	6739	767.6964339	141
4570	36	470.3943607	83
4572	10670	295.9686842	86
4583	1441	603.8028494	164
4584	6069	401.8855149	127
4587	3759	996.3600318	100
4588	5859	492.1077057	69
4591	8676	541.5934006	80
4592	10949	218.203299	129
4596	10535	629.3012421	148
4597	4645	307.8431373	259
4600	6948	320.0480881	199
4605	2463	9404.189507	46
4606	6640	576.9727971	105
4607	9780	1608.667943	60
4608	7912	1011.349266	67
4610	4499	893.3312897	63
4612	11719	1083.370445	96
4613	2818	302.8633842	147
4613	5896	384.1200159	135
4617	483	729.3594071	181
4618	1930	584.4218536	50
4620	3588	2534.470128	94
4621	5465	955.1791492	109
4624	8017	598.8370416	71
4625	3220	633.6234354	124
4626	7271	417.5814164	172
4627	8286	578.0671772	133
4633	3880	707.8675639	71
4633	9295	693.5060018	75
4638	9742	1852.075166	122
4640	9494	769.0518971	50
4642	1911	1865.474816	119
4642	2376	1912.861702	114
4643	676	635.2818165	157
4649	28	205.0730034	86
4655	1144	1125.811094	63
4657	2885	744.2631725	115
4658	3784	1601.137082	70
4662	5162	237.6599109	72
4667	11021	412.1000669	129
4671	383	1897.741081	60
4673	5523	1201.015496	87
4674	7352	641.4398699	89
4677	5532	2196.03109	112
4678	4637	729.7578899	104
4678	6104	934.3993155	106
4678	11854	948.1037814	99
4680	4050	786.1308643	59
4682	8630	537.798905	177
4683	8908	643.5087128	106
4684	6709	3648.322555	90
4685	11836	2176.145807	53
4687	2815	1202.096006	128
4690	1777	267.6433334	117
4691	3713	595.5204179	114
4693	70	1135.264478	95
4694	2682	788.8199524	95
4698	2759	363.5611231	52
4711	3182	784.6698738	178
4717	2698	286.3312997	136
4723	2938	1348.334812	67
4724	2330	1033.304244	70
4725	1630	536.9197975	87
4726	1828	562.1406392	96
4728	612	578.736746	140
4730	4053	4513.977371	62
4738	6622	1621.663959	84
4739	5415	450.3864396	117
4743	7866	1208.496062	34.5675579
4746	1303	2650.627426	54
4748	8144	3157.93675	97
4752	3508	636.7009575	133
4752	6109	794.8211018	129
4753	3278	1907.089414	98
4754	1933	802.3150901	56
4759	9915	395.1241556	154
4762	5580	2940.166632	31.65828812
4764	1561	1452.965527	137
4770	6252	712.9115408	147
4775	2371	1802.286645	48
4778	7588	2081.554993	52
4781	9550	1306.294205	86
4783	5974	214.7198022	153
4784	3498	212.3847281	121
4784	5360	201.7777485	142
4784	9722	202.6967607	127
4788	3465	1568.169778	46
4789	4154	2108.450851	62
4791	555	3379.19151	97
4793	7662	344.1174516	97
4794	3306	191.4611142	135
4801	4232	1064.877541	117
4810	6729	416.2925616	105
4813	9376	494.3861341	82
4816	8082	1384.962373	95
4818	6249	1287.366965	74
4821	10168	2411.379375	68
4826	2638	277.7443139	105
4828	2716	703.5333087	104
4832	10269	736.3127008	76
4841	9737	3271.715961	28.99386789
4847	10036	3576.488775	30.97006447
4849	2534	320.4894091	119
4851	3637	1009.488744	41.21271655
4852	7333	2679.090537	72
4854	2262	390.4724987	223
4860	3521	2690.252148	55
4864	2952	963.8921883	40.31678793
4865	6411	1163.203904	22.76709704
4872	3260	1945.979398	63
4873	2156	319.5999529	78
4875	7177	667.9557575	36.1209642
4876	11736	2996.72047	46
4884	3018	1348.455325	75
4884	3353	1207.194547	82
4886	5950	955.7093982	64
4890	6341	2172.096361	36.92365229
4891	2989	255.0106376	214
4893	7366	1344.558455	155
4895	9665	351.0379812	167
4896	11718	863.0318403	106
4901	1718	816.8558016	118
4902	3497	629.8761498	107
4903	6963	1341.818968	108
4904	8339	209.421998	92
4905	7698	521.9761756	154
4906	5002	449.1801303	120
4915	4643	791.4296897	80
4920	1798	1819.656222	78
4921	7113	896.2067793	97
4924	11104	2165.438757	55
4925	10089	3143.117679	38.58293741
4931	11503	3205.248157	100
4935	9625	468.7903862	126
