38	2432	512.8615798	127
38	4944	473.3047359	130
42	2432	564.7809563	118
42	4944	519.2503403	122
47	543	970.4102516	71
49	2602	460.501659	136
52	3252	2028.132199	81
59	936	365.732928	121
71	5947	987.0756561	66
117	3654	316.4338855	151
118	990	227.5837953	187
118	3313	285.0794975	197
123	648	1311.101769	86
123	4324	1378.754888	81
135	1239	2305.065469	62
143	3619	458.8332728	93
191	3763	610.8828926	123
193	6061	188.2554265	178
195	4385	1400.057006	79
212	4064	1366.728001	67
219	4599	424.3412134	121
223	1074	528.5403453	123
223	1092	599.3858805	114
227	5480	670.9000881	123
237	4902	240.4380078	151
246	3918	1237.528712	78
248	251	909.6616208	119
269	3842	570.484254	122
274	3436	266.7377244	137
279	2758	1648.843162	63
321	3336	1048.130219	74
331	1072	857.020927	122
340	1494	3038.191022	74
356	739	571.680966	91
365	4530	1341.564037	94
411	4462	321.9519778	126
426	3692	1305.955246	107
448	1074	613.3790553	122
448	1092	692.8353198	113
457	1111	500.8586981	143
479	3232	495.24122	153
482	4773	665.8266775	103
482	6067	729.5064711	105
501	420	879.3416262	85
507	188	606.7728695	180
507	1819	579.627137	164
602	5739	199.1697562	127
626	3882	2764.380762	90
638	3910	191.3660243	218
639	3803	993.9249057	107
686	169	352.5723329	190
686	3041	511.4230937	169
696	675	2901.844003	90
697	3918	1311.962463	74
744	4295	850.4934061	96
756	1382	1018.937018	51
800	37	292.6967209	139
803	1757	490.5093863	120
803	5338	639.2545846	115
816	4273	568.3036245	123
818	2279	745.0336935	131
820	6240	989.2410853	98
823	4029	455.9948822	151
867	3522	183.3960982	270
878	4115	1104.339723	103
880	455	279.5307222	177
880	633	406.8222519	139
882	5966	273.0035089	119
894	4040	451.084859	111
924	6062	245.0449032	196
940	1430	188.8971154	175
952	3675	2951.193628	45
961	3673	1970.048873	57
966	2485	736.8820008	54
968	5610	586.8838434	98
971	4537	847.1160388	108
971	6036	787.004395	109
993	990	246.3265697	190
993	3313	307.4833614	191
1008	4696	580.1847702	107
1019	4631	1439.336414	89
1045	6007	1177.945669	101
1046	2442	339.8097248	134
1048	5946	955.6527518	104
1062	3230	270.803202	162
1062	3296	232.9756827	177
1062	4647	324.7993119	174
1064	678	412.6654624	79
1065	703	1313.773265	90
1072	5320	452.373553	153
1088	2346	806.3278842	80
1092	3590	1662.981908	79
1120	726	868.9775679	62
1140	3357	1250.881189	93
1151	5243	612.6406528	106
1151	5528	772.2923021	94
1171	1055	976.1195132	85
1171	5261	888.0349052	92
1189	1288	260.27919	117
1196	1017	397.3544807	131
1196	2171	557.9727874	105
1198	360	1855.812638	87
1203	5641	764.9142924	97
1231	5364	789.888282	148
1237	3481	812.5211419	128
1245	4500	288.121352	115
1247	2650	440.821214	93
1272	4003	216.5625213	244
1273	63	185.3685275	201
1273	801	324.8472622	198
1281	1690	2287.835488	67
1281	5169	2375.767924	66
1283	1999	701.0938694	121
1311	2787	361.4774601	132
1323	1935	962.96404	120
1323	3437	830.7570622	136
1346	5859	679.3845765	90
1353	4316	1575.875937	89
1368	1389	684.2249677	111
1450	5977	662.4921966	107
1451	767	1616.127194	99
1454	3801	336.5302271	121
1460	5999	504.6174722	114
1465	2436	695.2459529	119
1465	4172	725.2471936	111
1466	4746	181.55454	176
1476	4767	266.8764103	153
1489	5126	639.8205952	119
1497	5690	1837.930354	80
1497	6025	1791.023587	81
1498	2383	549.617086	150
1499	4835	1201.018163	73
1506	1431	381.4362258	144
1509	1258	279.3562055	150
1525	1390	323.4690063	125
1535	195	406.308484	99
1542	3434	434.6876143	146
1545	3092	660.727404	83
1547	4537	1000.63884	98
1547	6036	942.0405171	97
1553	1937	186.0727122	155
1555	474	216.4661824	89
1556	1188	869.2394756	106
1558	680	351.3179411	128
1579	5639	2179.790923	46
1581	2854	346.2312605	121
1596	2611	1328.118758	58
1601	2822	646.2756726	115
1604	2822	704.8787153	120
1605	2517	414.8890601	111
1609	2972	210.3445389	224
1611	1380	1371.429542	82
1619	667	317.9307538	116
1633	616	191.3066628	136
1651	5802	355.972098	103
1657	914	2050.991957	67
1662	844	1345.860569	76
1662	1789	1315.600795	76
1662	5195	1356.327979	75
1728	2897	1315.885238	74
1728	5763	1163.130769	79
1733	5942	827.0583023	116
1745	3248	695.1495889	125
1748	4206	5427.63151	64
1761	260	369.3109715	136
1771	6017	240.0598159	150
1792	3881	233.1360988	202
1792	4411	204.4354964	205
1794	3909	459.0846677	141
1797	1258	337.5627848	136
1854	4511	595.0520043	154
1854	5419	801.091508	138
1854	6163	755.0875087	140
1859	3249	205.5964333	187
1878	5054	379.8127537	143
1888	4037	710.7428035	84
1890	2028	1144.485253	119
1897	5542	199.9995569	204
1912	3171	2253.844034	97
1942	5427	1197.216777	80
1959	959	2732.575664	48
1968	1842	634.6816385	101
1993	6193	416.8546827	138
2011	894	257.6442825	162
2011	3192	361.5863452	154
2022	4484	397.1442832	104
2032	2722	595.8335126	55
2041	5305	913.2741879	83
2051	1552	857.3385808	118
2051	6010	776.2296394	129
2080	2018	813.2618155	110
2080	2795	691.9299452	114
2098	6047	437.15835	182
2105	4266	810.8565412	106
2119	3309	331.1381321	126
2139	5374	1702.677399	71
2146	63	187.6348767	194
2146	801	321.3057864	200
2149	2200	296.5802997	149
2153	455	348.591658	159
2153	633	539.3672914	136
2170	5518	215.4228013	148
2173	720	1385.451902	100
2173	883	1413.114683	93
2173	5970	1255.505453	101
2184	5541	1388.715408	106
2193	1775	738.3416893	118
2194	5827	393.7362999	118
2213	2750	1130.527364	91
2220	1563	1016.479746	87
2226	3669	1843.362441	60
2250	6111	251.1276569	202
2251	3878	195.1095357	141
2306	6231	827.7141466	37.7441779
2307	1258	236.2131909	158
2319	405	1684.953972	125
2326	4996	775.4858096	99
2338	5091	2221.598281	59
2351	459	713.2240392	104
2357	1922	920.6280993	142
2365	63	198.7617174	201
2365	801	309.3614247	204
2367	1940	249.2173972	111
2367	3399	278.705526	97
2377	3127	280.0083426	154
2377	4613	341.9872874	145
2380	2199	754.5389333	124
2380	4119	884.1837122	122
2412	4791	489.0669284	127
2438	4203	694.8255973	94
2463	4535	396.199911	159
2468	1885	607.0687974	83
2474	898	306.5931507	160
2474	5112	379.8395332	134
2474	5234	363.4183274	146
2500	887	390.906957	77
2512	1714	776.0885834	128
2515	380	866.5953705	113
2524	2257	1913.13506	92
2529	2494	668.2721426	123
2531	1744	4352.587972	95
2538	1432	1517.052478	69
2548	4881	203.2562952	176
2551	5107	2505.089573	65
2556	1988	1082.652847	74
2572	1757	469.1439901	117
2572	5338	579.9193725	123
2581	2130	842.4598792	102
2585	4812	206.3684279	144
2623	4511	646.3271457	144
2623	5419	890.6554244	129
2623	6163	759.4528081	125
2639	3965	363.5393089	126
2658	1139	360.9525322	94
2677	2850	1185.559856	73
2699	2454	224.4360733	119
2699	3816	194.6734654	126
2701	2897	1333.820799	75
2701	5763	1335.951634	68
2710	2823	2579.014778	66
2732	431	2497.058415	61
2741	1339	689.7150631	122
2772	2454	247.4476135	123
2772	3816	243.4459321	116
2780	2974	364.6813874	143
2818	4320	311.5501254	193
2823	4187	327.3441329	98
2846	3910	201.1218212	226
2876	3033	1985.313986	83
2882	266	3765.89377	68
2887	1509	473.353049	124
2887	4662	866.5739278	125
2897	6048	452.2293129	101
2902	4872	737.1390079	84
2931	3799	657.8481747	146
2931	4532	799.6768883	130
2964	3832	786.6390254	120
2989	169	432.8164312	187
2989	3041	419.4486002	187
2997	1039	359.8542337	155
3019	4129	1717.24836	92
3020	3729	285.8247116	119
3024	3836	2047.420121	102
3035	582	586.5027102	118
3053	5549	217.864654	169
3069	2330	968.5011156	107
3070	5324	231.0036353	109
3078	4462	429.7070029	117
3084	5484	321.3457984	193
3100	5676	389.5045358	90
3114	1124	700.6450015	74
3147	4511	721.4887655	149
3147	5419	982.7984528	123
3147	6163	791.9516377	134
3154	3351	928.9158074	157
3154	4756	835.7942952	162
3167	3602	289.6294818	156
3171	5981	437.5111942	96
3176	4397	805.2143881	115
3179	1597	403.5255308	103
3202	834	3042.666357	51
3215	2712	409.1491755	96
3219	5378	1109.682795	98
3234	2203	767.2697441	103
3238	4120	745.8425552	122
3267	842	704.3648108	119
3267	1663	554.2295233	123
3270	690	422.3734734	151
3280	5613	1227.905576	93
3295	2807	2785.732914	40.31678793
3299	5546	2115.702891	87
3310	1852	3312.373611	57
3336	1415	1063.036856	91
3346	5574	312.7052112	198
3365	2809	183.9480371	129
3372	3031	766.2290509	110
3383	400	1687.700494	62
3403	188	544.3671368	190
3403	1819	597.4120222	156
3442	541	446.7862922	178
3442	1088	245.3371184	211
3453	975	438.2685236	113
3478	975	412.8904714	124
3500	2948	1179.993888	95
3520	1016	313.23245	158
3560	3702	865.8405448	103
3562	2146	1063.891947	77
3589	2328	273.1392591	153
3629	2252	188.982461	178
3629	3889	284.6700809	160
3661	3667	389.9719178	104
3669	6117	278.1452819	116
3678	4511	643.0534026	157
3678	5419	838.1175545	136
3678	6163	686.2621249	146
3679	3799	692.951819	144
3679	4532	820.2388409	129
3693	844	1402.123004	75
3693	1789	1421.610959	74
3693	5195	1401.737712	74
3695	5163	550.0191999	126
3702	720	1482.721419	96
3702	883	1358.241361	96
3702	5970	1424.03934	93
3716	3928	235.7040782	110
3718	2685	1406.699509	97
3723	1951	984.6222334	50
3723	5755	934.0807384	53
3724	4416	515.5802373	151
3729	2873	1153.423156	73
3730	1682	491.6250432	103
3737	5339	1024.334735	95
3746	339	282.5280915	94
3746	521	248.3722627	114
3746	3202	226.2499051	117
3754	5593	594.6465008	138
3761	1123	691.6418056	102
3761	1614	958.8557312	114
3762	4777	1059.674005	107
3780	5307	1915.585181	80
3793	3295	182.133252	257
3797	3155	542.2297973	152
3798	121	275.6326536	187
3801	947	512.7907948	146
3819	5668	251.182588	209
3821	2038	449.7659191	184
3834	3777	2353.954183	58
3844	5097	272.9828549	153
3879	3628	393.1219433	119
3882	2060	360.642575	119
3882	2389	311.8543184	137
3902	1305	1343.555301	74
3967	6057	1178.085671	75
3988	2134	1238.739393	82
4003	1061	244.0073455	160
4033	1563	1037.547304	88
4047	330	1201.580489	97
4055	2529	906.5341936	131
4055	6192	1031.055907	120
4091	395	540.2551527	112
4095	5295	621.3402629	120
4116	4511	713.5815562	143
4116	5419	889.7687335	130
4116	6163	733.593651	138
4117	5732	582.550582	121
4123	5724	1594.872354	69
4125	3256	254.8843526	102
4126	1791	679.6118491	124
4126	3086	608.3087429	133
4129	5798	2060.704276	54
4130	327	1122.744939	93
4146	2826	729.4219312	110
4149	4971	209.8763048	161
4149	5223	182.1903003	186
4189	27	241.3717964	151
4203	24	373.7647086	102
4212	3047	1046.999424	87
4216	2505	980.3067397	124
4221	4902	197.6375577	150
4232	896	305.8931476	188
4232	1928	442.5542651	176
4234	3803	907.442959	114
4241	806	355.5027354	114
4241	5457	442.7872821	100
4309	188	410.2314057	196
4309	1819	403.9792567	168
4346	1940	283.5876139	97
4346	3399	246.7299036	105
4357	4216	1212.762368	208
4361	2766	715.9844744	113
4362	6155	353.5383441	109
4378	2985	1105.483758	94
4383	1528	578.6537373	154
4415	6173	1756.123527	92
4431	5155	628.4111147	115
4433	5540	445.5183304	153
4435	3540	956.6185665	97
4463	1562	754.8172488	104
4481	3561	528.7299702	89
4489	5172	690.4501644	79
4517	973	989.7601468	63
4521	5605	1555.576377	46
4526	4511	640.1487257	153
4526	5419	870.8108247	132
4526	6163	804.9154056	128
4529	2421	1287.625799	106
4591	5179	371.6007359	107
4592	6141	200.7865849	119
4593	4203	693.9068579	94
4606	1597	320.7322602	118
4612	2921	653.271741	105
4614	1070	310.1282231	112
4662	5382	249.3543316	61
4691	5327	283.2787286	167
4692	4972	380.0082412	132
4693	1500	1009.251466	108
4695	1074	668.1726379	116
4695	1092	702.4838369	112
4728	2372	506.0644184	137
4738	5933	348.0799664	162
4780	1922	735.4562923	155
4784	5631	197.004785	121
4789	3046	1632.259327	80
4805	4511	634.9865497	149
4805	5419	891.1171333	128
4805	6163	760.6871914	124
4810	6130	252.458678	155
4813	1593	459.9954512	96
4813	5839	561.1546214	83
4850	2237	782.2800817	74
4852	4644	2871.694207	67
4852	5530	2495.601399	74
4860	3880	361.0606663	148
4869	4631	1433.801692	91
4872	487	1123.626514	100
4902	1289	245.0237446	169
4912	4641	1118.472949	99
4915	2678	832.1465552	90
4920	1552	1043.625168	114
4920	6010	1080.630764	113
