3	13017	494.8742979	157
5	5604	974.8462767	66
5	40695	979.6090113	66
8	12636	1583.246245	110
8	44414	1579.207296	108
10	28721	1551.344506	90
31	20168	682.0228912	80
37	16699	917.6286896	132
37	29208	843.1443931	134
37	34436	879.1811549	142
37	44903	872.2102238	140
75	28948	1323.92885	96
107	17020	321.9012448	158
114	1373	580.870338	141
114	8587	461.3805738	155
114	14619	514.1243228	151
114	23816	674.1319392	142
114	30246	711.7155771	138
114	42154	523.2211945	137
124	25571	353.5387512	96
126	40511	295.0631163	124
139	6503	1048.423484	136
139	17854	970.495733	134
140	433	286.4886623	143
140	3668	310.8104003	135
140	20719	268.6722649	133
140	44769	253.0658349	142
160	34896	228.6062484	249
174	6571	677.614054	94
174	25244	608.8350459	87
174	28266	627.0132045	95
174	42290	654.2113245	92
176	5645	272.3014599	124
176	13556	272.5004508	125
176	20101	271.0247334	125
176	36696	280.0573675	124
176	37091	276.0075373	124
176	42815	280.5550711	123
184	27089	315.9608101	92
184	35339	485.3450054	78
210	18183	424.2482344	136
225	9964	184.5159516	251
227	24783	614.1863162	97
239	30356	362.0208506	88
262	26949	923.6677271	47
264	22392	1217.866688	121
280	14890	456.6042171	125
327	29440	320.7990956	149
331	2652	242.5006225	173
356	8330	916.3440258	138
361	32	484.8767875	92
361	518	506.5346344	84
361	901	403.5887777	99
361	1466	380.2589348	109
361	3041	428.8802478	97
361	3876	367.4844532	107
361	4034	436.1673798	96
361	4346	509.3932342	86
361	4552	418.2386376	98
361	5122	417.1207581	103
361	6264	502.6751616	82
361	8229	436.7627086	99
361	8486	494.484536	87
361	8603	493.9224165	83
361	9459	370.9286732	113
361	10988	421.4676238	103
361	12750	512.7109523	86
361	12945	418.6956217	92
361	13613	455.3378391	100
361	13734	465.0387339	96
361	13762	474.5657187	95
361	17112	419.6078829	101
361	17905	380.4072779	106
361	17935	438.0630963	96
361	19692	433.4708383	103
361	20350	410.3818727	109
361	22057	473.9702999	94
361	22220	445.2261145	108
361	22430	468.6754585	99
361	22722	528.7210338	80
361	23324	422.5774513	102
361	24357	381.7012423	106
361	24384	478.4931518	82
361	26351	445.4438173	105
361	26615	410.4816604	107
361	27991	445.8010466	97
361	30250	462.001269	95
361	30627	386.449994	110
361	31884	472.861363	89
361	32476	444.2709666	92
361	34203	408.0463377	111
361	34475	498.4042353	86
361	34648	479.0335544	87
361	35736	483.2111908	87
361	35895	474.8571502	90
361	37774	462.7526912	103
361	39460	414.2291305	100
361	39475	434.1867001	104
361	40501	504.1794674	83
361	40778	400.8688264	101
361	41471	473.0670492	91
361	44607	375.8852242	105
361	46326	443.9907936	91
361	47083	447.9251497	88
361	47504	399.4991303	115
367	45468	396.9220841	121
368	14088	796.8852679	128
374	641	2303.78646	89
396	4951	223.7573294	104
396	31689	227.8334194	99
430	14586	379.5154843	182
430	18681	266.5841943	167
433	163	358.8332827	60
433	22095	340.2683479	65
433	38929	353.7737559	63
441	41630	190.9195686	219
469	20109	1003.374213	68
469	46782	1044.502994	71
485	9786	1145.64843	79
527	20853	999.7617419	23.79021103
527	29908	914.607061	25.97643606
541	9605	378.0572735	167
541	12483	357.2669875	173
541	15321	374.1757243	156
541	15452	341.8302168	167
541	22964	403.7180975	168
541	29393	300.6698842	171
541	29800	385.8199206	175
541	30699	373.9414666	164
541	34824	373.3365895	169
541	39242	419.1157782	174
541	39675	342.7621356	158
541	47919	356.4091901	161
542	41943	320.8645681	165
638	12113	1367.56687	101
642	44767	220.578112	94
647	8536	707.3373105	110
647	12683	706.6426428	108
647	46078	712.5625647	107
673	11018	266.6920903	219
673	27137	241.3225238	223
686	19495	189.7201286	190
686	27190	190.225499	184
686	28102	203.2282529	185
689	1731	828.4648301	96
689	16712	626.1554597	101
689	18703	1134.971308	86
689	42955	675.7702305	97
717	43401	303.2488885	158
719	2396	1560.061459	105
719	22646	1691.693867	96
719	29115	1599.481559	101
719	38874	1621.547423	98
734	10329	1276.873842	83
736	2965	220.5740008	138
745	4466	186.9294016	223
745	23407	200.9296198	219
802	9285	282.1132499	147
802	17916	300.5884498	147
839	20759	341.2522075	138
840	6747	974.2294315	109
840	27718	1081.023429	105
910	44389	1003.752473	100
915	43644	669.6306376	80
944	5607	1577.12224	94
955	16482	187.6293707	141
964	44873	2223.386602	78
989	6383	515.5514086	132
997	10476	387.7109981	130
1012	33152	642.7294522	112
1021	3287	564.6566686	125
1021	7407	563.1754347	121
1036	37990	295.3441044	123
1060	41358	620.5047736	101
1080	25404	1362.879944	117
1098	17471	183.9061042	128
1121	12679	1046.117775	159
1125	3880	351.2883737	164
1131	8418	395.0476681	133
1141	4663	895.1626124	46
1141	8982	884.2738112	48
1141	41782	877.3680981	48
1141	50077	881.6143181	48
1151	12974	1003.693956	101
1151	48619	970.9035423	102
1168	34312	780.9829773	85
1168	42388	780.537232	82
1176	5005	2852.62752	101
1176	29700	2826.471214	102
1181	25270	1021.190648	147
1181	35291	1011.879562	147
1181	42444	947.3614656	157
1193	17910	374.6221454	196
1195	48340	745.0868696	100
1233	16391	447.5908384	88
1233	22680	536.0388326	73
1239	46325	190.4318738	213
1249	17170	835.69488	102
1297	44114	455.7556067	161
1305	6671	1640.264199	99
1305	13324	2077.921074	83
1305	16882	1686.827166	97
1305	43629	1668.237622	100
1305	46136	2366.264938	78
1328	24285	995.5821768	79
1328	49861	989.1134855	71
1395	35259	1559.330887	85
1410	11565	358.769478	96
1410	28216	353.1773955	97
1412	9737	234.2976203	211
1414	27097	548.168847	47
1414	38615	551.8491398	47
1415	1706	3085.286544	38.58293741
1415	2891	3085.286544	38.58293741
1421	1545	873.0645908	85
1421	4598	870.4951775	88
1421	23782	865.2976861	86
1421	35206	863.4170039	85
1446	2679	308.3892741	100
1453	22116	707.6987363	109
1456	11328	275.0578137	149
1534	45057	313.2286554	117
1537	4868	2613.364972	66
1537	25980	2580.996415	68
1540	35266	375.014416	162
1540	35982	450.6556163	143
1545	30717	1611.905147	67
1552	14253	2173.758493	104
1552	15232	1998.094815	105
1595	19230	254.6645128	192
1596	4467	320.0592093	168
1610	515	411.571349	79
1610	20317	313.1584012	102
1610	32572	320.0766262	93
1618	34651	834.2126149	79
1618	48037	842.8193695	79
1624	44141	184.6968735	113
1624	48956	182.8957428	116
1634	3942	352.9029738	126
1645	16011	433.75495	137
1645	28988	525.1441287	117
1659	2261	392.7685311	107
1659	28787	333.8137621	111
1665	2926	668.5782231	115
1665	45061	597.0106006	121
1669	22364	427.0002632	54
1669	40503	423.9107061	54
1673	19285	464.6444691	148
1674	9486	1315.694651	137
1736	3310	1026.882605	166
1765	40108	218.6453077	192
1783	16927	580.4506617	78
1783	27795	581.676811	78
1793	21154	602.2471766	88
1793	31874	491.2085473	93
1793	49273	634.4569137	78
1832	8664	1511.006254	83
1835	17022	250.2870005	182
1878	11316	652.9543151	93
1881	2973	815.7644967	69
1890	5332	653.2662344	71
1890	16009	1014.995985	48
1890	22502	786.0484341	59
1890	28337	972.5651124	53
1890	44163	937.6152493	56
1890	44993	1048.014968	52
1915	9964	194.666333	254
1924	6957	420.3204437	103
1933	38809	315.7284878	127
1943	13275	451.9163264	83
1943	17029	435.8469769	90
1943	35414	325.7648592	91
1943	48065	434.6616788	87
1977	22230	603.2778561	121
1983	34869	1245.302494	91
2004	37967	392.2240979	184
2008	29306	218.5540115	135
2008	41821	209.7135796	142
2011	3782	1347.426232	125
2027	39052	468.9253825	189
2031	13204	253.6618391	96
2031	47787	253.6618391	96
2039	757	3984.178079	52
2044	949	338.0603597	166
2093	4913	185.2142624	218
2100	18584	389.2449197	71
2107	46167	232.6971354	151
2110	9916	561.157602	102
2110	32053	579.5133219	109
2119	7147	299.3115553	182
2121	39427	223.3209639	121
2127	2880	211.8454066	208
2143	29577	346.6048307	218
2143	32707	412.9499557	197
2143	42337	292.8642865	182
2197	20038	470.9906269	110
2197	30723	445.9747497	116
2197	45723	530.0120828	95
2227	20640	1187.375901	157
2227	47046	870.5181522	166
2245	16082	2738.202267	33.81608925
2245	21576	2728.771	34.5675579
2245	28592	2740.937815	33.81608925
2245	31404	2739.896157	33.81608925
2245	41004	2630.854535	34.5675579
2245	42673	1715.686052	33.81608925
2254	5841	328.5700276	180
2264	37393	522.3843544	109
2299	6410	723.9855315	136
2308	755	275.4285839	94
2308	15884	262.2011244	100
2308	33801	267.065929	98
2308	39506	277.5855884	94
2317	12817	1621.244119	77
2331	25577	1986.137697	95
2341	1018	857.8160977	125
2341	29932	894.4432368	120
2357	40062	1210.008698	86
2406	45526	330.7677236	74
2422	2081	239.1259351	60
2448	13185	339.3385581	143
2474	24647	190.6577547	170
2491	16193	216.7312444	193
2505	904	1048.089414	63
2505	16345	1008.01382	66
2505	34774	1055.997518	63
2505	36179	1011.282796	66
2505	41877	1069.186164	62
2527	6535	318.8246983	155
2527	17744	317.9103924	167
2527	22615	275.3606519	156
2527	26436	279.5501524	151
2527	31768	342.0745828	156
2527	37717	317.9313281	153
2527	47357	279.6478709	163
2577	3719	194.5489716	188
2627	30113	1108.181824	121
2627	35236	1083.317574	118
2652	10488	214.703591	183
2652	49669	269.3166417	155
2655	31550	1302.9785	72
2657	13313	430.0940121	139
2657	26336	470.5388493	130
2657	27183	535.229015	130
2657	33956	399.7746244	136
2657	36622	495.4119563	121
2657	39457	438.3809383	129
2661	15485	255.9767558	155
2673	43034	1027.89287	64
2676	22948	699.6436655	81
2684	21562	1558.571294	119
2689	15152	344.7079883	150
2701	16870	334.9928247	102
2718	14498	688.1190251	116
2718	23980	689.4413163	112
2718	29142	615.2966127	113
2718	40080	684.2729019	113
2718	44733	798.5929805	104
2721	41566	423.2151077	104
2724	37088	1193.136391	95
2725	26439	183.5219753	236
2732	3287	743.7036386	117
2732	7407	774.7612077	113
2739	37952	625.8521321	164
2754	4164	404.5017392	124
2754	13567	446.2576168	132
2759	21655	186.0883279	199
2759	28112	200.4770969	205
2765	414	235.3851343	144
2775	26376	302.5318408	154
2779	7976	309.4865635	128
2779	14734	320.0083312	125
2779	38013	317.9148791	126
2780	31734	663.7617043	76
2811	11620	264.3094955	128
2811	19329	309.4083027	120
2834	13779	678.9970748	72
2834	14228	668.6209784	74
2834	18929	679.6591623	72
2834	20961	691.5697674	71
2834	27130	681.2948462	72
2843	12645	573.2295153	156
2843	19584	595.2794866	157
2843	20005	603.1444584	152
2843	26243	616.0451802	153
2849	344	255.715877	182
2849	2723	182.3411387	183
2849	35707	210.4012949	178
2869	759	350.0262363	133
2869	1895	316.8172036	132
2869	6273	262.7178604	153
2869	17578	236.854509	163
2869	31047	255.5462957	143
2880	36722	326.1291094	124
2894	35194	185.228839	196
2901	32098	1630.991164	135
2901	43322	1356.950553	137
2982	31066	402.6428814	147
2982	37029	415.9741745	138
3012	32	496.2394812	88
3012	518	373.5690936	117
3012	901	334.4089667	111
3012	1466	457.0369986	87
3012	3041	322.5333702	112
3012	3876	360.6072248	100
3012	4034	346.0870201	102
3012	4346	350.7361149	109
3012	4552	491.1900326	85
3012	5122	305.9395211	113
3012	6264	376.670031	108
3012	8229	309.9197746	111
3012	8486	542.477731	90
3012	8603	364.3170334	104
3012	9459	483.280892	88
3012	10988	285.8898941	113
3012	12750	322.6140612	111
3012	12945	329.1047708	113
3012	13613	525.5628254	82
3012	13734	498.6938103	87
3012	13762	523.3205825	83
3012	17112	380.8473381	90
3012	17905	309.7435204	106
3012	17935	544.2944416	90
3012	19692	535.813015	93
3012	20350	498.3727733	85
3012	22057	533.9296295	78
3012	22220	553.1623733	87
3012	22430	524.6713942	83
3012	22722	394.395361	103
3012	23324	376.6618714	108
3012	24357	444.0321609	98
3012	24384	366.2417422	106
3012	26351	554.9268466	90
3012	26615	508.9793023	84
3012	27991	289.3430672	113
3012	30250	473.1611809	93
3012	30627	404.3898043	98
3012	31884	341.3794112	111
3012	32476	325.8643194	110
3012	34203	300.5216649	108
3012	34475	279.4443934	118
3012	34648	344.7997656	107
3012	35736	362.1620717	102
3012	35895	335.904401	110
3012	37774	356.0784045	108
3012	39460	323.6575386	111
3012	39475	407.6933278	96
3012	40501	375.0054279	97
3012	40778	255.2170081	118
3012	41471	299.9235774	116
3012	44607	326.3344576	103
3012	46326	341.4652033	105
3012	47083	341.9494398	102
3012	47504	389.8696445	102
3017	30901	420.5293682	84
3025	795	207.0334649	188
3032	11725	229.0548311	108
3043	47040	1394.873699	82
3065	42966	279.3067771	186
3077	30917	876.0880778	100
3082	18995	1533.935883	92
3099	5995	1261.509537	115
3099	9934	1221.75121	114
3099	13781	1029.572452	124
3099	25283	1134.885942	121
3099	36248	1193.864005	119
3112	21126	1071.816745	100
3124	9148	571.1273461	109
3124	31744	422.3240163	125
3141	39548	316.3984165	131
3143	41332	207.2759023	218
3153	37420	878.8117425	132
3172	2422	209.4126527	161
3172	16571	218.3794206	172
3178	8478	1407.284099	66
3178	11057	1539.257082	57
3178	11217	1497.351678	61
3178	24826	1671.353044	54
3178	25421	1408.76458	62
3178	30147	1399.42606	65
3178	30497	1485.259798	62
3227	13815	1356.729807	86
3234	16269	233.1962756	139
3234	30160	201.5086283	138
3241	8937	233.553394	180
3246	32658	1008.58756	61
3251	26066	1878.160259	65
3251	36663	1866.7356	65
3305	35763	334.0331553	119
3305	43562	399.8982559	124
3305	47010	394.7524073	127
3305	47683	430.9383072	124
3332	14692	354.0411077	163
3333	9796	571.3260194	92
3333	16757	631.5314958	83
3344	9750	260.5223942	111
3344	26530	257.7732729	112
3344	27066	259.2783567	112
3344	44870	254.1908725	114
3355	27997	230.5701001	131
3370	15053	1008.555279	90
3370	16715	942.2310703	98
3412	5676	305.9644716	119
3412	18504	308.0054035	119
3412	32488	310.0425935	118
3412	43663	298.2248625	121
3418	11986	204.5702636	237
3425	11140	1224.365782	134
3433	3569	583.6396719	149
3441	209	742.1804581	83
3441	11376	908.44293	76
3448	12112	2153.265888	53
3451	46483	396.9946458	170
3454	38031	376.1055479	142
3494	41575	301.5481287	144
3494	42031	346.7313529	130
3495	7008	2225.341232	68
3535	3950	185.3748819	156
3566	36014	718.541571	161
3569	3666	1181.664935	81
3570	7128	325.4842621	99
3602	12645	533.3102955	159
3602	19584	527.9246314	161
3602	20005	545.2799636	156
3602	26243	555.4722533	161
3654	643	918.7513134	134
3657	1213	653.0021661	33.81608925
3657	45503	635.0514802	36.1209642
3657	47154	644.7738587	34.5675579
3661	17586	181.8912658	242
3714	8754	593.8688464	153
3736	39925	1735.826903	85
3748	12768	198.0694588	181
3759	44131	1024.755097	41.21271655
3762	37067	423.4420428	96
3769	29071	727.3452902	67
3769	30511	724.4310016	67
3769	32097	727.3452902	67
3769	39411	718.9523112	62
3769	49702	718.9523112	62
3790	22032	313.6736407	226
3803	2829	1081.270216	68
3803	9932	997.3709598	78
3803	28431	1189.117467	68
3805	25994	385.045944	144
3813	6012	320.7482432	177
3813	19688	362.3328623	164
3813	23972	337.3267623	168
3844	12882	641.9074105	48
3844	24211	641.9074105	48
3844	26174	651.9659298	48
3844	47665	641.9074105	48
3846	49124	360.1924888	169
3847	38131	242.1725451	185
3859	9290	740.2044878	136
3880	43973	463.1755966	99
3880	45946	543.2496075	96
3881	21556	891.121886	143
3886	32311	200.9193655	160
3898	24766	1190.192942	116
3909	8422	190.9641705	213
3915	16192	1646.325629	69
3915	18565	1600.023003	71
3915	20406	1475.546567	72
3915	21229	1287.604746	82
3918	10447	226.1625315	96
3920	1098	770.1324049	151
3942	19554	215.7036541	158
3972	6455	979.3290322	99
3972	22906	1092.381823	86
3972	36271	1141.617864	79
3972	37403	1110.274378	81
3973	3422	633.154013	154
4004	14278	239.998448	143
4004	26729	217.4905177	147
4009	5744	368.6093795	129
4009	14016	382.0386474	138
4036	36069	435.2151901	119
4046	27837	824.238658	46
4046	47175	810.6530202	47
4064	8960	1159.481822	102
4064	12777	1079.249596	111
4086	924	446.940661	156
4094	22183	280.280777	191
4097	7720	308.8262095	162
4097	21106	297.9648074	157
4100	25146	825.6861039	168
4100	28846	709.8855517	177
4100	39478	830.3914124	168
4100	49810	695.0303025	180
4104	26023	600.9755869	191
4147	43950	196.5029961	164
4149	2149	181.5955756	163
4176	19183	1636.254459	94
4176	27893	1798.296188	88
4176	31958	1617.14496	99
4183	19728	574.587256	75
4185	17775	7618.914369	59
4197	27527	867.1993384	88
4197	46472	856.6017854	82
4213	44127	474.2216926	108
4231	37304	551.3064097	105
4244	39788	475.8865495	98
4264	1343	575.2751977	229
4264	11479	484.2039661	213
4264	13149	641.7834901	229
4264	42245	451.5667285	217
4264	44075	437.5627344	256
4266	28675	1219.422443	103
4268	12666	1379.131336	123
4268	48988	1708.006377	114
4311	23190	685.534199	132
4311	37267	689.4016738	135
4320	17526	410.7515639	113
4328	18005	3631.434671	42.1285547
4328	29229	3629.135291	42.1285547
4328	31996	3627.033304	43.0647448
4328	34026	3629.00681	42.1285547
4328	38586	3651.289288	42.1285547
4328	40487	3629.489791	42.1285547
4328	44644	3623.577063	42.1285547
4328	44682	3607.835939	43.0647448
4331	21111	258.1830076	198
4333	4523	1764.219645	102
4333	7901	1951.581514	101
4333	9499	1935.102591	104
4333	20472	1959.213965	101
4333	29977	1894.775149	103
4333	41624	1940.386015	100
4339	32819	572.9071075	119
4340	12645	566.3679048	154
4340	19584	570.008063	160
4340	20005	580.2196496	152
4340	26243	560.4172434	153
4354	38902	324.4985425	177
4363	20806	1598.169107	45
4366	19473	213.1790117	96
4378	33582	496.6965942	123
4388	19332	216.6143789	174
4433	183	569.3780692	132
4433	800	398.6613169	149
4433	15811	540.6395943	125
4433	15975	522.2994624	127
4460	16756	1148.123264	92
4464	28927	279.309331	63
4489	12119	299.6758423	146
4516	20267	351.7201723	84
4526	5861	248.6803162	216
4526	8240	269.2710894	219
4541	2960	455.6251124	126
4541	7599	359.3594973	142
4578	44362	220.3703899	222
4585	1189	490.1932302	127
4603	48827	193.1932876	163
4618	41000	228.4097359	200
4627	26359	646.9942666	117
4646	11873	1254.109386	134
4646	39426	1467.248011	129
4646	47140	1412.080458	129
4651	30717	1788.834387	68
4656	3763	235.9353061	133
4656	19479	249.1390383	128
4656	21808	252.6534077	132
4656	40037	223.0934104	121
4656	45701	233.3444757	134
4667	22546	309.0193131	154
4674	36846	3179.821389	70
4699	4564	909.8198038	40.31678793
4699	31389	917.7299975	42.1285547
4699	36466	903.0812159	36.1209642
4699	38346	906.0819533	39.44033602
4699	39751	903.0812159	36.1209642
4708	10527	334.6306606	129
4708	15388	327.145761	128
4708	15685	353.0866242	126
4708	21062	275.0046812	136
4708	25462	353.4357767	120
4708	31589	353.7525624	119
4708	33531	322.2626383	132
4708	41077	354.0440381	120
4708	46921	321.2507167	124
4708	49613	353.5212996	123
4712	37456	616.6127415	135
4715	28490	722.3782518	128
4718	12523	280.8930672	182
4718	21528	331.5032484	162
4718	26425	359.832812	161
4718	38657	291.4798408	182
4718	42559	314.1955384	167
4720	29206	333.1876786	75
4724	30411	200.9188685	135
4724	30750	199.8168436	135
4733	20889	414.9463464	218
4733	48717	439.5527277	199
4737	36860	725.4437466	52
4761	28138	563.8949181	92
4763	3523	1044.120744	25.41173093
4763	44344	1074.964827	23.79021103
4773	11127	1600.475823	68
4773	35101	1804.270699	65
4786	42108	261.0983372	161
4798	34514	1204.473323	75
4798	42915	1136.844699	83
4820	49449	1271.65081	121
4830	20633	333.3026403	125
4892	26253	1003.090815	95
4952	6262	368.1660776	196
4970	24814	217.0187674	209
4998	7567	248.2680901	94
4998	15075	268.6678732	79
4999	12645	381.9751447	183
4999	19584	370.4279697	178
4999	20005	438.6497097	161
4999	26243	444.7907762	168
5048	18019	1759.507998	62
5048	20303	1735.856945	63
5048	30739	1753.356151	62
5048	37606	1751.415822	62
5055	28763	885.5598996	138
5055	31344	865.5730167	144
5110	15293	385.7157142	129
5121	162	1124.114723	66
5121	16529	1108.712563	67
5121	41355	1108.712563	67
5139	21624	2216.41022	68
5139	29188	2223.315895	68
5139	31210	2189.385347	68
5146	10944	753.2121943	124
5156	4207	194.5705107	185
5156	25516	181.6032786	211
5164	624	2876.218287	70
5164	25165	2720.879646	75
5168	40049	254.882261	214
5176	43009	783.9383512	129
5176	45510	770.7256761	129
5200	11803	419.1970955	96
5200	41758	427.011196	94
5200	48311	352.7887029	106
5200	49591	411.5232707	105
5205	35314	909.8283435	30.2968022
5205	36966	909.8283435	30.2968022
5252	46177	290.9948682	129
5257	29389	393.8194649	68
5257	35043	398.5072047	60
5267	23061	255.6569992	179
5292	9041	1617.535865	77
5292	36705	1454.770361	78
5302	48268	183.9833403	184
5304	7973	1571.006449	128
5307	25645	450.8812448	160
5308	31640	2791.357566	40.31678793
5311	11623	893.4704238	116
5311	15072	732.6567016	130
5314	17347	1041.376857	91
5314	18986	1074.3698	89
5328	1879	415.8971369	138
5328	11445	423.2357005	136
5328	44297	479.0200385	127
5346	22670	1939.585384	56
5418	8668	943.2787515	104
5459	1373	825.103148	127
5459	8587	651.8527894	140
5459	14619	649.3314766	126
5459	23816	729.9894827	136
5459	30246	764.0094185	133
5459	42154	662.0363041	124
5477	2396	1715.180055	95
5477	22646	1681.92365	96
5477	29115	1619.668783	100
5477	38874	1748.574876	87
5511	18214	293.1801176	216
5511	19981	282.4659331	190
5511	43898	198.0514296	259
5537	788	1379.657743	103
5537	18004	1382.011185	103
5537	21013	1369.045637	104
5537	35161	1370.729407	103
5537	39153	1381.226997	103
5547	6292	330.950269	188
5548	46460	379.0542138	194
5555	1811	974.9973079	62
5565	18951	287.6399044	116
5565	27287	279.1124816	119
5565	36305	282.9822388	118
5574	2459	1693.813936	78
5574	5013	1694.625861	78
5575	43636	231.9589337	245
5618	8177	778.4848926	72
5618	39931	779.5405222	70
5618	41723	598.4113683	85
5638	2307	586.1141177	65
5638	9915	543.1387629	71
5662	1021	2087.770864	119
5664	36722	416.3913861	100
5670	19276	441.1136256	66
5670	25595	444.9168236	66
5670	47535	431.8320304	68
5678	12769	196.0991604	272
5697	21745	212.9026521	217
5741	763	444.576538	104
5741	8337	450.2467589	109
5741	18359	444.9739962	108
5741	19187	454.7952233	110
5758	29243	851.7913594	143
5796	2278	343.0340962	112
5796	9777	343.9719758	112
5796	31558	327.9849627	117
5796	47212	353.928051	110
5808	159	264.7321013	173
5808	3365	329.2889998	169
5808	15310	309.2415037	197
5808	49644	276.7071238	187
5818	38169	472.2634817	89
5833	5005	2436.273833	100
5833	29700	2375.548547	106
5846	32696	185.169798	201
5858	3951	3900.6249	104
5904	48602	815.7876609	85
5964	25882	376.021635	238
6005	21453	443.9080669	148
6013	5062	357.1831965	167
6013	17701	365.1034691	170
6013	35795	243.857375	153
6021	44498	861.2264101	76
6021	44872	918.5306369	69
6022	22965	547.9326162	138
6049	25027	394.7669056	62
6049	44322	382.7706932	64
6049	45129	376.8902596	66
6084	26253	890.3569635	100
6091	19242	451.4462943	158
6091	22778	358.8849206	178
6091	33175	281.1507084	158
6091	35639	267.3798605	169
6107	44766	620.3850937	94
6132	14681	1028.994391	144
6139	16038	935.2750511	141
6145	18995	1311.427441	85
6169	34858	654.0911413	111
6171	1994	3485.313293	98
6255	27022	298.8168784	150
6255	46563	218.4550947	155
6273	17064	1375.948375	100
6276	10528	1145.580911	100
6276	37127	1344.244469	92
6276	48212	1276.74779	100
6281	31193	464.8949488	96
6296	7450	971.4580861	88
6302	45107	368.1354609	120
6321	13572	205.9344772	188
6342	21154	539.7279165	91
6342	31874	510.292894	82
6342	49273	599.7377432	78
6346	43058	687.0843814	106
6389	17245	1223.041734	70
6389	36196	1403.095034	61
6405	2463	558.2954024	77
6405	6817	444.5383571	100
6405	9113	488.6560126	77
6405	34035	521.7449144	88
6414	529	806.8203671	120
6414	10280	866.6569136	114
6414	24228	827.2224217	119
6414	30509	814.5052965	119
6415	10149	194.1288169	216
6415	16256	193.7649294	216
6415	26684	192.2602293	217
6415	27940	198.2723707	215
6415	28057	203.7462648	213
6415	29340	200.292436	214
6415	31380	198.1376505	215
6415	36050	199.2200058	214
6415	39996	198.0381389	215
6415	40226	189.6936976	218
6418	24473	258.711048	138
6477	3290	221.0075151	127
6477	18203	283.5928717	103
6477	20558	201.7919024	127
6477	30436	216.0335758	129
6477	44038	217.1608352	116
6547	8471	602.7971641	111
6547	21199	557.4203886	118
6547	31236	575.0566919	126
6547	33827	495.9270364	142
6547	44230	551.1983193	126
6586	15213	278.4087126	201
6606	15338	942.824622	142
6606	18311	631.7737394	156
6625	4713	973.2037782	36.92365229
6663	6534	226.8548581	146
6701	43582	216.8135313	73
6704	35312	187.4669187	138
6711	33280	2151.13864	13.73299768
6719	9246	917.4719926	73
6719	48514	744.8506509	85
6719	49335	735.1351335	83
6744	3439	225.1046891	143
6744	21747	219.9802574	132
6744	23380	297.8542052	128
6744	28412	198.2304442	153
6744	33218	259.9656472	136
6744	38751	190.2567343	150
6765	35016	1866.409869	62
6767	42942	702.1504524	102
6796	11355	571.3097907	109
6796	19744	483.0068164	115
6824	13498	3474.763498	28.99386789
6824	24422	2951.684343	27.1437722
6829	3534	315.9479856	178
6838	13614	2027.776031	104
6839	44147	291.6070875	164
6844	14586	485.4042761	152
6844	18681	423.6459582	155
6845	16028	801.9613089	46
6845	19619	820.2342868	45
6859	3662	575.4656153	90
6880	1597	582.6924157	102
6880	18232	590.5032474	101
6884	3337	248.1442289	199
6906	44658	2298.916323	45
6923	415	535.239854	120
6923	13530	634.8032803	111
6923	28028	613.2697355	111
6936	18148	2661.336599	57
6936	32737	2618.972112	58
6945	43780	684.1222431	97
6955	8840	519.8495757	138
6955	10428	431.3061665	141
6956	1401	782.6649268	57
6994	45159	193.3614654	238
7005	6551	780.1327258	69
7005	43118	782.4917116	69
7027	15206	2920.960967	56
7027	16988	2897.441427	57
7027	32010	2862.159876	52
7027	49637	3083.775882	53
7030	20697	844.4276873	120
7030	30790	863.2532205	121
7030	37722	828.2807146	121
7032	34724	304.1229667	128
7071	22009	422.9879348	130
7083	24467	328.3576555	131
7097	15086	189.6431143	183
7097	43192	232.613464	177
7102	24691	696.0708247	56
7108	4705	228.5458451	103
7108	14153	221.5414	104
7108	14312	234.9947145	102
7108	25652	235.2645363	102
7108	32228	218.746647	105
7108	46215	231.0140353	102
7112	21766	452.1701147	101
7112	22113	456.9979002	113
7118	34960	2597.87126	100
7134	27777	266.3854858	142
7165	15014	2214.508658	67
7165	47848	2224.200433	67
7185	20473	330.7296916	173
7196	41451	540.199012	84
7196	50144	521.6199101	93
7200	8219	500.5648437	128
7202	26069	480.4580116	98
7202	43605	530.7009756	91
7202	45410	425.3244601	102
7208	7965	279.937252	104
7208	23215	248.0194823	120
7208	36088	239.2520639	117
7225	5216	446.1015453	115
7225	30892	449.6850222	115
7225	33840	448.0692544	115
7225	42037	438.9567068	117
7282	1851	898.4147984	59
7282	20983	893.7537252	60
7282	29365	891.693611	60
7282	38073	880.3931181	60
7282	40767	893.8993091	60
7285	22992	444.736726	87
7287	4604	1142.509551	53
7287	9429	1142.509551	53
7287	31794	1142.509551	53
7287	31962	1115.689358	54
7287	47684	1142.509551	53
7299	32944	1674.904534	120
7313	16492	331.8876216	206
7329	29822	408.0513263	150
7329	43887	335.6842877	163
7349	11037	198.8919216	237
7368	7150	267.1946928	152
7368	13124	305.0984104	140
7374	21953	450.9372158	99
7378	10312	331.8858582	199
7394	12645	558.4098689	156
7394	19584	568.915882	155
7394	20005	599.8038754	151
7394	26243	594.9656219	153
7405	13826	198.3642289	192
7434	38884	1345.566417	79
7441	18693	438.7531873	100
7441	46171	432.8981379	103
7456	46190	186.4923037	117
7460	19270	198.435222	101
7467	32814	1044.415558	70
7467	48737	1062.675115	69
7472	22473	1214.103707	75
7479	33192	1098.691372	69
7488	22876	213.0936489	139
7490	29760	2507.935992	90
7490	33645	2267.582044	97
7538	37318	334.0157142	99
7545	499	239.8803231	198
7545	26568	251.3030641	192
7545	31988	187.5872523	207
7563	3872	1443.543073	86
7563	11338	1389.206065	87
7573	6228	704.6422853	66
7573	15951	712.4386436	64
7573	34980	566.7918553	76
7594	1184	1177.09167	104
7594	36679	1101.999996	108
7594	40073	1207.360774	103
7606	1343	648.8894924	218
7606	11479	550.001387	225
7606	13149	793.1766744	214
7606	42245	515.3656304	242
7606	44075	597.7407788	228
7615	2916	430.60036	81
7615	27594	397.7668532	87
7635	23728	1128.559045	133
7644	6600	1372.224336	79
7644	31151	1352.10256	70
7665	33371	194.2608944	204
7680	585	494.0259553	128
7693	14178	1274.698078	53
7693	31273	1230.302079	63
7693	31524	1207.979169	62
7693	41052	1117.809455	66
7695	34869	1468.302221	84
7705	18761	2119.831825	94
7705	48293	2323.719052	86
7735	34522	273.0951244	226
7748	18443	184.8963944	297
7789	12645	533.161334	155
7789	19584	527.5135762	156
7789	20005	525.9634627	157
7789	26243	541.9223789	153
7792	21787	1202.789718	56
7794	11070	948.5935471	113
7822	40520	238.6216624	154
7829	18940	489.2006572	98
7829	28440	533.7427557	86
7829	38907	483.299735	103
7834	7941	300.5223148	120
7834	31871	246.6451391	124
7837	9101	359.6173365	212
7837	46172	303.5651144	220
7842	3671	395.9668306	129
7842	24090	357.971849	132
7842	29154	324.0264682	143
7842	37712	329.6715017	139
7844	48308	697.927553	68
7857	32	551.720848	80
7857	518	392.9602615	114
7857	901	428.8851401	105
7857	1466	473.9209618	86
7857	3041	364.1257634	116
7857	3876	442.2822307	102
7857	4034	394.4198301	110
7857	4346	419.7340548	104
7857	4552	439.3575554	97
7857	5122	411.2881441	104
7857	6264	416.2650513	111
7857	8229	487.3787869	91
7857	8486	475.1206826	92
7857	8603	466.4993912	95
7857	9459	436.329073	101
7857	10988	446.2170493	102
7857	12750	468.5410742	85
7857	12945	297.5579995	126
7857	13613	518.6986738	87
7857	13734	450.4564536	99
7857	13762	430.330225	105
7857	17112	485.5460389	89
7857	17905	576.4982085	69
7857	17935	490.6095949	86
7857	19692	491.4216511	94
7857	20350	506.4811309	93
7857	22057	460.7588779	104
7857	22220	438.0225144	96
7857	22430	447.4476203	98
7857	22722	468.2763717	107
7857	23324	461.5750104	95
7857	24357	466.4109599	92
7857	24384	396.5747684	102
7857	26351	483.1492313	82
7857	26615	505.6298614	90
7857	27991	459.417107	113
7857	30250	417.0865266	106
7857	30627	511.3904606	88
7857	31884	478.0810358	96
7857	32476	404.411242	107
7857	34203	582.6109309	69
7857	34475	459.4353724	95
7857	34648	451.0383435	98
7857	35736	395.0657915	114
7857	35895	448.8194055	108
7857	37774	489.7046115	93
7857	39460	368.3786781	112
7857	39475	416.898416	105
7857	40501	450.5656579	99
7857	40778	373.0775434	120
7857	41471	427.6832778	101
7857	44607	382.9302183	106
7857	46326	421.3103814	95
7857	47083	339.7673387	111
7857	47504	499.3781705	90
7872	4290	1103.822699	116
7872	28107	937.566216	123
7894	9543	1345.896545	97
7948	1723	319.3909302	99
7996	41638	2675.265185	89
8011	1252	807.4903468	41.21271655
8013	1037	208.145009	120
8013	14134	205.4788765	129
8053	10579	271.6805781	125
8053	25194	377.7750187	108
8084	19183	1582.853119	92
8084	27893	1673.275848	85
8084	31958	1611.178414	88
8098	3395	881.8791238	39.44033602
8098	12932	1165.336105	40.31678793
8098	24635	1156.208402	41.21271655
8098	37505	1170.844611	39.44033602
8098	46471	1052.117083	38.58293741
8136	17163	424.2932137	101
8136	35888	435.433588	99
8137	16344	195.7901288	205
8137	23961	200.59942	195
8210	209	976.7845767	88
8210	11376	1324.004705	76
8231	20926	370.3349668	158
8237	40958	212.3267881	163
8240	3317	1356.68793	76
8240	8533	1101.67401	85
8240	10071	1242.259209	80
8240	13654	1343.943066	77
8240	29538	1350.496734	77
8240	48362	1245.609974	82
8249	38648	1501.164549	89
8276	50018	720.3882184	96
8303	34514	1077.001439	93
8303	42915	1109.942186	93
8327	6883	197.7239441	289
8366	37794	443.1985631	107
8437	12826	189.5336345	177
8439	24725	317.7965057	139
8439	28486	392.3260658	129
8439	46258	318.6862135	136
8439	48377	291.5265921	145
8444	23798	2831.986155	60
8445	15572	185.7684302	209
8450	2463	622.3917084	78
8450	6817	557.1847817	90
8450	9113	541.867093	94
8450	34035	565.2457827	85
8475	27592	214.1368131	183
8489	12302	267.7423901	192
8489	44570	325.3710619	201
8498	17664	1037.491428	98
8498	36695	1039.343203	100
8498	37004	1001.124416	105
8508	36775	3396.417682	46
8522	28719	1565.664747	56
8534	26712	316.3045757	118
8534	28322	341.0067056	117
8534	43102	327.1162602	118
8535	17278	365.3162219	82
8535	25875	365.3162219	82
8535	39195	365.3162219	82
8560	15829	797.9133935	61
8560	29751	821.6093009	58
8561	13263	1822.992694	62
8561	13709	1765.605918	68
8561	17013	1802.064113	66
8572	42119	1052.339962	134
8580	9202	831.1703898	107
8580	44055	831.4977887	108
8580	48562	831.4977887	108
8586	19118	337.6751991	127
8586	42921	278.4506692	138
8589	11137	224.9449602	103
8599	14286	2186.584344	124
8607	20217	432.3337047	73
8619	22582	291.6842565	168
8619	22656	275.8046246	176
8619	49390	285.4338722	173
8635	2079	2039.699493	83
8635	25443	2026.012419	83
8636	22082	930.3546087	99
8690	6671	1737.742485	97
8690	13324	1765.548754	93
8690	16882	2031.801132	91
8690	43629	2228.610632	88
8690	46136	2169.950058	81
8716	32941	410.3817524	95
8732	32655	753.0577708	120
8738	4983	239.4726703	207
8743	12652	288.6991259	117
8743	39011	254.4065245	135
8753	29396	1329.912602	63
8753	32295	1283.542426	67
8759	37225	2607.567278	96
8759	49823	1448.918025	99
8778	36365	1246.146702	106
8787	13832	1302.949044	85
8793	7965	241.6309072	117
8793	23215	230.9495165	119
8793	36088	217.918277	117
8801	666	286.1604627	98
8801	27573	307.5240222	92
8801	35147	313.6177285	87
8801	37171	306.1189396	89
8801	41714	307.9214015	89
8805	29577	689.0757728	162
8805	32707	646.9571083	170
8805	42337	566.0271098	176
8823	10772	225.122419	202
8833	21439	1982.001688	38.58293741
8853	50100	683.1423373	99
8867	30451	634.3608781	116
8867	44932	534.7414925	115
8886	46939	336.7016367	163
8914	183	596.4475105	139
8914	800	438.20508	162
8914	15811	544.4133427	145
8914	15975	536.5418751	134
8920	41156	813.1151805	99
8920	46192	849.9354349	98
8942	7182	596.1330261	121
8948	14761	215.4163835	145
8948	36364	207.9706691	146
8963	6457	268.120139	222
8973	17028	917.7201744	63
8978	15631	2425.540738	58
8978	44279	2428.009306	58
9005	12502	633.3700753	122
9005	23878	722.2912222	117
9028	35851	975.1947626	109
9030	13026	558.0508047	199
9030	39799	632.7256726	197
9055	21978	572.4673883	159
9055	38641	641.2698214	165
9055	47957	551.4082357	183
9073	34778	710.1917477	64
9087	8471	684.7184719	117
9087	21199	646.8064291	129
9087	31236	643.7255925	132
9087	33827	595.0250832	122
9087	44230	619.2677666	122
9097	49642	189.002691	144
9098	8267	3663.869395	84
9100	9943	617.0330484	126
9110	25944	354.5311446	79
9112	24404	428.7317462	128
9114	28485	1403.839703	65
9114	42541	1372.798529	71
9120	47649	874.1624704	127
9122	3828	524.1279046	52
9122	6679	507.1860082	54
9122	41841	520.9671898	61
9133	31030	199.2132622	207
9148	10149	194.0379814	215
9148	16256	193.6716324	215
9148	26684	192.1659793	216
9148	27940	198.1870606	214
9148	28057	203.6805241	212
9148	29340	200.2141595	214
9148	31380	198.0555594	214
9148	36050	199.1417293	214
9148	39996	197.9521262	215
9148	40226	189.5855388	217
9158	37925	222.427888	164
9163	10128	1085.984481	88
9163	40574	1062.983546	93
9185	42776	2460.871034	100
9191	39788	551.1626909	90
9228	43476	233.1702417	163
9234	1343	589.0883284	226
9234	11479	423.4567282	263
9234	13149	703.4453699	214
9234	42245	331.5520911	301
9234	44075	510.3978141	266
9281	6281	250.4339492	100
9281	49005	248.9859705	102
9303	14493	458.6280955	153
9335	8991	2989.468964	46
9335	31888	3034.292529	47
9335	42651	2773.604074	51
9361	20568	414.3511058	121
9370	44745	224.5995594	224
9372	43614	887.7083574	72
9386	8722	272.5804213	150
9395	8354	745.7537769	94
9395	9142	717.8945464	98
9395	24147	803.9379931	87
9395	37339	615.8853591	98
9416	10128	1199.686869	86
9416	40574	1175.471016	88
9417	10393	1422.541798	66
9424	3439	186.3082508	167
9424	21747	256.3056926	131
9424	23380	294.4436252	130
9424	28412	240.5909379	146
9424	33218	327.4881836	117
9424	38751	190.5952062	153
9432	6408	321.5938006	153
9432	14460	342.3088338	141
9432	32430	375.3557544	133
9448	17773	721.0468833	57
9448	36468	724.1733507	58
9448	39229	725.5498932	59
9448	41170	725.9147585	57
9453	10149	193.6449742	204
9453	16256	193.2494561	205
9453	26684	193.4859654	205
9453	27940	197.9204048	204
9453	28057	203.7653158	201
9453	29340	199.9739667	203
9453	31380	198.4176362	203
9453	36050	198.9598424	203
9453	39996	197.6134882	204
9453	40226	195.4991077	204
9469	32021	2060.942311	78
9556	9720	1498.445455	69
9568	13561	193.7575248	177
9568	17242	200.071387	183
9568	18745	205.3643075	167
9587	39252	583.1960821	102
9590	16012	260.2003615	123
9590	17738	248.8318799	141
9590	19779	261.4078555	122
9590	49040	261.4078555	122
9598	49733	550.1467921	128
9604	31964	279.2229971	181
9607	23036	423.0405384	178
9607	43850	460.792019	166
9607	45717	425.2002753	178
9618	7773	922.0906809	17.48895434
9618	42712	939.9106943	16.37298599
9621	24808	1278.293148	98
9621	30269	1238.474561	102
9625	31360	413.5379717	96
9625	40250	397.881961	97
9632	17704	340.2141395	83
9632	34398	341.4967336	83
9632	46406	344.4694116	82
9656	38798	429.8882748	138
9656	43020	428.7806745	138
9657	30974	706.9881637	127
9661	13612	1801.077572	93
9661	15195	2067.646708	87
9721	10701	730.780413	71
9721	31041	758.3900101	65
9721	34572	732.0101024	62
9721	42611	731.7890001	69
9751	28474	2085.175795	52
9767	974	1301.977236	44.02173913
9778	32401	793.8732472	100
9778	33311	810.5195925	103
9799	10092	230.3558402	127
9803	2575	911.8146402	113
9803	18779	686.478878	113
9803	32422	1089.539207	104
9835	20546	290.2115327	156
9883	25204	451.2757546	130
9889	7629	237.4809172	114
9911	42996	731.7117386	136
9912	13001	442.5375343	144
9945	38794	353.4707589	151
9948	706	780.1601576	106
9948	4334	712.2755642	105
9948	14601	800.3294445	103
9973	1524	381.5045581	106
9973	2426	353.5660264	114
9973	25792	468.2792336	91
9985	44184	1634.654124	111
10034	4160	189.4976444	134
10034	6022	188.7314152	129
10034	7005	243.5930771	106
10034	32513	206.5196055	120
10051	14273	1293.940191	89
10051	14729	1287.92664	89
10051	19231	1286.073149	89
10055	6671	1642.510217	96
10055	13324	1692.801127	93
10055	16882	1611.117329	97
10055	43629	1629.17792	100
10055	46136	1850.369033	92
10069	640	1444.284273	94
10069	27506	1496.838865	91
10069	38753	1487.351488	87
10069	43400	1505.112434	87
10083	45034	186.5898483	189
10112	22534	686.3254874	47
10122	24807	442.9254589	107
10122	43379	414.3543287	112
10122	43878	422.5136848	100
10133	18872	290.9122566	151
10133	42872	208.5135581	173
10156	19567	196.0682612	173
10163	33815	273.5824604	152
10199	30506	410.0780027	159
10217	14600	227.0928514	167
10219	12121	662.3273355	59
10222	21673	762.4120838	82
10225	16192	1457.319734	75
10225	18565	1509.594306	73
10225	20406	1342.623437	78
10225	21229	1332.209701	83
10254	33992	795.1949677	43.0647448
10254	49436	795.5314074	43.0647448
10255	1433	232.4722095	216
10255	11841	213.0301483	204
10274	3221	251.8881825	209
10312	3323	248.4864292	168
10315	32147	802.8246698	111
10321	19050	305.0879548	152
10325	6535	232.9004053	193
10325	17744	246.5334491	173
10325	22615	237.1324008	186
10325	26436	239.786857	164
10325	31768	238.9700744	167
10325	37717	229.29569	185
10325	47357	255.4872607	182
10342	27354	666.6366136	92
10360	24911	680.3371075	121
10389	33309	265.2418115	119
10412	15334	240.1362857	114
10418	10579	493.8623365	97
10418	25194	645.8810384	87
10431	2408	926.3889611	139
10431	2991	972.7808604	140
10431	32693	896.9962748	141
10431	39233	793.654912	137
10431	41620	970.9482295	130
10431	43702	820.5509346	139
10434	39876	1211.95579	53
10435	34428	1802.055383	67
10451	43632	376.4070354	102
10476	6272	2093.344058	104
10494	20429	2315.935732	111
10494	31703	2014.751107	118
10496	39258	904.3801167	73
10520	39214	195.0907522	197
10525	31822	288.3375326	206
10538	14584	246.683437	304
10576	9937	260.2263805	143
10627	40971	271.5969161	192
10636	30285	1378.570135	60
10644	21701	3967.082758	54
10644	49901	4031.366672	53
10653	9451	352.0403939	145
10656	31201	961.1225482	167
10689	21972	1151.907316	121
10689	23023	1142.737958	122
10689	23178	1147.760831	122
10689	31319	1150.740503	122
10689	38739	1163.368335	121
10710	14554	292.5295307	135
10710	38536	322.2361978	120
10767	27970	890.6113435	132
10767	43173	974.4367209	126
10770	28187	762.9898143	183
10800	299	338.7881769	150
10803	27610	2344.544859	64
10869	32619	788.5208002	131
10871	28244	1320.795227	110
10872	48457	613.037785	166
10883	43440	225.2398247	158
10896	34483	242.673013	251
10896	47828	236.7783703	224
10898	17747	217.450881	141
10898	21260	314.471527	153
10898	48753	210.5968843	169
10898	49493	181.4590323	165
10905	5389	388.700609	146
10928	44693	3514.528304	81
10992	20339	514.9447136	138
11007	25091	3836.569039	80
11087	1870	1685.095422	101
11090	27451	394.1595465	109
11094	8591	1073.05139	104
11097	32696	185.169798	201
11110	17621	2468.851436	68
11111	9051	243.0249411	149
11111	24969	218.3871883	162
11115	183	711.4077068	121
11115	800	566.3115733	133
11115	15811	610.6904057	120
11115	15975	629.8918825	127
11120	4316	629.5592686	160
11121	425	199.7354008	260
11170	27088	270.8026395	219
11176	21634	303.1617889	124
11176	47315	266.5041998	136
11178	30729	182.7603241	259
11185	5292	1301.906483	96
11192	34560	1133.785871	36.92365229
11192	43132	1040.290716	43.0647448
11216	5168	1458.875709	106
11216	35223	1395.347787	109
11247	26664	512.1593039	46
11247	36090	512.1593039	46
11249	2104	197.5544457	128
11257	30844	562.0881382	88
11280	22337	1260.196775	77
11280	48027	1200.997448	80
11288	6114	1108.144699	169
11289	32696	185.169798	201
11312	10664	238.89852	203
11315	12645	461.2915429	169
11315	19584	487.2905978	172
11315	20005	495.3613302	169
11315	26243	526.2436577	163
11317	37977	440.3314275	134
11330	10728	503.3159834	155
11360	32314	1330.53722	104
11360	41194	1369.103316	100
11419	1316	294.0537942	93
11419	14789	236.8949664	108
11419	28338	196.4834819	124
11419	44988	270.8344469	97
11440	30451	585.9172299	124
11440	44932	632.0647526	122
11463	32696	185.7043437	200
11469	7366	613.0962098	37.7441779
11479	30782	1777.913861	68
11480	4840	893.5832554	66
11480	12748	893.5832554	66
11480	32018	893.7068593	66
11480	48802	893.5832554	66
11488	12621	412.3346561	135
11488	32777	565.7701929	120
11514	31485	507.7359063	86
11554	38398	206.4195663	122
11560	46495	611.7176386	98
11562	605	476.6805256	133
11564	33567	264.0007079	209
11571	18834	626.8188617	174
11571	29500	526.5660627	183
11571	39175	493.0286403	184
11574	21176	181.6301842	111
11589	1344	190.2342143	175
11594	21154	697.2402259	84
11594	31874	606.8656174	76
11594	49273	712.909158	72
11606	12105	281.0830673	100
11606	22540	271.9903521	110
11606	43306	275.6788848	102
11606	49252	276.9565294	101
11606	49963	270.379713	110
11608	19100	2297.91937	62
11608	47938	2304.822798	62
11610	17153	663.7979775	121
11619	431	1292.242125	61
11619	2707	1182.279546	63
11619	14614	1214.977547	72
11619	37413	1276.785256	64
11619	49128	953.4325343	74
11628	1824	991.833689	75
11628	31750	991.6213566	75
11628	39044	991.833689	75
11637	39214	194.0000338	170
11665	971	894.0590474	86
11677	8050	262.4074171	174
11677	27193	279.7902787	164
11685	6971	653.3868627	113
11685	32182	627.207797	112
11685	47193	704.6474825	104
11688	20975	484.8391482	189
11688	31482	515.8600966	194
11710	41859	302.7258617	135
11719	10149	184.266001	207
11719	16256	183.8784943	207
11719	26684	184.1183798	207
11719	27940	188.5104792	206
11719	28057	194.268367	204
11719	29340	190.5284136	205
11719	31380	188.9969087	206
11719	36050	189.5272405	206
11719	39996	188.2198293	207
11719	40226	186.0885246	206
11742	1729	243.9665605	148
11745	2964	330.3496536	125
11745	39623	311.7815854	128
11748	19487	694.177266	173
11748	26403	741.1234836	170
11748	44666	944.290366	164
11783	27324	217.1736081	215
11805	7500	497.0752316	150
11805	14728	414.2764031	150
11805	28532	494.1409061	144
11805	36300	534.8680914	143
11805	48758	551.2741348	139
11809	9250	318.4450005	179
11809	24015	316.5620764	179
11809	31357	409.6015351	158
11809	32703	380.7801877	180
11815	12645	605.8688615	153
11815	19584	631.4889362	154
11815	20005	620.6899704	158
11815	26243	608.8062841	156
11816	1614	968.0742914	53
11816	18272	977.5749937	52
11816	46339	960.2417193	54
11821	7398	377.986275	208
11831	38834	1969.254728	93
11833	40215	631.5228321	141
11897	3288	954.5722774	106
11920	22107	450.1580203	109
11929	22100	922.0548985	88
11947	14641	925.6850584	54
11955	6455	1159.872955	86
11955	22906	1144.724595	85
11955	36271	1254.783848	78
11955	37403	1214.558571	86
11962	34716	1909.253031	103
11994	10233	4444.590246	136
12008	31692	222.2462408	163
12052	9951	389.5241942	80
12065	37353	852.6337403	63
12096	14233	244.6962808	205
12114	36068	441.1537022	95
12175	15341	654.1702812	116
12183	35542	1624.614633	76
12190	15129	726.4904252	139
12202	12645	539.4429381	162
12202	19584	559.6622384	170
12202	20005	558.2808367	170
12202	26243	591.0933474	164
12208	19034	310.2571772	149
12262	17153	462.0961621	140
12272	34442	268.2050651	166
12279	46161	2579.406185	45
12314	2679	190.3085307	135
12333	46867	621.8405525	94
12333	49933	625.7645237	94
12342	23442	330.3652616	128
12345	14909	2320.216622	63
12345	39618	2268.977927	64
12345	49627	2325.771529	63
12364	6039	299.8836538	142
12375	18214	535.5110853	168
12375	19981	483.566385	182
12375	43898	377.4321319	173
12421	32368	803.5323522	67
12425	11855	394.3649455	143
12425	26072	424.8066878	126
12440	32	569.6991337	80
12440	518	541.2482111	79
12440	901	493.3923429	94
12440	1466	426.589888	102
12440	3041	411.87755	105
12440	3876	428.3538137	92
12440	4034	512.282501	90
12440	4346	602.3907867	74
12440	4552	407.2703863	105
12440	5122	496.6421818	89
12440	6264	484.3542791	89
12440	8229	470.8982656	89
12440	8486	478.3831987	89
12440	8603	552.8086574	77
12440	9459	416.7980547	102
12440	10988	475.7563993	95
12440	12750	512.3811592	83
12440	12945	490.834432	94
12440	13613	478.2059859	96
12440	13734	443.0558963	100
12440	13762	491.7433422	90
12440	17112	487.7595818	91
12440	17905	425.8914731	104
12440	17935	460.8847712	94
12440	19692	492.5699433	92
12440	20350	456.3413801	96
12440	22057	450.4889177	94
12440	22220	446.619813	97
12440	22430	454.6912137	100
12440	22722	618.3493404	73
12440	23324	451.0818053	95
12440	24357	439.0656369	102
12440	24384	491.5105617	87
12440	26351	485.3634601	101
12440	26615	452.3080219	96
12440	27991	485.4449711	94
12440	30250	436.2639469	103
12440	30627	491.3502583	94
12440	31884	554.2126885	82
12440	32476	479.3387217	89
12440	34203	459.6831653	95
12440	34475	465.9143406	98
12440	34648	505.7188742	83
12440	35736	527.5632916	81
12440	35895	522.3539688	97
12440	37774	504.1026377	86
12440	39460	457.799896	93
12440	39475	485.9367956	89
12440	40501	529.371843	84
12440	40778	389.538515	99
12440	41471	433.2387958	102
12440	44607	461.6082207	92
12440	46326	540.2445698	79
12440	47083	440.2898018	94
12440	47504	495.9182927	92
12475	5505	608.0086302	90
12541	37110	494.6197296	147
12551	15826	1108.256703	88
12566	2515	362.634107	109
12566	11605	363.5672158	108
12566	34942	362.6754174	108
12582	28075	1957.232343	56
12582	34845	2001.339802	55
12585	35178	231.111579	150
12585	44972	302.6483778	137
12586	27833	2211.437133	37.7441779
12603	8877	539.3885913	87
12603	16030	547.9599746	91
12603	16396	513.8976195	95
12609	1951	816.7200895	80
12609	26339	1211.758774	79
12609	37730	1220.962349	79
12616	16597	345.5385819	121
12658	45227	193.6593894	221
12663	6571	508.8103791	107
12663	25244	427.2072737	100
12663	28266	565.610304	106
12663	42290	520.9311649	104
12706	39881	213.5887195	202
12710	14608	1171.858026	67
12710	25586	1202.065483	78
12710	40876	1292.837148	69
12722	8049	506.3417393	80
12722	19980	537.1642209	80
12722	30248	531.3299488	81
12722	41571	537.1642209	80
12722	47561	533.2769107	81
12722	48299	537.1642209	80
12723	26144	955.1952404	146
12733	21263	263.2454536	153
12735	6073	215.4688757	142
12747	13997	189.3210554	202
12759	3718	731.9459824	154
12769	9310	559.5517906	87
12772	9090	206.6805449	140
12772	43288	199.6819243	155
12800	32470	242.3590526	184
12823	47958	3017.508574	30.97006447
12830	24212	928.1572138	82
12830	32898	845.3383457	86
12830	38215	947.3909418	80
12830	44894	933.9124001	80
12836	10042	6726.018144	116
12836	13720	6899.343734	118
12842	36368	261.7759375	153
12861	47853	238.2192062	260
12883	4295	595.7300032	55
12884	38809	346.0818428	138
12899	31590	1361.370845	52
12899	36111	1478.483593	50
12899	43382	1478.075617	50
12938	8471	590.6054146	129
12938	21199	583.9865347	130
12938	31236	582.7418912	143
12938	33827	539.39178	135
12938	44230	567.9755011	131
12941	22009	389.9576011	120
12964	4114	923.623737	65
12964	40931	925.956472	65
12964	41108	961.7873783	60
12964	41261	925.956472	65
12964	45762	937.6862079	63
12996	7186	260.9327274	149
12996	11222	314.9440015	133
12996	11642	283.3573603	145
12996	21474	273.4933976	134
13031	33932	2383.120282	37.7441779
13038	15967	403.073106	97
13045	30216	237.9480383	266
13053	8888	411.2145156	217
13053	37753	264.3185554	234
13054	29583	533.542276	75
13098	6161	595.3497574	107
13098	10147	610.058727	110
13098	47821	592.2560574	106
13128	50185	691.2002755	118
13141	32529	1390.558494	109
13151	24453	904.7569709	110
13195	35171	3695.665772	87
13197	32696	182.2595965	202
13223	11981	1048.646735	79
13223	17646	1034.556755	79
13223	23812	1029.207927	80
13239	15736	754.3799589	128
13239	45926	682.9541473	139
13257	1158	638.6720571	106
13257	28898	645.89099	100
13265	4423	447.7309162	132
13265	36509	463.5266535	132
13265	39854	470.3153533	130
13265	48046	445.3677257	133
13324	17664	1028.14256	103
13324	36695	1051.027132	99
13324	37004	1044.57395	102
13330	41510	193.2992743	288
13359	5896	2032.070971	65
13365	14798	523.0790259	140
13365	36923	450.5255165	139
13387	27329	208.5235165	184
13391	41298	968.5040395	90
13407	12590	303.9043072	121
13407	47905	295.7874045	130
13442	7880	1501.277129	86
13442	13682	1476.385771	83
13442	23543	1535.218929	84
13444	22582	291.7488807	173
13444	22656	284.278486	179
13444	49390	261.6865834	182
13486	31102	185.7008084	192
13488	36443	272.3092741	132
13489	9285	321.1141988	128
13489	17916	331.8852467	125
13492	37875	2077.445269	46
13509	14592	2288.685146	65
13509	17058	2277.035382	67
13509	35208	2265.606721	65
13509	36116	2265.543508	66
13525	42218	1413.986005	71
13533	9903	230.8017879	225
13543	21281	2118.68602	55
13554	32385	3899.881243	98
13595	31941	1043.265853	130
13599	36244	309.1857602	116
13613	23948	843.3462515	73
13631	697	587.2339292	130
13631	9572	552.1062306	126
13631	14591	577.6951165	129
13631	15396	594.0531698	130
13631	47747	587.976544	120
13654	40024	583.1482294	123
13662	42108	231.009689	147
13668	18927	345.750648	135
13686	34867	390.9004503	90
13686	37785	394.3865561	89
13686	43896	404.9761316	86
13692	8687	239.8197831	164
13711	9235	733.9881859	131
13717	1517	873.6964551	101
13738	34375	316.4375298	128
13745	8782	543.215372	125
13745	8810	754.9986644	127
13746	10628	212.0548977	159
13746	11191	282.9055108	136
13746	34747	287.9209015	139
13750	14532	236.6887252	64
13750	20477	238.6425664	64
13750	26298	236.5992528	64
13751	18834	447.2282391	182
13751	29500	369.7672666	199
13751	39175	401.3606506	196
13755	11483	372.6000321	98
13755	15228	435.1811415	95
13761	5901	241.413385	254
13761	46019	217.6109784	252
13776	13601	692.9731646	138
13783	7298	200.1085965	216
13808	42889	282.5200367	187
13819	12859	199.2421158	187
13819	25600	211.710024	170
13819	32681	205.807645	172
13819	44262	204.8658212	179
13843	3179	191.8879579	123
13843	5501	215.9010009	100
13843	32357	229.7591243	105
13843	38511	192.0114192	117
13851	29288	194.1370183	167
13859	21134	809.8422296	125
13877	2900	225.268986	118
13877	39680	226.2974576	121
13877	42161	233.5048447	140
13920	5332	654.9781349	70
13920	16009	802.167568	61
13920	22502	804.2694258	61
13920	28337	885.2180943	62
13920	44163	812.4471249	60
13920	44993	928.7395591	55
13924	13862	2297.234048	103
13931	13301	550.3332204	105
13951	38079	915.6146657	100
13954	7605	186.2800908	192
13960	22029	431.2794388	172
13978	13101	580.0147124	105
13978	37583	577.1363293	105
13984	11979	1689.720535	71
13996	24625	712.0122493	131
14008	16224	231.0239789	138
14015	12186	627.8006227	92
14015	17488	692.6346649	90
14016	14187	1240.999223	94
14016	49530	1265.249368	93
14024	37978	419.5561056	130
14028	48683	1072.295985	71
14037	1863	1178.85581	109
14037	26634	1182.81411	110
14037	43771	1267.919242	117
14060	40134	451.7197765	183
14113	14395	1505.393068	79
14140	25227	2206.654623	81
14191	4912	228.776444	224
14196	6076	1333.620524	60
14196	19560	1333.794301	60
14196	40069	1372.258428	58
14199	5097	704.3785425	64
14199	18587	705.771286	63
14199	48744	706.991338	63
14200	22597	3438.030365	55
14209	44434	196.6464355	74
14217	183	618.2725635	129
14217	800	446.3387127	155
14217	15811	578.589029	131
14217	15975	574.6030263	142
14242	42826	1485.297403	56
14245	21830	290.0546598	145
14246	3739	210.2459265	178
14278	18768	518.5441761	172
14301	7310	286.4722483	153
14301	16523	229.9242369	168
14301	19484	294.5797322	148
14301	37845	296.0982354	153
14306	9285	263.0119584	142
14306	17916	257.7514646	147
14310	42408	372.8586163	169
14337	45476	181.3686221	190
14344	7145	2296.375379	55
14345	44641	181.4738509	140
14361	32696	185.169798	201
14371	2892	205.0856044	224
14376	14795	2039.886985	87
14379	2133	1095.013189	60
