3	6984	1796.707704	100
5	23893	1614.791906	27.74696714
8	7867	2359.159955	81
8	16751	2398.863576	73
10	1059	2200.608511	75
31	10603	1158.13169	44.02173913
35	16981	204.7804901	152
43	3766	746.359486	107
46	19844	3085.23739	28.99386789
49	10209	2311.879043	69
66	23401	545.0326637	121
72	3166	859.6338665	107
107	13170	826.3712186	89
113	15577	827.9431315	112
115	10606	1309.840285	69
124	20568	532.6595573	66
126	23248	518.6335938	98
129	21967	390.8880275	147
139	11931	2526.139438	97
149	18501	1642.126515	73
156	8180	351.8992969	122
163	14960	3589.674678	75
169	1745	1080.558109	115
172	19789	496.2622412	99
174	1342	985.3556246	77
174	5171	881.7594117	83
174	11791	985.0995842	77
179	17941	199.6920758	190
184	5080	759.7835049	40.31678793
184	12962	705.2345658	47
188	22617	2132.082718	80
191	21089	956.4717319	85
192	13595	1610.456749	37.7441779
210	7857	666.826523	103
225	6577	181.3070092	266
227	11873	1230.715766	52
239	2175	1158.44998	2.264901287
244	841	302.5233849	175
244	5976	283.448165	169
244	13782	326.0297604	166
252	8942	226.6114996	82
264	16532	2579.239089	62
274	20168	1451.627443	103
280	7609	728.3290596	104
287	12590	2564.837959	61
293	12643	287.9132744	163
319	23614	1121.858569	84
327	21036	718.7591451	93
367	15727	663.5771225	72
368	12812	2183.757095	72
387	14801	232.8490125	156
393	18631	461.9999417	113
396	8143	252.5453899	90
400	16658	372.8767935	140
406	19483	775.9151085	69
411	19999	1225.990105	94
414	20827	583.3390479	82
422	22989	733.1060948	129
435	6269	251.014043	130
440	17180	1480.078325	85
450	22455	291.0200721	119
469	8721	1605.819005	41.21271655
485	18139	1873.265107	45
486	21839	636.0798803	121
488	3856	298.3198996	135
491	19419	654.0602152	82
502	19169	259.8794845	169
510	7658	759.8613191	70
511	11580	1011.507332	134
519	14141	340.0881261	94
524	3675	1343.923324	119
527	17184	604.4202263	54
527	22126	1011.618142	33.08095687
532	4545	290.0160669	183
542	9898	1207.140186	109
549	20229	934.9476597	97
550	7655	1676.571889	57
555	10427	303.8231475	212
580	8183	1950.080228	61
580	17974	1799.597761	55
582	18816	538.7225534	152
590	8984	903.8101827	99
609	22607	281.2471702	159
624	11020	190.6614488	231
626	18704	417.3103516	67
638	1789	1775.813609	79
640	19513	339.6109558	122
642	7293	748.0085669	30.97006447
647	15025	774.1161829	92
664	13758	615.8323475	124
689	20216	1985.724548	45
717	4603	651.5388434	89
717	23196	793.0741899	81
718	15737	605.7280267	128
726	23040	518.3246736	109
734	10628	1421.046203	73
736	3509	350.4656156	95
738	15014	600.7997784	116
739	24191	1285.508787	75
746	11415	343.5511064	141
826	16743	1100.503078	92
828	3130	2382.021914	87
839	18260	1314.265456	67
854	21521	867.525015	127
858	17324	541.5461984	109
858	21781	469.312824	109
862	21411	2096.588975	59
877	8708	571.2896764	113
885	12528	1744.255702	58
895	19860	632.7850186	101
906	18109	1311.471163	77
909	20902	519.026218	125
910	14415	1463.916459	69
915	1465	1172.160964	41.21271655
941	16700	2795.158882	53
942	10417	237.3173725	207
944	11603	2212.850084	70
945	23482	450.5085767	112
955	7039	330.5799954	67
964	24056	3404.774673	60
994	15917	367.0882254	98
997	5204	993.491512	78
1004	8363	346.5784913	99
1012	24293	1102.318325	80
1021	1128	1388.685797	72
1026	12830	871.4541479	130
1032	7052	792.9755309	82
1032	15572	697.9678688	76
1036	3443	435.6746909	86
1040	1997	791.1867788	108
1045	23923	739.4789519	117
1053	6557	235.6276432	156
1060	6533	868.9853583	110
1068	2471	299.519549	146
1068	5681	321.1510743	149
1068	6658	276.9819616	169
1088	23558	810.5099954	112
1095	15548	1941.634973	79
1097	464	260.8499397	139
1103	6233	303.0349249	156
1119	13943	356.4599136	150
1121	119	4325.56487	72
1128	18319	536.4629463	85
1130	9809	593.1707723	74
1141	868	1130.320154	29.63817606
1151	17680	1761.834428	76
1168	21542	1502.867479	40.31678793
1172	13188	393.400366	98
1176	3496	2104.155641	120
1176	19470	1550.843269	130
1178	19910	434.4076828	110
1181	19152	2739.732735	87
1183	2474	617.7210165	63
1186	15874	344.2086813	133
1195	16053	888.0632307	79
1201	8873	484.1523853	84
1201	18219	557.7415575	77
1219	1898	405.8918534	157
1219	22059	389.5211847	159
1233	16090	587.6564993	70
1234	5125	231.8735616	153
1238	506	1108.585751	140
1238	11168	886.0208919	143
1238	18577	1196.394066	131
1249	2847	1405.947482	63
1251	3326	792.4775906	81
1264	405	2329.363904	30.2968022
1264	8508	2308.540048	30.97006447
1264	13407	2303.878335	30.97006447
1266	20438	1072.952149	122
1271	6268	214.3099819	213
1275	21956	661.139117	105
1283	6662	311.2689613	134
1290	3074	1028.503744	96
1297	9455	1122.384954	96
1307	5577	280.0667672	82
1309	21426	1032.553131	90
1310	11144	277.4572034	139
1324	2637	1506.473194	56
1328	6714	1852.091366	45
1331	10584	185.9089371	222
1331	18745	192.8063772	234
1331	19294	192.4349101	218
1349	9298	1137.278578	115
1357	10739	252.4070537	158
1371	2276	264.0919121	122
1386	13459	363.6144653	58
1390	18630	1834.633007	121
1394	18127	253.1847785	117
1395	11401	3039.554026	36.92365229
1400	5381	800.0826275	103
1410	21609	712.1597897	60
1414	11499	655.2897961	35.33572585
1415	4286	3810.749695	23.79021103
1421	23373	2089.036644	39.44033602
1428	18334	1442.01549	65
1432	21422	394.5626565	136
1433	4420	272.21734	104
1446	2863	468.1560777	96
1446	12273	459.7353454	94
1453	22692	1254.028955	83
1458	1747	456.6263249	90
1458	16597	496.9037389	100
1469	13985	192.5579424	174
1477	18847	199.0897804	160
1489	1800	192.6646682	257
1521	11443	295.6634236	117
1524	252	182.0883684	172
1532	20446	195.957464	186
1537	8993	1954.192587	77
1540	13161	1151.887847	85
1545	14817	2156.386905	49
1552	11450	5012.774642	52
1584	1400	2696.515028	61
1590	15200	1349.608394	120
1594	23211	453.0247535	127
1595	18042	1039.775135	98
1596	12576	1029.306158	111
1600	4488	449.3316035	162
1618	6351	1498.252107	39.44033602
1621	959	676.0078759	75
1622	12331	208.6530033	256
1624	9875	407.8985025	76
1629	24098	716.352924	96
1634	11146	898.5813798	59
1645	15900	1759.972952	50
1659	21456	383.9669136	92
1669	5401	644.1569418	32.36180563
1670	23190	1555.745981	132
1673	3217	788.2372638	105
1674	3125	3112.302205	71
1679	4221	1084.904052	90
1705	4792	507.0174987	142
1706	2023	254.1965541	184
1706	15920	285.9938834	162
1710	2025	607.8031342	71
1725	18904	507.1259096	74
1727	11278	1285.783998	65
1729	4422	323.3364843	120
1733	6162	1112.826261	86
1736	10841	1448.550412	131
1740	4787	270.1963718	178
1740	19101	370.1872321	157
1747	21796	470.0552357	139
1783	11432	1274.051756	23.79021103
1792	910	473.1874158	57
1795	464	192.0480175	150
1798	7273	310.887812	143
1818	12768	324.9034906	143
1818	23367	450.4068174	122
1822	24129	261.3807261	90
1827	9298	966.4009796	121
1832	22174	1619.874123	85
1835	23363	1539.886749	49
1843	717	523.4572264	94
1843	22017	509.4180186	107
1861	11476	510.6207783	108
1878	19018	855.0689479	74
1881	12171	1296.351238	34.5675579
1890	10824	1717.882647	12.57720313
1893	384	375.2239754	190
1897	12618	788.2127285	51
1898	760	275.8042958	107
1901	5670	1034.567979	121
1906	10520	2628.477044	48
1910	755	534.5580129	72
1920	7222	714.6548651	196
1924	24185	832.3197786	53
1933	23656	301.2728123	123
1936	22663	1473.542586	95
1940	23614	858.2101015	89
1943	6208	729.1841621	45
1958	8156	8088.426146	59
1963	740	432.5278184	157
1967	9981	309.0477851	86
1971	5880	554.1453609	99
1977	20012	878.3805557	99
1985	1161	860.9934221	104
2005	3077	1991.887042	118
2008	14963	470.5485621	81
2009	24198	840.7118805	149
2015	3228	401.5906561	163
2020	1848	889.2962666	117
2020	14433	985.5535697	116
2026	5504	392.5898139	130
2027	12615	3412.421398	72
2031	4940	301.6914863	68
2039	2287	6020.153942	27.74696714
2043	4974	239.8233195	158
2044	7471	433.7355901	141
2044	15287	293.6572394	157
2055	3691	1332.674468	92
2055	11309	1337.745927	101
2060	10755	258.1831891	124
2069	2670	714.530446	87
2070	21031	700.4004138	131
2088	22081	981.9508478	73
2100	21043	368.9431566	70
2107	4637	472.7576348	109
2110	18241	1022.808963	62
2113	3520	197.0550201	137
2121	17570	471.314047	72
2127	5538	201.8653966	190
2127	8706	207.5937581	189
2145	14146	195.7098118	129
2188	15182	852.323199	128
2197	699	636.1683955	83
2212	10257	2197.656075	72
2213	6311	327.2278236	96
2214	3661	228.4138451	109
2226	15300	1733.217314	60
2238	454	439.9424183	103
2245	8085	3825.940579	12.30378567
2245	14809	3859.910809	11.77465311
2245	14856	3801.696152	12.03631207
2245	17643	3783.133105	12.85669654
2245	21937	3811.20307	11.77465311
2249	13869	3143.936919	61
2264	11338	842.1428891	72
2271	2926	845.8676753	107
2275	97	1460.445974	116
2308	22123	631.2428306	27.74696714
2309	3099	401.879996	30.97006447
2331	18840	4884.143932	49
2332	7940	232.9732097	142
2341	1634	1388.023201	88
2341	7204	1341.127431	89
2345	5477	909.7825659	117
2357	21024	1958.799922	63
2366	4301	1070.343502	130
2371	9049	875.1798493	72
2373	9501	417.3877703	148
2373	17435	372.5470414	148
2378	19738	1625.616549	98
2383	14463	853.3069034	109
2404	24072	254.1625053	164
2406	15	186.4814672	117
2411	19095	1104.885154	89
2438	688	3022.48991	96
2448	23963	686.9205185	119
2462	11050	463.8789835	134
2462	11804	419.4024283	135
2471	6610	1198.075599	109
2474	19225	197.7866478	174
2483	10757	203.214572	133
2484	21188	640.7848602	94
2486	21210	8779.162323	67
2490	17550	241.6209155	271
2500	19913	2155.472091	59
2501	19943	399.1774445	155
2504	1977	363.6887059	83
2505	13312	2371.432572	11.26827626
2506	11297	377.853596	117
2513	8510	349.1068663	133
2524	7494	662.7467017	45
2526	2468	279.7186181	133
2527	22827	545.2258659	131
2531	299	1464.336423	70
2551	10327	740.9962942	132
2568	7279	339.6961224	155
2572	16664	380.3168687	148
2573	3892	309.4498593	200
2617	17749	1293.56807	94
2633	19372	192.753925	98
2645	3890	923.2841501	55
2646	23101	870.1269572	90
2647	11141	593.6231158	102
2652	4691	1256.47118	68
2655	23706	1238.351308	82
2661	1799	582.1113248	99
2661	23596	276.8414312	122
2668	18631	405.765427	131
2669	4988	307.4739567	133
2673	19370	1440.761441	40.31678793
2674	11754	242.363633	238
2676	10112	1109.871625	48
2684	14128	4618.184377	55
2689	2743	1378.454404	84
2694	18700	459.9351726	128
2701	7148	1102.643079	19.09611913
2701	17050	1039.339982	19.95426572
2705	20495	231.3386165	134
2718	181	842.2224904	87
2718	4216	1039.26469	77
2724	14884	2276.908779	55
2730	7479	1627.751223	65
2734	13663	930.7727903	100
2739	4520	1208.427913	121
2751	17395	800.5755407	110
2754	17776	441.4697779	128
2767	341	432.5916646	25.97643606
2779	12395	589.5622291	75
2780	9265	730.2770491	68
2791	5996	845.8953518	109
2801	8748	225.9925538	127
2802	20308	1923.2438	76
2803	15462	287.3755898	113
2811	6497	457.4607274	104
2834	12063	948.5752451	54
2835	24311	307.7596768	82
2842	14603	212.9124809	224
2849	22892	232.0924184	192
2851	24179	235.2340714	195
2880	1169	383.7222132	119
2882	9675	3153.449836	23.79021103
2894	2324	408.6568404	119
2901	21148	2396.928771	100
2918	16516	740.7071475	38.58293741
2931	9776	355.1715986	130
2937	15131	1234.747615	54
2952	8816	185.7041537	268
2980	9365	6944.106822	85
2982	23804	1129.028128	74
2986	19496	504.4478562	134
2995	3273	543.3069868	94
2995	15567	542.4744746	102
3012	12241	788.9914479	77
3014	15604	1535.033747	91
3017	21063	422.860786	98
3032	1951	515.8201659	42.1285547
3038	347	438.8920553	99
3043	12423	1937.044808	47
3048	8023	221.6523819	173
3049	24115	183.6196064	108
3065	18292	833.1754244	110
3077	12497	1442.383394	70
3082	14264	2037.687874	69
3099	76	2864.652282	58
3112	10749	1841.09111	66
3123	20496	332.0818016	122
3124	2784	1132.361731	66
3131	7637	234.9704924	109
3153	15371	1377.994489	96
3156	3700	1102.9739	69
3172	8898	681.2207262	97
3178	7855	2484.111117	23.27303253
3183	21574	208.8184827	239
3200	20011	587.1785865	138
3216	19135	452.8825108	50
3223	15435	370.8294018	169
3227	23422	1338.282067	76
3234	10494	428.325409	91
3236	4543	2261.511682	119
3239	22000	213.1349616	153
3264	13819	853.5900441	34.5675579
3265	3774	702.2985946	83
3269	2302	519.4644807	130
3269	23214	458.9276373	137
3305	1196	528.3839476	100
3306	18530	731.9688214	132
3307	7995	1890.855165	42.1285547
3308	17508	228.7948937	144
3311	17661	198.6134611	167
3316	15500	213.8632721	143
3332	23090	897.4811423	118
3333	13666	1526.454179	21.78798276
3344	11013	564.4963697	56
3355	20957	597.1547663	65
3366	24034	230.1340613	138
3370	19168	1516.462066	68
3379	23815	747.1253975	99
3390	7393	192.0199444	201
3390	13174	226.5892352	176
3394	2931	1465.718627	28.99386789
3395	5433	220.867175	196
3395	19654	206.8833594	198
3395	21835	363.5865573	193
3412	15375	654.3938163	57
3425	22261	2876.240907	81
3433	17463	1565.912157	86
3436	3584	192.0068805	149
3448	15940	3026.993892	33.81608925
3451	14727	1076.859741	85
3454	7044	1057.106741	87
3494	726	659.47723	107
3495	2066	2857.792355	47
3496	13602	304.301841	125
3527	15923	1851.150539	55
3529	4954	1621.304066	59
3535	22500	279.8323947	163
3537	23606	208.2029208	157
3544	12477	269.4245066	153
3555	22077	1154.963329	36.1209642
3570	764	206.4141529	132
3570	2544	202.6300486	132
3570	18321	220.0533843	121
3597	9110	652.0560007	120
3611	9533	452.2139277	116
3613	11715	1397.977327	84
3613	18093	1679.524206	76
3620	6767	1994.59332	48
3636	8490	274.8288548	167
3646	9033	327.4338336	148
3648	9410	1187.938729	112
3649	5410	669.5851118	73
3654	4592	2015.739962	89
3657	588	728.1516912	14.03817541
3657	941	788.2658711	14.35013486
3657	4130	777.5878276	14.66902675
3657	4896	863.5132587	13.43445426
3657	6863	777.5878276	14.66902675
3657	9637	834.1616124	15.66885474
3657	13831	835.6076468	15.66885474
3657	23143	864.6641354	19.09611913
3662	5543	556.6423761	151
3680	2525	2005.488869	75
3691	12379	1145.223783	105
3691	18900	1115.774168	106
3695	4175	193.2847939	233
3696	10502	229.4751558	168
3705	5836	889.6986643	87
3705	10318	1046.554273	98
3707	1801	714.4858606	111
3714	18710	1604.332633	101
3715	22581	1368.160829	49
3736	3036	2583.231936	63
3744	2991	672.8735527	88
3752	20332	1842.76482	102
3759	7098	1417.576173	16.01705151
3769	17316	1134.245996	41.21271655
3774	17231	521.282165	88
3781	3880	346.1793467	205
3784	2470	1826.353221	52
3790	9273	1928.275709	147
3803	20633	1979.311303	30.97006447
3805	1451	747.2200625	96
3809	4792	504.2104077	135
3813	12373	2252.475497	45
3821	3467	1913.801112	62
3841	4055	794.023575	124
3844	3423	867.3669078	26.5536902
3847	6489	921.2901063	113
3848	315	285.0743858	120
3859	6872	1572.282971	74
3867	19039	2086.839563	76
3880	12121	781.6647622	68
3881	10135	2332.209743	104
3886	19337	339.6629139	122
3898	13833	2337.644477	68
3911	4058	1070.324535	89
3911	22598	962.5921859	86
3912	3420	576.2937326	106
3915	23484	3041.013203	25.41173093
3920	10194	1599.955007	93
3925	12027	416.1163268	159
3930	12460	328.9433805	165
3942	12810	449.289039	101
3949	4150	185.053375	102
3961	11343	630.4806717	89
3970	2502	210.5763782	156
3972	14536	1421.186038	71
3973	18678	1054.578499	105
3996	2023	217.0889212	164
3996	15920	275.7936545	155
4004	12673	278.3900767	147
4004	17949	338.7327105	124
4005	9288	2185.451477	65
4009	11500	504.6914611	107
4036	1702	883.2559906	54
4041	7780	854.3114406	94
4046	21836	1005.965049	32.36180563
4056	16591	1663.997918	92
4064	21496	1790.281789	71
4069	532	1552.340895	111
4076	15854	465.3376359	85
4079	14195	2845.85819	79
4094	20586	1287.539665	78
4097	4102	673.2573553	116
4100	10819	2015.672579	103
4104	743	2322.462573	113
4114	5852	8388.924108	75
4115	4347	1239.942431	89
4131	18724	378.2451999	154
4159	13241	2486.991836	115
4173	21066	1179.011407	87
4176	20492	1739.711968	75
4183	10611	724.5178677	60
4183	22084	710.4268534	53
4185	19922	11591.11517	28.36356641
4197	11003	1528.785404	54
4231	8384	572.3030386	111
4261	6693	1475.862434	78
4268	9592	3498.576921	71
4271	537	524.4032716	140
4271	2328	654.3486765	142
4271	3059	616.9504572	134
4271	4578	590.3656657	156
4271	4719	611.335716	134
4271	10415	694.2063019	122
4271	10710	698.1024945	133
4271	12077	671.4240603	131
4271	17069	561.9669979	137
4271	17744	606.1087473	138
4271	22335	614.1281293	146
4276	7885	273.1651828	84
4285	8094	492.82856	102
4286	1043	1539.624975	82
4288	2062	1644.647182	93
4289	10180	912.6277012	61
4297	18493	639.5251305	139
4302	2001	1663.923664	43.0647448
4302	2020	1643.114693	47
4302	14814	1286.38256	38.58293741
4305	22602	1217.24096	84
4311	6052	1591.370167	98
4313	13068	805.9628613	93
4321	17078	895.6413538	95
4328	9330	4166.21623	27.1437722
4333	17730	3139.10142	70
4339	17295	716.8475046	109
4349	10467	714.3508983	140
4350	6825	993.4550238	121
4350	13826	1022.008057	109
4350	19144	1038.051751	120
4350	22850	1087.815088	116
4350	23898	928.3190648	118
4353	3150	524.9244762	185
4363	14684	2004.865096	35.33572585
4366	21397	358.2717828	73
4378	17692	1125.929136	73
4381	15729	344.4664782	146
4386	20272	1421.531501	93
4388	17958	855.5391622	115
4388	18683	479.9042765	133
4426	23498	2402.967074	98
4433	22282	693.2857969	118
4439	7444	1064.063527	138
4440	1156	922.7539802	111
4460	18317	1681.286738	71
4474	23381	724.8532879	83
4479	841	217.8494546	223
4479	5976	334.497651	183
4479	13782	336.790232	156
4489	16823	736.2311872	88
4499	2261	659.5641428	89
4516	1137	940.3250991	18.27487772
4526	4056	223.4075007	230
4541	22318	811.281842	92
4543	15140	240.5377029	115
4558	21084	912.9409127	123
4559	7795	264.088518	100
4559	16015	346.1739479	99
4562	6318	309.0473992	154
4569	7811	564.2381412	119
4597	20641	971.8898802	90
4603	5888	451.1897013	120
4605	17727	763.6366021	110
4605	17939	942.1243584	99
4605	21840	657.0814564	108
4616	8302	221.7387414	120
4618	21653	398.8222549	64
4621	22455	335.5947433	102
4639	23705	4597.887896	57
4646	7128	3696.703803	63
4651	394	2233.84276	56
4656	3548	276.3766458	141
4658	3327	259.4576308	142
4674	8074	2162.591741	86
4692	2774	903.9405095	135
4699	193	1390.727037	9.044911183
4712	371	1089.040276	81
4715	4036	776.9733684	115
4717	15057	481.2682942	95
4718	1182	311.4077403	168
4718	20607	350.1514156	188
4720	19944	415.0043626	48
4721	20400	204.6430668	120
4724	6010	693.6953516	55
4727	19013	234.3149332	113
4735	9603	846.8079092	117
4737	3755	1072.883715	33.81608925
4741	24010	546.5645124	106
4742	16125	719.5362223	104
4756	11159	243.299658	175
4757	5996	855.6924763	111
4763	188	1374.877572	9.661404388
4763	10609	1384.325993	9.044911183
4763	11000	1384.325993	9.044911183
4763	13823	1370.727811	9.044911183
4763	19691	1384.325993	9.044911183
4763	19773	1384.325993	9.044911183
4763	20243	1365.858191	9.661404388
4763	20677	1339.597826	9.661404388
4763	21076	1435.586729	7.260242512
4763	21296	1356.776061	9.876102263
4773	15345	2680.853086	36.92365229
4785	17091	489.4298532	95
4786	23380	331.6523471	153
4798	10781	2029.780308	42.1285547
4800	13685	183.2191774	161
4818	14000	318.8585474	168
4820	18823	3172.100866	82
4830	1033	529.2077768	83
4832	22119	286.8551995	160
4858	4314	832.5511505	126
4860	4550	947.0985526	55
4861	1347	2889.439066	33.81608925
4867	16116	212.9336202	164
4867	20703	207.5254613	160
4884	10298	1357.797469	59
4892	21850	1790.085644	62
4896	23049	386.5908652	154
4907	7998	363.2025491	47
4911	5127	2460.958743	113
4915	17413	316.6665461	120
4918	19785	192.1663516	197
4957	1979	886.5899522	93
4961	22467	303.7799694	75
4970	9255	1661.355822	101
4976	388	567.9272359	96
4992	9575	1434.692289	84
4998	12335	488.573653	47
5003	9737	783.9015504	108
5037	23205	321.8523904	98
5048	19534	2447.343987	41.21271655
5098	21070	1206.433435	87
5113	20882	516.1494851	109
5118	9734	220.7490599	139
5121	20275	1878.67477	33.08095687
5124	5147	1671.089404	70
5139	14145	2982.336709	45
5146	20866	1549.613202	76
5153	5110	200.6616174	283
5156	12498	185.7869602	183
5158	24325	458.1189141	111
5168	21084	951.3356299	109
5176	4586	2624.348342	59
5187	21521	675.6732718	129
5188	1914	2240.11706	42.1285547
5198	14667	273.4759305	163
5199	22210	684.2532961	124
5200	17073	865.1309843	46
5216	18247	265.2660294	82
5230	18541	287.3908767	151
5243	8072	851.879363	116
5252	20898	943.6858211	49
5254	6963	630.1729564	109
5257	17545	455.5599653	51
5262	10865	215.4619141	109
5267	10776	508.652728	155
5270	712	927.4772595	66
5270	18076	1319.312953	63
5292	11798	2653.019018	46
5294	21846	678.5064529	135
5298	15230	388.1229549	125
5307	12952	1244.427769	80
5308	16146	3698.930246	23.79021103
5310	73	1091.023281	83
5311	10376	1166.630853	100
5314	19712	1356.521344	75
5324	19052	362.4722001	79
5328	2150	590.5952535	126
5336	9648	208.5228219	174
5346	2574	2968.328527	28.99386789
5380	12157	260.9428001	116
5389	3891	683.7240812	87
5418	7966	1152.901322	91
5421	3956	614.8228297	113
5426	8358	211.5286242	151
5429	7136	369.6004531	174
5442	19666	3358.295647	57
5454	24205	1248.753102	118
5459	16967	877.8052984	123
5463	9128	1081.636588	118
5464	14762	609.5001311	118
5477	18899	3110.767753	49
5492	2302	487.1539143	133
5492	23214	443.3575735	133
5496	14275	984.3661863	147
5500	7115	870.4883565	133
5523	15102	370.1158559	194
5537	2815	2851.255534	45
5544	12972	398.2572745	138
5547	23567	1850.252204	63
5548	734	1951.53715	98
5555	21425	1238.623005	42.1285547
5561	15493	392.3775927	192
5564	19828	708.5455092	111
5565	19085	682.5831881	43.0647448
5566	19905	368.033717	174
5568	2149	1102.207894	98
5574	9222	2809.897083	45
5611	12613	345.0600911	121
5616	15786	8847.17533	66
5618	19919	1649.713541	14.99500512
5621	11216	491.2382298	98
5633	16127	1266.317764	110
5638	18486	655.6429485	60
5641	8041	567.3811199	107
5643	16144	1316.388371	75
5658	21510	597.6099031	110
5664	1169	437.1413549	97
5665	2371	181.2480933	143
5670	20206	758.5147993	28.99386789
5687	9934	404.5148812	199
5691	5181	3107.027743	72
5697	14207	2538.547574	73
5701	771	2480.117695	64
5711	16972	1723.093123	78
5724	16166	926.4932897	36.1209642
5741	15504	893.5264738	59
5743	12371	2165.461844	71
5751	9876	1940.224991	78
5758	14011	1351.488357	115
5763	20497	187.6134765	139
5778	14578	285.0246077	167
5793	6438	352.6164112	151
5796	2929	299.4239118	118
5800	2512	4619.363115	57
5800	16121	4628.476728	57
5807	19770	192.442327	137
5808	15112	488.2616806	148
5818	16991	258.4762988	111
5818	22667	253.4603386	108
5827	5136	290.8735194	140
5827	16293	359.3181319	138
5828	21071	1318.309704	120
5833	3496	1501.257556	118
5833	19470	1374.320786	127
5836	13466	5079.053448	62
5836	22868	5183.659689	62
5847	18079	288.6746557	316
5853	14730	712.5846153	118
5858	20770	7030.516533	65
5860	5480	361.7315005	151
5881	4536	779.9089379	89
5882	20800	769.7136843	72
5890	15587	2419.385411	54
5890	16985	2329.444873	58
5904	1268	1165.45323	52
5945	12097	324.5721339	135
5949	13876	952.9482092	147
5950	12781	1757.65855	80
5956	20334	333.4871229	105
5964	14111	204.5150856	327
5996	7188	1743.752384	60
6005	6432	763.9197767	110
6006	9119	579.6924124	142
6006	14519	580.8962097	146
6013	15380	556.4072469	142
6015	12890	866.4969906	82
6019	24291	756.511978	97
6021	21343	1428.429988	46
6022	21510	700.1218652	125
6033	15553	1536.886654	22.27216015
6035	18765	739.9511248	98
6049	12152	584.5670395	49
6073	21521	805.8043483	130
6084	21850	1768.421704	62
6088	5353	2286.55253	97
6091	6130	1072.070789	111
6091	21079	920.9243351	120
6096	810	595.5455472	59
6096	21723	454.995336	68
6100	18345	634.5914741	106
6107	4742	972.293959	64
6108	8739	2172.339982	63
6113	3867	1821.116129	72
6119	14839	2543.598193	82
6132	17551	3610.131424	71
6139	3373	2126.091862	110
6145	14264	1704.620245	73
6162	5589	877.7215245	105
6168	11430	1211.618661	65
6169	22762	1499.84125	58
6171	6510	5279.191155	71
6196	16740	1931.333403	81
6205	17630	438.259174	153
6206	11214	296.8102183	101
6223	412	203.0599524	231
6223	10149	230.650259	233
6233	21620	344.5081319	133
6253	1820	494.6447004	78
6255	13434	201.5004721	155
6273	10281	2309.046256	72
6276	1452	2178.613216	61
6281	4469	1252.454607	48
6296	20085	1223.375519	71
6302	3653	425.9299651	115
6303	20248	1151.508992	81
6316	24144	2151.406183	58
6333	15911	1987.3524	79
6346	21740	892.8218746	102
6350	6638	1192.851683	105
6350	9015	1176.263689	103
6350	13748	1183.169832	97
6350	20519	1318.225105	92
6354	1152	230.3769041	94
6367	1058	1021.088193	89
6389	11057	1747.9597	45
6409	19078	2069.198554	102
6414	9612	1395.421645	73
6417	9385	369.8987108	150
6442	18507	187.0198798	293
6448	5675	1146.274258	61
6453	22730	911.4590769	60
6456	15869	1703.823062	80
6464	16848	283.1464422	173
6477	18067	310.8252057	101
6485	20525	514.4176659	101
6497	22385	1275.67646	54
6501	17271	2105.339969	78
6508	20008	1451.591595	52
6513	12829	1653.104134	62
6525	23848	1020.435571	110
6560	6445	351.0815922	111
6567	17491	2304.9679	55
6568	16756	585.621666	135
6575	6657	189.3087151	224
6575	13673	206.1148548	238
6583	20229	731.4938117	98
6586	10224	1583.270383	116
6606	5308	2368.931093	83
6609	18427	750.3371498	115
6621	20609	2660.05547	46
6622	10167	381.250521	167
6625	8207	1393.65115	15.32822746
6625	21529	1298.784895	14.99500512
6627	533	647.4401455	101
6634	23748	586.7787577	85
6645	23281	511.6131793	132
6651	9869	279.5609785	88
6663	4908	187.5878003	151
6674	5021	2872.004706	55
6701	23137	375.1318141	45
6703	778	3598.856526	97
6706	6829	743.8056508	92
6711	20695	2622.243075	2.948445424
6717	10427	308.5252051	199
6719	2171	965.9252454	69
6723	4882	450.8574777	149
6723	7899	356.4475332	135
6734	9107	1700.326924	76
6734	17223	1626.300099	73
6734	18875	1922.161806	73
6739	17861	1021.925492	109
6744	20551	357.8356116	115
6765	7107	2488.261154	45
6767	15731	1026.548113	78
6770	12688	644.0557012	124
6771	4255	300.835614	124
6783	3378	529.9026024	111
6793	22914	463.1551715	94
6796	9912	964.5333508	82
6815	3199	181.4280093	91
6823	23781	4230.245675	59
6824	4961	3767.375994	23.27303253
6824	12744	2593.431882	21.78798276
6824	14663	2573.894041	19.95426572
6824	14707	3725.627201	24.31888239
6824	16024	3755.33171	23.79021103
6824	17396	3749.612167	24.31888239
6824	20762	3781.057289	23.27303253
6824	23779	2847.229234	19.95426572
6831	23158	831.945875	94
6838	21577	3897.034899	54
6839	9528	821.5671375	93
6845	2243	860.5869587	35.33572585
6852	4229	274.400934	154
6858	17184	1000.46124	48
6858	22126	871.4907203	40.31678793
6859	19700	869.6432927	55
6880	18416	710.1289686	83
6906	13292	1962.53648	35.33572585
6911	17345	442.4217293	115
6911	21481	502.2951681	107
6918	15485	2883.029462	75
6923	14131	1124.762929	74
6928	13291	353.6279507	153
6936	3781	3734.033499	33.08095687
6936	23223	3583.045038	33.81608925
6942	5160	1437.351542	92
6945	257	1269.058914	50
6956	14459	610.2354385	66
6959	23809	1647.763857	92
6961	1139	1025.223907	115
6980	15637	559.0790774	87
6981	12759	225.8096814	173
6989	2499	380.2070177	158
6993	16505	8419.083355	60
7001	16703	488.6509762	95
7005	10447	1149.556758	35.33572585
7027	22603	4073.366027	36.1209642
7030	652	1270.363992	87
7030	5022	1164.703482	99
7046	17867	584.3642842	124
7055	18343	1620.982029	72
7072	22066	373.0738059	218
7083	17794	714.0729129	60
7085	2088	2469.54147	43.0647448
7088	6611	399.6094538	57
7094	18336	790.7501429	104
7097	13794	253.1774437	177
7097	16689	212.1905981	175
7098	23109	706.1209629	110
7102	23123	1171.07087	24.31888239
7108	2176	634.1583335	52
7118	12025	2666.726898	77
7131	11644	313.9536071	85
7134	12249	527.9871857	117
7159	11221	886.6709431	121
7162	11780	1346.656957	123
7162	22105	1148.536262	127
7165	22516	2794.388876	45
7170	10083	1211.293339	115
7170	16409	1201.806169	118
7183	20658	1541.835823	69
7190	6485	298.2964328	125
7194	4643	1487.353549	44.02173913
7194	8908	1521.174579	50
7200	20595	910.1597088	95
7202	13496	944.0283925	52
7208	16719	277.8696238	99
7209	11740	306.4948493	102
7214	14777	416.0340519	105
7225	17736	1579.075406	38.58293741
7241	9373	328.42554	150
7252	9049	844.237808	71
7256	537	676.0403944	140
7256	2328	939.0659516	136
7256	3059	775.2905878	131
7256	4578	920.4695178	139
7256	4719	873.6107651	131
7256	10415	881.5333407	143
7256	10710	1015.342585	136
7256	12077	1008.712317	128
7256	17069	701.2534002	148
7256	17744	1007.0929	128
7256	22335	934.8112866	133
7258	16364	748.9010073	32.36180563
7269	2759	260.2966608	125
7274	13230	617.4330193	98
7281	6527	404.1163642	185
7281	7460	378.7313341	177
7282	15510	1505.594227	18.27487772
7285	8404	1159.760507	27.74696714
7287	3983	1647.03997	36.92365229
7313	4714	1556.802698	134
7326	11103	248.1686335	166
7327	6491	1621.596241	67
7327	19717	1773.739621	70
7332	14754	296.3975677	100
7347	14946	1640.828013	89
7360	16176	367.4641476	63
7364	1331	2060.202962	78
7368	12628	864.5609437	78
7374	20107	606.5118278	87
7394	1651	192.5354469	237
7394	15094	215.7511459	190
7395	20511	2252.069648	107
7401	6929	185.5851647	234
7405	24166	714.3220488	124
7425	1362	1153.456845	120
7433	9434	837.7672507	79
7434	226	1653.162251	73
7434	17832	1775.330184	69
7441	13138	743.7917717	72
7447	17741	455.8623189	76
7456	6925	330.9949356	112
7460	19081	322.3589435	62
7467	19906	1197.759668	61
7472	15712	1462.550057	59
7476	9075	765.2868939	113
7476	11625	645.479585	126
7479	23244	1753.824783	36.1209642
7490	19463	3446.808129	76
7493	18732	1779.586201	99
7515	14413	832.4072694	78
7522	919	384.4194068	107
7529	11866	203.9658862	170
7559	10195	184.1152977	159
7560	3747	1381.006805	45
7562	8484	1613.44895	62
7563	1456	2777.998898	50
7570	20773	211.448619	123
7573	1235	1128.383129	36.92365229
7573	14604	1172.613491	34.5675579
7606	6796	650.1147851	202
7615	21020	741.8096576	38.58293741
7620	21714	403.2187905	139
7624	12314	507.0962367	141
7627	17887	373.4818371	100
7644	19278	1515.13907	72
7666	11262	727.052044	117
7671	3958	230.7519679	126
7680	24273	334.3027098	134
7693	14481	2450.487276	15.66885474
7700	2305	181.5741357	146
7709	19538	394.4246079	120
7718	16627	377.6863004	140
7735	517	2122.117459	99
7783	24191	1451.615381	79
7792	10101	1445.926313	48
7794	16843	1359.121662	83
7812	11780	933.0301083	143
7812	22105	1132.763964	136
7822	8263	648.3045677	84
7829	19548	978.1155646	53
7834	264	930.545937	46
7842	13881	886.3112926	89
7844	19679	717.2137937	73
7857	22669	1326.075216	19.09611913
7858	11458	3899.509836	68
7872	3830	1608.392539	80
7872	16425	1412.288256	82
7891	7501	343.2435632	111
7894	1280	1680.905211	96
7912	21521	769.1339206	134
7915	803	390.405527	163
7968	22319	313.8066053	127
7982	10088	2501.516635	38.58293741
7984	13369	1988.772743	73
7996	2259	3818.192566	66
8011	17315	1022.24362	27.74696714
8013	27	213.8943189	161
8019	145	2107.653172	60
8025	21521	563.9442716	142
8026	17061	1936.082406	126
8027	10648	515.0006757	87
8053	17410	299.4312718	122
8058	12218	277.4752456	98
8065	14730	440.4388585	118
8095	4984	1413.716601	55
8114	14372	1667.419393	112
8130	5597	1694.138647	71
8136	12375	845.7426124	46
8144	12417	1656.402481	60
8153	10772	1592.887379	76
8176	19842	1463.913412	79
8195	5594	1305.413515	128
8203	17247	624.8109244	110
8210	15220	2240.089532	47
8214	4445	1636.376837	70
8217	3600	3046.424977	59
8228	22792	1363.227947	84
8237	6352	1037.885508	71
8240	9695	2521.851557	44.02173913
8244	6959	4123.524973	54
8249	10760	2322.448195	60
8253	4475	697.177078	97
8264	2275	559.2651568	82
8271	4421	1287.148688	75
8276	15293	1158.647421	74
8285	23614	1072.305469	89
8286	15589	728.3687791	141
8289	23975	316.5381143	128
8290	3466	1164.341365	66
8302	15054	477.3783696	99
8303	7307	1735.280001	56
8304	8659	983.0669226	120
8324	19227	383.1168382	200
8333	1092	812.6372863	103
8333	11878	831.4877478	116
8337	22315	515.3769649	101
8340	3469	506.1626047	107
8357	23647	890.7191548	109
8361	4123	1203.535458	101
8366	3723	371.7334397	97
8378	10455	1206.116147	97
8392	12959	362.4990169	122
8404	22892	196.8643786	197
8420	18728	345.519859	121
8439	11737	1016.822657	52
8445	16464	1161.347779	71
8450	16158	1104.592791	30.97006447
8453	806	664.5247213	136
8477	21309	1591.032754	60
8477	24029	1456.012394	68
8483	4787	485.9471751	177
8483	19101	410.0621383	170
8498	5673	1994.505859	54
8508	11907	3660.045028	42.1285547
8517	9317	413.1372935	93
8517	19362	434.1124631	74
8522	2070	2217.257908	38.58293741
8525	11412	379.2992203	124
8527	2408	257.4176208	122
8535	13895	724.1788179	30.2968022
8560	16997	1198.126246	30.97006447
8561	7918	1945.292053	53
8561	8421	1954.770182	51
8561	23152	1494.77942	51
8567	11439	1657.422261	132
8570	16431	205.0759135	152
8572	17341	1498.459331	115
8574	19930	431.8884089	82
8580	4354	2246.076857	36.1209642
8586	21569	372.0433607	112
8589	16132	229.7077095	93
8592	9470	1626.60318	77
8597	21918	1481.052665	44.02173913
8599	7038	5089.646241	69
8607	225	663.5049442	44.02173913
8613	1161	811.8523828	109
8621	9501	397.1574316	149
8621	17435	308.4242381	154
8631	1713	379.226642	190
8631	2768	245.6456657	225
8631	2823	432.9051371	170
8631	4436	293.7961042	192
8631	5623	291.7989781	177
8631	17448	408.0851688	175
8631	18972	379.7178041	177
8631	21811	243.5788373	214
8631	24423	318.4354366	197
8635	11760	2518.483859	55
8636	626	1460.53165	75
8637	22179	451.286524	117
8647	7294	4106.06861	34.5675579
8690	18690	3165.178337	34.5675579
8697	9363	229.2848603	144
8697	18668	225.4483644	145
8697	20388	212.3231108	145
8697	21566	224.1080923	146
8697	23458	228.6780845	145
8716	14262	887.61812	30.2968022
8718	15968	476.0456916	158
8732	24342	1490.699989	80
8738	20359	810.3577487	127
8741	20110	250.2253312	98
8743	6989	1247.180756	42.1285547
8743	14937	1122.296856	46
8746	17431	735.4091818	150
8753	18718	1882.729388	34.5675579
8758	14420	287.7630861	163
8759	16326	4344.838744	59
8767	8794	716.1846214	79
8775	2857	669.8326853	91
8778	10504	2364.773812	54
8787	6170	2458.021495	73
8792	22104	545.7854752	101
8793	16719	314.1520409	101
8801	6415	1459.941943	12.85669654
8823	11257	1132.678589	130
8829	7018	296.4192273	180
8836	13116	602.757353	104
8848	8600	270.2650901	140
8850	23809	1429.099755	91
8853	3024	963.3193718	95
8857	21585	4052.22852	81
8860	17727	1082.952865	116
8860	17939	1263.980737	96
8860	21840	1028.434638	117
8886	13032	1067.378179	93
8902	16563	1415.433709	79
8914	22282	764.3708556	123
8920	2893	1540.160254	55
8942	18650	1584.880356	48
8955	19649	298.5555392	187
8973	13123	842.3317638	67
8978	8271	3364.431129	36.92365229
8978	8678	2820.33879	37.7441779
8978	23842	3093.5516	33.08095687
8982	3704	1365.444794	82
8988	10511	259.3012915	271
8990	12702	2478.164901	70
8998	6413	1124.62341	119
8998	23721	1123.129184	125
9012	17026	974.2083393	166
9027	18040	838.7183454	61
9028	10126	1551.865845	91
9030	5066	217.1361343	245
9036	21522	1082.819909	108
9044	5781	637.8023194	100
9044	15313	654.8924086	109
9053	22502	265.0994315	128
9055	15096	1853.527817	93
9069	498	479.0281733	104
9069	4508	471.2249557	106
9073	153	218.090353	139
9076	15295	1546.573469	54
9086	3441	1034.862438	79
9087	12082	1630.20054	65
9090	12598	452.2217739	169
9096	13927	602.0866171	132
9097	10765	288.4436662	121
9098	7257	6160.240153	53
9100	21163	1287.592925	93
9106	2608	211.977315	222
9110	121	592.590047	37.7441779
9110	14049	668.361159	43.0647448
9112	6877	808.512884	73
9114	9484	1670.2719	53
9120	14613	2243.200652	83
9122	12183	593.9427067	51
9158	8863	226.9263017	187
9163	9598	1620.063484	65
9181	15686	632.4487529	105
9187	12471	1548.157813	48
9191	1426	263.7472378	133
9191	16253	354.1380043	134
9224	21019	312.2724858	146
9228	1691	459.4254334	141
9228	22314	630.8015987	123
9234	10596	408.1866264	308
9237	3175	857.1843223	108
9252	18585	1048.623521	88
9252	21250	1063.093451	87
9261	8083	1131.264518	67
9272	17391	942.7343438	85
9274	8066	1145.827659	89
9281	2359	409.5718031	82
9291	22078	495.981267	92
9303	2290	1273.079412	100
9308	826	292.5729117	108
9312	12285	1523.165616	66
9312	15524	1083.519077	77
9313	712	906.6046317	66
9313	18076	1317.682961	54
9321	20833	196.1887894	239
9328	3706	922.7606451	173
9333	3819	205.1836496	111
9333	11040	196.9111615	99
9335	3103	3736.376266	36.1209642
9361	1138	608.2586863	74
9367	3585	507.1480717	112
9372	14321	1138.929126	49
9375	22025	287.082713	121
9376	4362	202.0811584	155
9376	7531	223.9548303	128
9376	13334	238.240144	166
9376	20376	207.1809433	169
9377	8292	256.18998	134
9384	15935	418.2097762	158
9385	8769	256.3067273	181
9386	10114	1253.4498	82
9388	13777	388.4560535	78
9390	3778	1757.467146	62
9395	546	1473.298034	36.92365229
9401	13752	258.6915413	150
9402	2400	596.4701704	189
9403	2820	343.0095092	244
9408	13714	279.7518057	193
9410	12729	911.2170393	139
9412	18000	697.7179594	46
9412	23110	1116.273576	36.1209642
9416	9598	1527.884863	72
9417	16545	2251.255032	48
9424	20551	357.9126263	114
9432	22179	624.9633747	96
9435	18770	191.3355623	147
9448	10784	1182.623719	29.63817606
9450	7487	383.8817501	147
9452	2988	1451.300047	125
9452	9791	1659.012927	124
9463	18692	314.6370705	169
9469	18876	2558.904572	64
9474	2244	201.2104817	134
9489	13092	1974.191805	94
9491	16441	272.0246457	159
9503	7969	307.4476289	139
9508	6410	320.2144478	125
9523	24161	1776.015443	117
9530	10135	1965.471628	113
9531	19087	275.7700313	138
9536	11073	881.2227331	171
9556	2362	1912.250377	58
9564	2741	643.4198375	104
9568	19747	182.5806184	187
9569	7964	297.5393196	121
9569	22550	307.5490867	136
9570	22961	1380.270691	87
9587	13583	1086.403377	63
9591	11803	294.5067493	158
9597	19779	369.0548973	110
9598	19342	1138.021135	43.0647448
9607	1453	834.8876152	129
9610	11782	357.8102078	152
9610	23331	336.7085752	152
9618	2540	873.0259571	7.421581234
9618	11865	1061.354178	9.245909209
9618	20491	1099.025384	7.102411153
9618	21443	1051.800057	7.260242512
9623	12640	439.575894	105
9625	3436	881.2000727	48
9630	8620	1150.306923	118
9630	16489	1062.429191	121
9632	120	700.9131256	48
9639	14838	1595.50804	98
9650	7214	589.7230113	122
9654	5154	428.606776	115
9656	23514	842.2284706	89
9657	19150	527.7222734	142
9658	9562	679.1127335	59
9661	22411	2642.387957	64
9689	3922	856.1492364	91
9700	3306	765.8687999	89
9703	14131	1328.131138	74
9711	20830	386.7201255	119
9720	11284	209.6997366	133
9721	15794	1031.314231	39.44033602
9735	22711	347.9946769	126
9751	7088	2920.422928	32.36180563
9754	17394	1016.463305	64
9759	18051	1679.710419	120
9761	14991	205.3122214	191
9767	6465	1766.909062	22.27216015
9779	318	197.4008818	169
9795	22420	608.7298487	105
9799	672	401.0444425	90
9803	13386	2494.935069	40.31678793
9810	5502	1144.412763	139
9810	17086	1242.797686	134
9815	24124	1255.956806	23.27303253
9824	18499	1738.282199	91
9835	20769	409.0384581	131
9837	13481	1016.841837	156
9853	6854	814.1341231	93
9879	17699	597.0734763	119
9882	12318	442.8903774	40.31678793
9883	1864	746.610271	84
9895	378	294.5707237	176
9896	18268	1436.555554	86
9911	254	1547.056059	97
9912	19099	1517.335619	76
9933	18814	967.8867939	76
9942	8685	300.0358259	110
9945	4945	828.4307117	101
9948	3192	1432.940438	62
9973	13686	806.1396924	49
9976	2759	308.717009	144
9978	17267	212.6388111	117
9985	17973	2878.192845	77
9999	22379	1013.977836	75
10010	1482	1682.291414	92
10034	18971	182.6843501	129
10034	20709	295.895604	94
10051	7575	2222.186224	53
10055	259	2456.078806	63
10056	15362	233.3734382	159
10060	11467	187.6454769	158
10062	841	417.5055569	152
10062	5976	366.0454924	162
10062	13782	316.659727	156
10069	3735	1559.22898	85
10075	13815	916.0698941	101
10092	23462	497.8296742	149
10096	14603	239.4739648	223
10112	7512	723.1879271	41.21271655
10117	20449	769.3280277	108
10122	14680	634.4599447	72
10132	20620	371.1074273	150
10133	21338	987.2888373	79
10141	14066	341.1710801	135
10151	3051	3765.821453	74
10163	429	972.1550553	78
10178	22919	427.9409782	121
10184	4136	790.0492093	144
10184	6471	777.2135277	147
10184	10125	834.1709527	145
10196	2633	320.4296943	98
10199	22974	1993.88365	59
10207	18521	1790.675619	56
10217	19609	1248.280813	52
10219	15087	938.152952	38.58293741
10222	20553	1214.380364	51
10225	2514	3575.712243	16.37298599
10227	7021	1708.186386	50
10242	20500	228.2791199	211
10252	20872	697.980271	130
10254	568	951.8538746	30.2968022
10255	20425	2354.801947	54
10270	7826	214.2243375	235
10274	21281	778.6189594	125
10312	3680	728.1632297	95
10313	10263	1409.292299	89
10315	2749	1441.093304	104
10320	1713	357.7295431	196
10320	2768	334.5271645	194
10320	2823	361.2259346	187
10320	4436	204.0608261	235
10320	5623	208.4479807	228
10320	17448	336.7525192	181
10320	18972	347.6820395	193
10320	21811	276.4531653	200
10320	24423	265.4692246	190
10321	16509	447.1267937	131
10329	24251	619.3376132	117
10339	16211	462.7163985	109
10342	13683	996.5236886	56
10347	20272	1357.173675	96
10360	19124	1824.46113	67
10365	10506	2826.41552	57
10368	7362	1569.529595	54
10374	15979	974.2084447	111
10389	13210	767.67096	65
10389	15190	831.573931	56
10410	12052	450.5842701	123
10412	7023	382.8814105	85
10417	13424	503.0834729	112
10418	2208	656.5956701	81
10428	10579	359.9293258	58
10430	4568	552.8218297	100
10430	14383	543.2162541	102
10431	1790	1202.147623	111
10434	4797	1669.890357	36.1209642
10435	2181	2426.753752	52
10439	7599	480.1788726	120
10451	10901	605.9131024	67
10468	15532	183.0833503	305
10476	19201	3538.442035	82
10483	10217	525.6877127	153
10488	2997	672.4053212	41.21271655
10488	3117	638.7544426	47
10494	20815	3754.507087	84
10495	15686	577.8246426	123
10496	3221	1602.407613	32.36180563
10513	10246	1038.064716	105
10569	23480	4737.078611	35.33572585
10583	21042	1170.169467	94
10587	7016	1582.907155	55
10625	23056	184.8483981	213
10627	12555	826.1173698	110
10644	18261	4644.736407	41.21271655
10653	12342	474.4591073	107
10656	20250	2603.128645	101
10660	23019	2196.533447	67
10670	2892	457.9912756	105
10670	14048	826.8990721	97
10693	6638	896.1853016	103
10693	9015	849.6073751	114
10693	13748	892.6718217	101
10693	20519	1104.888098	94
10710	17079	302.0965652	136
10757	23281	465.6984092	132
10770	18648	1739.083437	131
10771	13781	1054.733954	76
10800	15810	516.4149455	100
10801	6638	580.986861	99
10801	9015	614.6974662	93
10801	13748	548.1752762	105
10801	20519	665.1818544	99
10803	4226	3330.178598	41.21271655
10803	9056	2550.047261	45
10812	23064	799.2948426	146
10813	13499	706.2402369	82
10818	12600	265.2744374	138
10828	1711	491.8592961	109
10828	15356	728.2301141	99
10841	17653	1803.288863	37.7441779
10847	22381	207.5638629	154
10847	24222	216.0411485	152
10850	23210	561.0603707	114
10879	10660	357.7079456	178
10891	2595	183.9051871	215
10896	3970	456.1705928	184
10898	5242	873.2236244	89
10905	14380	1157.460122	99
10912	3461	1181.702677	78
10928	18026	4790.201911	59
10992	11515	1186.90744	98
10992	14055	854.7616514	89
11000	24316	198.9236138	180
11001	17204	978.4461449	153
11017	8491	580.6948531	115
11018	24194	323.5863522	105
11057	20964	519.3391773	141
11066	5781	699.5714783	93
11066	15313	583.5890215	102
11110	10574	4014.397286	28.36356641
11111	5954	418.1952441	121
11114	4334	221.4715103	143
11114	5737	287.2899829	129
11114	9074	215.795378	141
11114	11558	224.0532244	142
11114	22257	191.9924503	148
11115	22282	829.8159127	110
11120	3662	3100.003484	55
11125	15535	1964.929247	67
11145	2701	256.8719593	163
11148	22722	1006.104725	68
11155	4334	214.7653745	145
11155	5737	208.7126593	160
11155	9074	216.1500396	145
11155	11558	215.5357219	145
11155	22257	262.8226358	134
11159	17318	759.4523413	109
11176	11120	341.5113998	118
11185	8133	2455.792271	54
11192	15108	1785.827552	9.245909209
11195	492	334.8210648	168
11195	6618	405.943667	158
11195	17330	397.6310579	150
11195	22353	406.9184685	158
11211	20099	465.6134715	152
11211	20289	439.2373135	146
11212	6235	1181.839422	78
11216	22458	1854.362526	88
11247	7676	586.5018989	36.1209642
11257	6975	1441.283052	27.1437722
11263	6806	555.1257965	122
11265	13252	904.8334912	120
11282	12520	781.1812239	114
11284	11932	1640.324431	93
11290	21168	809.0247087	139
11310	22876	290.7257403	213
11312	23066	577.1542239	114
11315	1651	224.6107352	204
11315	15094	209.0577451	208
11317	5830	802.8262504	87
11330	6736	240.392039	196
11338	7056	328.2172302	133
11338	7509	310.5478927	146
11351	19828	883.4577449	106
11362	20787	298.0566175	112
11371	12017	440.9541413	134
11406	3610	1598.413564	50
11412	16848	294.2569915	171
11419	23573	360.652641	89
11440	3849	1002.748948	81
11440	17506	914.6114235	85
11450	21162	356.5125234	104
11452	4036	523.676861	136
11464	171	1946.608387	108
11469	4312	840.5131385	24.31888239
11469	4739	878.6048504	24.859302
11469	5112	838.8910463	18.27487772
11469	6241	834.8366525	19.52047734
11469	9534	808.0337359	18.68098611
11469	16161	808.0337359	18.68098611
11469	21112	849.9177791	24.31888239
11472	480	397.4033937	76
11472	1818	609.3940409	75
11472	6619	619.2590346	76
11479	1011	2840.510624	38.58293741
11480	22488	1280.522669	57
11481	492	224.7796031	219
11481	6618	286.4002491	189
11481	17330	340.7041672	162
11481	22353	281.5900203	191
11486	11238	460.8992863	96
11488	309	901.5622191	80
11494	15368	3119.798114	110
11513	4285	380.0121726	126
11513	12370	320.9295072	136
11514	558	566.3601219	73
11522	8236	380.9545483	186
11524	1508	306.8430544	162
11535	7151	657.8538423	107
11544	5689	658.9738246	125
11551	4544	3611.155924	53
11562	15954	1115.141061	72
11571	17673	2120.135744	93
11574	23729	194.3196396	96
11587	9509	727.5380985	86
11594	11763	1420.001995	30.2968022
11606	19181	752.7506241	50
11608	14767	2898.293785	51
11610	16902	767.8098687	107
11620	489	827.470341	92
11620	4841	756.6135081	88
11620	12730	683.6070953	100
11621	9708	1025.743947	66
11625	18304	5487.854597	33.81608925
11628	15966	1391.533692	51
11642	1032	500.0301075	153
11665	13521	1309.080217	59
11681	583	1363.30132	81
11682	14690	537.1950448	163
11688	10786	1230.921016	114
11691	1886	362.7399249	103
11691	21106	360.3779297	104
11692	10636	458.741873	69
11698	4051	613.8797375	115
11710	21243	437.8291628	114
11717	20749	2232.601654	39.44033602
11728	9877	1178.467373	70
11731	23080	851.2386587	94
11738	7126	603.9983339	124
11745	22128	801.044477	62
11748	23965	4110.390178	62
11749	22344	397.6416647	51
11756	22739	349.3370254	96
11758	17053	2299.263243	47
11768	21118	729.4480978	120
11780	7865	877.9523071	77
11804	21246	303.8185418	119
11805	12540	1791.060393	65
11809	17334	866.8067622	108
11812	6588	2592.076212	56
11816	12048	1502.54791	23.79021103
11821	2856	1829.929656	127
11833	5991	1222.182493	88
11858	14193	2884.269404	86
11875	852	723.3428131	141
11892	6049	489.174658	156
11895	11858	449.9677079	109
11897	21848	1578.144143	63
11899	1519	2211.795552	33.08095687
11905	21521	665.6446207	134
11929	20944	673.7373359	119
11938	13104	206.9396319	172
11947	705	1355.819919	24.859302
11955	5928	1792.641459	54
11965	7165	211.3459893	210
11987	8583	2515.521773	81
11997	11117	3538.368751	87
11999	22877	897.3180723	122
12014	21521	807.6604164	128
12035	18571	2152.238216	62
12050	24340	183.6655126	208
12054	9829	395.0107939	107
12055	18950	570.550955	109
12063	3009	799.4979487	132
12065	10055	1039.523408	50
12075	567	290.3158727	88
12075	13259	313.3562311	90
12079	6413	1832.425184	118
12079	23721	1806.494664	120
12085	21576	1788.371806	123
12087	7833	1242.560801	38.58293741
12087	22426	1361.072838	39.44033602
12093	13341	1123.991359	143
12096	24289	2015.528443	123
12107	22989	713.7262391	126
12114	7270	1029.955288	37.7441779
12122	20062	214.0770507	133
12156	5918	226.159897	154
12183	15998	2578.779462	37.7441779
12194	4623	570.5744834	113
12208	8988	757.1356642	79
12214	2092	1219.507991	71
12227	4242	195.1275352	175
12228	17273	2970.170515	53
12243	17503	327.0415077	173
12248	21058	1568.81741	102
12259	9676	354.9316308	152
12262	16902	722.4747548	104
12274	8148	760.8160505	84
12279	20540	3419.680212	23.79021103
12314	14449	583.6882265	62
12329	432	583.9371901	86
12337	17131	580.5331731	178
12341	17087	260.4869744	137
12342	7660	572.0358908	84
12345	9071	2745.136746	48
12348	23440	270.841954	120
12363	19665	656.7152243	99
12376	20011	368.7890325	146
12404	14653	1289.284805	100
12407	1777	273.350235	93
12413	22817	190.5502534	171
12415	13357	647.9048464	173
12421	16309	1045.729995	49
12427	10004	305.0362347	178
12440	7896	1132.345388	30.97006447
12445	13368	460.9767045	58
12449	13340	181.1978755	169
12451	8795	600.7817105	82
12451	18182	663.4439645	83
12458	9358	273.7012718	134
12475	17597	919.3304262	55
12489	11342	258.4195036	204
12489	14044	192.0071217	229
12501	23429	279.50031	198
12507	3893	624.0541527	91
12516	5501	497.8315576	64
12539	16622	183.1236867	171
12547	2201	1328.837192	146
12551	19503	1116.28668	87
12562	15173	1221.600807	56
12566	7731	689.754685	60
12573	4218	323.4513947	130
12580	22061	265.3012466	113
12582	17846	2806.696411	36.1209642
12585	20132	632.0149066	99
12586	1698	2988.509524	22.76709704
12601	11227	265.1120423	125
12603	22804	596.5341635	88
12609	17378	1328.092123	77
12613	5901	1600.011266	154
12615	5039	402.9047967	90
12620	16845	1682.843163	51
12672	7194	1090.688017	141
12684	19559	420.5593279	54
12702	223	1247.66237	98
12702	22758	1120.737755	101
12704	5026	224.821218	156
12710	19343	2486.969261	29.63817606
12722	14469	790.6545848	56
12725	22502	282.1057803	138
12745	9470	907.4279001	81
12759	1837	1334.518672	122
12763	5556	4270.240444	97
12769	829	585.303226	83
12769	10159	404.1390722	93
12772	16482	274.983117	142
12773	23916	184.7259559	190
12780	1426	181.4971844	166
12780	16253	306.2185772	135
12800	9656	482.5118865	145
12801	4588	394.873289	108
12801	7690	419.4278637	115
12801	13543	437.9349196	120
12822	18847	199.1014546	148
12823	2830	3343.131828	13.73299768
12823	13017	2709.049562	17.10875968
12823	15008	4122.736654	17.10875968
12825	11179	238.8237681	150
12828	13542	1056.442285	99
12831	3499	221.0978327	179
12836	2191	18527.67823	64
12842	4319	1378.781063	73
12847	13652	471.9236007	140
12873	12361	203.2102362	219
12873	17407	210.1866139	218
12876	9073	1566.072693	104
12882	23946	713.6901046	125
12883	2716	713.7705402	48
12889	21736	577.5063174	140
12896	17712	1742.545591	51
12899	1088	1393.528974	52
12902	17388	579.6690041	145
12904	3804	402.4113711	110
12946	3720	248.2685383	153
12946	10397	236.4772541	141
12946	22098	350.4919799	134
12964	9146	1598.999232	31.65828812
12969	13395	1156.026786	81
12972	5019	560.684434	142
12974	1592	414.9306083	99
12982	12282	1016.74203	94
12983	3573	1849.162603	74
12984	21341	233.0146903	164
12985	16169	230.4735161	92
12994	14659	995.7344206	61
12996	19450	702.119001	89
13015	15854	495.2424245	90
13031	5222	2841.055996	18.27487772
13033	15455	739.1280049	74
13037	2047	351.9875145	69
13038	505	583.9267729	67
13053	18725	2091.663225	114
13054	17806	572.6266901	70
13067	22439	252.7247987	189
13073	6188	637.2224658	165
13093	11842	1736.355622	59
13097	22682	190.9849706	168
13098	24104	1128.421818	88
13120	10056	499.0052247	123
13128	21545	1616.735975	75
13141	1013	2950.758098	82
13151	16542	1503.041804	69
13160	11049	577.931541	133
13183	18263	885.4550256	59
13186	21619	1327.948366	73
13187	12927	205.5005737	252
13205	7850	231.8112269	128
13209	15487	965.176799	92
13210	9057	1615.070557	168
13223	5789	1757.096469	51
13239	10993	1165.454125	94
13239	21739	1143.316679	94
13265	4666	1346.818048	55
13274	8407	738.6497009	81
13298	15207	860.0041198	103
13298	20365	674.3846432	110
13311	2738	2015.619537	72
13311	21869	1759.144499	72
13324	14899	1604.057	74
13341	2118	1582.075341	153
13343	9444	1316.266765	155
13359	19776	3165.969093	34.5675579
13385	12150	2627.019725	69
13391	1470	1498.352871	62
13405	8198	949.5414881	108
13407	8254	680.4427118	71
13414	22863	2867.100737	37.7441779
13417	7863	1495.844304	72
13422	19738	1985.633166	93
13423	22112	652.9348252	80
13430	5015	1655.907987	80
13436	9491	278.4315026	149
13442	15072	2149.410846	41.21271655
13442	17194	3045.800839	41.21271655
13443	23739	462.3951525	124
13452	6438	289.6048637	167
13454	9002	671.2221085	126
13456	1144	355.6096802	158
13456	18589	345.2161505	160
13473	7969	216.7326954	165
13484	23281	432.1479253	136
13486	35	350.2512074	135
13488	12661	563.2446135	79
13492	4968	2969.154071	26.5536902
13503	3882	580.9108915	80
13509	22435	191.3315586	183
13525	9729	2490.354166	29.63817606
13527	17302	1870.395315	90
13530	13925	543.6848158	134
13530	14912	539.4312981	135
13533	9192	641.7706197	147
13543	14623	2468.342115	34.5675579
13554	21464	6971.581512	67
13564	10203	1107.597396	90
13574	9516	266.8030069	147
13580	21521	744.1399859	137
13582	19314	1122.973428	105
13595	3010	1681.349784	101
13599	20923	362.0499705	114
13611	4250	183.488888	182
13613	15376	1198.896878	52
13631	2833	660.8309903	109
13636	11938	396.0692167	112
13654	8365	1005.534726	106
13657	5849	544.5845899	104
13662	23380	259.0586087	157
13668	1294	372.1657249	131
13672	5823	992.8696429	80
13672	23376	1178.559204	86
13673	3402	1515.340522	63
13686	5206	644.0561612	53
13692	23843	207.1727452	225
13693	21820	886.2855279	107
13694	13593	836.9035061	120
13703	23221	1323.290926	74
13711	4176	1642.51233	59
13715	10361	382.8469212	118
13717	21855	1519.197465	63
13722	6882	699.68116	89
13725	15236	213.0951387	156
13736	10758	219.9551259	195
13738	11793	774.8503704	61
13741	4362	235.0252405	134
13741	7531	270.0706602	145
13741	13334	373.7353618	136
13741	20376	301.5455555	124
13742	4822	1965.287129	63
13745	20158	1147.633073	102
13746	966	547.9574603	90
13751	10828	1680.042979	124
13752	20342	326.7269059	154
13755	10614	549.7569856	80
13759	13925	534.5626729	149
13759	14912	438.6203845	140
13761	8925	1068.959736	134
13762	11530	1335.083678	122
13769	1882	436.6826825	75
13772	1651	188.5652523	223
13772	15094	221.0557369	215
13774	7552	443.0753646	87
13776	2382	2252.888186	61
13789	8046	999.0619179	80
13802	8774	2705.853215	56
13812	21591	342.3917842	143
13825	20799	922.6298391	82
13827	11516	251.2287702	151
13829	1713	363.0299325	192
13829	2768	289.7529097	189
13829	2823	375.4240586	186
13829	4436	266.6383424	196
13829	5623	280.0506111	207
13829	17448	364.4678365	177
13829	18972	361.868674	182
13829	21811	295.1552258	172
13829	24423	312.2949564	200
13830	23707	687.6610666	139
13834	534	382.9906724	184
13840	21234	1023.925261	117
13843	16163	242.5986888	117
13846	3482	352.7936492	56
13851	12854	324.5189026	115
13859	13757	1550.081018	80
13877	11947	351.2283453	108
13880	1426	198.5863109	158
13880	16253	346.3084113	132
13888	5006	1704.247597	68
13917	7056	462.1255213	131
13917	7509	534.8897881	124
13920	4942	1149.056811	39.44033602
13920	5794	1245.687199	31.65828812
13920	23307	1076.973922	41.21271655
13924	14343	4629.433687	61
13931	1342	913.1600515	90
13931	5171	812.2642903	90
13931	11791	913.3639295	90
13940	17541	355.1532764	132
13943	22698	412.9432933	140
13944	12209	802.2412246	128
13947	6049	539.6017386	159
13951	13421	1292.734407	77
13960	2303	1102.875213	120
13978	22763	1476.561754	56
13984	17603	3093.99541	27.74696714
13988	11283	297.0491009	152
13988	13265	301.1224232	151
14008	721	893.7910558	47
14009	23088	1361.906139	66
14015	2069	1565.615819	40.31678793
14016	18281	1940.493561	64
14017	9160	1153.15802	109
14026	11182	1820.861384	67
14028	547	1609.744574	49
14033	6312	203.2438744	134
14037	7168	2374.255937	68
14066	3654	256.2649086	174
14082	8565	2261.228347	76
14084	7629	737.2166468	82
14113	22254	1945.238977	63
14115	1569	462.4516159	76
14131	4104	889.5233095	105
14139	4836	436.9101753	156
14140	814	2663.999404	72
14153	4491	626.0798017	103
14157	3038	185.4585498	134
14170	1428	1363.996972	75
14191	1613	222.1444433	308
14196	18828	1869.263082	40.31678793
14199	10730	724.5303256	57
14200	24406	4277.425326	40.31678793
14201	4149	187.7815212	174
14201	5815	227.1934555	184
14217	22282	790.5257945	110
14221	17123	653.9844597	141
14227	657	490.9271536	176
14228	3621	182.8639793	137
14242	17581	1534.893747	61
14245	23443	597.5747674	127
14246	5690	206.0434087	155
14278	17657	1497.547913	120
14306	22322	201.9263726	166
14308	5826	1601.325578	78
14310	13604	509.6916016	133
14322	4933	401.9533438	195
14331	10852	1023.883773	114
14331	20855	754.593521	122
14344	16854	3212.532711	32.36180563
14354	10934	369.7287841	111
14359	19970	1212.401672	54
14362	23828	357.930005	129
14364	7039	317.203866	84
14371	19594	826.5443281	110
14376	7845	2971.799112	51
14379	4019	1763.790203	26.5536902
14395	7009	718.8291158	92
