3	14682	1563.54642	102
5	18741	1445.712998	36.1209642
8	4151	1892.83298	78
10	4906	2041.582263	74
12	13408	195.36875	282
35	15176	201.9014569	162
37	16904	1558.163038	104
46	3774	3013.480725	31.65828812
49	8206	2173.344847	76
72	11223	720.610794	119
115	10686	968.2531319	81
126	7186	412.9451952	117
126	12697	450.3754566	114
126	15946	472.1712441	102
129	20331	371.1668762	152
149	4795	942.1667265	98
156	4694	321.8891525	148
163	6813	2590.720653	80
184	5007	683.4602886	50
184	18609	431.4495889	59
188	14404	1842.851801	87
191	8595	757.9194716	99
192	11320	1514.084379	40.31678793
210	14	723.294921	98
225	16996	221.1358821	224
227	13414	1234.620273	50
233	11404	268.4899544	157
239	18240	1145.811698	2.264901287
244	7399	333.6127805	172
244	12489	335.5112871	162
252	10423	304.2630415	73
255	18817	181.7449766	149
262	1497	1127.948622	33.08095687
264	15100	2575.695949	61
280	14731	973.8935497	90
283	9447	277.5800467	164
312	2439	453.9637858	160
319	56	1259.802315	83
367	15518	569.2586974	86
387	13906	274.9202914	131
396	12391	211.0753202	115
411	6899	1095.112744	97
411	17434	1010.279848	86
414	4077	593.2532036	92
418	9919	192.7188039	179
433	17593	350.518437	53
434	5810	1169.283068	136
439	4192	221.5144669	150
440	13185	981.7857673	102
454	16723	185.4298756	215
470	4285	1253.840603	118
484	3408	579.888385	153
488	6434	298.3783599	116
510	1884	672.3562682	82
511	11290	1029.628701	144
527	2602	884.3837701	36.92365229
527	4127	618.3335263	55
527	5617	716.5803682	45
527	16571	737.2496071	50
528	7755	583.6827747	123
548	3970	222.4421409	154
550	17242	803.9384267	79
555	15185	207.5703165	235
580	3192	1846.022385	69
582	18734	523.578868	148
609	1430	257.3333123	162
626	3001	418.3274231	60
632	17841	200.2408626	195
638	12696	1524.122786	84
642	9374	705.0823256	37.7441779
647	8789	697.0296186	90
650	9180	354.6910096	113
664	3606	557.3554777	141
667	14304	905.1619555	99
689	5945	1411.953634	69
717	12892	710.9291332	87
718	12376	628.3426294	122
734	20166	1456.63154	73
739	11944	1162.11809	79
746	1013	276.7931411	142
826	3347	894.4890433	100
835	5504	897.9461841	102
839	15147	1178.187986	67
840	4250	1838.669838	69
862	13277	1657.190124	64
885	2468	1713.698466	57
895	1319	651.365094	98
906	1330	593.6956253	121
906	3264	551.6986415	126
906	5658	541.3319087	125
909	1683	546.8934923	122
915	6776	896.1808807	53
941	8120	2552.235123	59
942	7299	264.2017931	195
942	11902	182.6814748	210
944	15729	2104.385137	70
945	19382	442.8974326	126
955	5080	186.0284419	141
964	5167	2839.354476	74
965	8954	219.1553422	142
989	9066	1347.406269	83
1012	4376	974.7643398	91
1021	19227	1077.540631	75
1026	5958	758.8521321	117
1032	16215	718.310222	81
1036	17990	435.1647994	88
1058	13431	182.936297	282
1060	5527	1013.917565	106
1068	6811	269.7694265	156
1068	7446	194.0213204	153
1080	9319	2259.417547	103
1087	6889	446.2070837	132
1095	14730	1404.694424	99
1111	2278	203.9734279	186
1111	4314	184.7952286	203
1121	15420	2801.488449	82
1131	11791	530.3639237	111
1168	3826	1363.811829	50
1172	4822	375.6947215	101
1178	8908	349.4132668	150
1181	6783	2290.898044	89
1183	10194	633.4995898	58
1186	18150	311.1897783	121
1193	19159	541.3258326	154
1195	13947	852.1918491	87
1201	4042	519.1733847	83
1213	5830	1713.435712	49
1234	3078	182.1584761	145
1238	13812	1198.034425	134
1238	15190	911.9664244	140
1264	11325	2431.158276	28.99386789
1275	1198	704.7601463	112
1283	9387	260.0840973	151
1289	7896	420.3087677	105
1290	19063	829.6823914	104
1297	20184	891.1662293	114
1305	9901	2864.945314	77
1307	4103	289.2188204	87
1309	43	592.6799993	116
1310	14493	298.8380071	127
1324	10512	1303.133627	66
1375	15430	301.1858377	125
1394	10431	273.0852909	102
1395	2323	2142.246559	52
1400	5026	713.507939	109
1410	15642	669.941522	63
1411	3586	280.9077969	125
1411	14352	321.2205256	121
1414	5335	574.8146893	23.79021103
1414	6950	663.8707888	29.63817606
1415	2012	3386.512278	27.1437722
1421	16948	2166.835717	35.33572585
1432	18610	238.6535202	154
1469	8662	181.6348574	204
1489	10030	303.3659488	205
1521	14483	415.7365133	92
1524	11037	185.4063471	168
1537	15739	2392.266204	71
1545	14941	2104.129549	55
1579	10202	1254.625985	78
1590	13217	776.8087826	132
1590	18421	1270.462948	127
1590	20035	865.1521	128
1594	14631	374.4473964	138
1595	18477	974.5813299	98
1596	341	905.9351064	116
1600	13195	362.6622384	173
1618	8343	1131.794588	45
1624	3132	348.8236855	98
1629	1813	521.7425618	100
1634	4069	724.6387697	88
1645	5870	1536.009741	45
1665	20283	1045.64152	84
1674	4943	1345.216186	113
1710	8922	866.511372	68
1725	13556	457.7427417	94
1727	35	1141.661029	68
1729	12096	345.5632694	117
1736	19455	1125.305861	150
1740	16510	252.8149613	169
1798	13033	231.277057	167
1798	13605	228.1158084	168
1813	3323	289.2304029	80
1822	17478	210.639365	90
1827	10654	761.5931492	140
1827	12620	722.2362128	146
1827	17753	782.6697023	137
1843	1054	460.4692494	102
1880	13573	356.5365795	162
1881	8666	990.2403078	68
1886	9201	994.1137573	57
1890	18773	1430.287507	9.044911183
1897	15044	784.1479847	57
1898	16087	188.5943393	158
1901	14398	1006.890781	134
1906	13929	2093.740879	55
1910	1089	540.587426	72
1924	8284	908.9269897	41.21271655
1936	3975	1354.723293	95
1943	4050	557.7866684	52
1958	17121	7540.798125	61
1963	5592	379.887963	156
1963	15884	431.3544181	139
1963	16383	407.1801511	157
1977	14699	887.3479498	103
2005	20275	1922.415555	124
2008	7352	303.0848041	112
2008	18066	334.8957974	101
2017	3812	759.7665402	139
2017	8327	685.6648461	143
2020	10010	928.7474122	106
2026	149	312.9036888	154
2026	13002	344.6598114	140
2026	15809	390.8826745	144
2026	16076	413.3614195	143
2027	10763	3302.047992	77
2044	8260	433.9898211	140
2055	5041	1149.659593	97
2069	691	654.8426306	90
2088	12365	1054.801213	69
2100	16602	276.783085	84
2107	18586	514.967756	104
2110	16587	908.6894803	58
2121	5660	428.9121376	78
2125	9978	250.9313853	235
2139	11604	728.3369012	168
2145	13222	199.0042548	136
2150	23	542.4924326	124
2150	12351	490.937776	140
2188	39	688.7395791	135
2197	51	634.6551422	81
2213	10122	270.2566248	100
2245	8473	3420.153667	11.77465311
2249	16146	2895.722846	66
2292	18351	370.0569157	164
2309	15801	286.6605714	55
2317	12508	1367.690698	88
2331	6359	3749.592905	50
2341	9751	1486.425812	85
2345	4589	745.2745699	137
2357	20262	1879.301847	56
2366	9538	1057.201814	139
2371	2722	210.7829216	149
2378	119	1397.12814	108
2404	3052	219.6299834	147
2433	10427	181.1649265	169
2438	10332	3129.77519	109
2448	8887	676.0513805	105
2471	4829	1081.372758	120
2473	20086	614.1962726	115
2483	480	285.137866	86
2486	2317	8886.850945	66
2500	1106	1915.018244	66
2504	2515	290.1733139	97
2505	9831	2403.94686	10.0955712
2506	3393	400.4149433	111
2515	6574	2058.435068	49
2519	12447	188.4406845	183
2522	18924	948.4752769	135
2524	16013	569.8944452	47
2539	9106	688.0276981	194
2572	6186	213.3499874	182
2611	7934	277.5896968	138
2619	5244	256.915546	181
2627	7038	1948.191794	89
2645	1211	981.153074	53
2645	17729	928.8592724	55
2647	19139	478.8932477	102
2652	15151	1109.599578	77
2657	9428	707.7673059	119
2661	19943	592.3458733	85
2674	2593	244.5583142	207
2676	16544	1173.291958	42.1285547
2684	19216	3941.778314	60
2689	6666	1244.037177	88
2694	9791	331.5751703	141
2701	6012	1107.741908	23.79021103
2718	4476	848.9654889	87
2724	13738	2119.126148	57
2730	6169	1268.284975	68
2754	19184	578.703336	124
2760	17252	893.3961546	85
2764	7385	3662.398131	63
2767	18312	420.5785344	24.31888239
2780	15904	678.0492127	71
2802	19531	1734.432898	79
2803	17107	676.2079427	59
2811	15371	485.1514335	81
2815	2552	198.4005603	145
2823	13573	315.9620217	174
2834	12844	959.8656474	53
2835	4174	316.4516304	93
2849	1668	273.4361757	192
2869	4605	256.610683	151
2880	9513	385.8418709	110
2882	48	3530.101623	25.41173093
2894	7261	440.5434125	126
2901	14868	1829.640861	104
2932	5203	251.0963472	138
2932	7512	259.293904	132
2932	16845	293.2302155	136
2932	20413	278.2900516	141
2935	16591	1413.917895	152
2982	3982	823.292871	103
2986	17377	476.1087133	130
2998	5418	434.5663502	81
3012	10516	800.8216101	76
3014	9648	901.8213247	97
3017	805	413.0245303	96
3032	10750	538.0971118	37.7441779
3043	9693	1539.989782	72
3077	13877	1082.208952	91
3099	15632	2689.200045	66
3116	13446	211.5219514	264
3159	7369	2244.981049	81
3165	15718	220.9473992	61
3181	15109	416.42382	116
3187	18634	390.9725133	170
3216	15853	459.8406232	58
3227	15104	1538.425253	66
3236	4053	1945.429769	119
3236	11612	1997.615151	126
3239	439	210.4455976	171
3239	1560	224.0493403	191
3239	3467	217.9898547	170
3239	7452	243.2350023	180
3239	10944	194.5440054	196
3239	15929	190.3830296	203
3242	6332	246.8538477	91
3251	179	2263.126811	50
3264	17796	919.50299	28.99386789
3269	246	327.9857706	148
3269	12352	415.319902	142
3269	13593	395.075889	130
3305	5860	543.2753994	96
3306	3494	742.4483083	136
3307	2738	1411.266973	43.0647448
3308	18195	226.9961324	161
3311	17953	231.1011104	195
3316	12541	254.1762404	137
3322	6412	424.4698322	92
3333	15359	1555.897846	25.97643606
3337	8673	268.1254214	202
3344	45	538.9072535	60
3355	13370	567.223231	52
3379	19292	776.6291138	105
3390	13858	242.6915372	151
3390	16655	236.0597636	150
3412	13824	520.1770466	79
3425	8089	2887.600823	79
3436	5993	258.6252843	125
3438	12208	315.224604	159
3448	16514	3092.466834	34.5675579
3451	18859	583.6944902	123
3454	3454	1063.951538	89
3494	17996	684.5646274	112
3495	621	1828.644268	55
3508	15557	479.7621154	111
3525	13618	330.9934261	134
3527	12226	1738.150967	62
3529	6755	733.0040227	116
3544	16363	249.8985055	164
3596	11131	486.5054478	175
3606	10416	208.4871074	109
3611	15598	504.5161665	110
3613	17191	1641.406439	72
3624	6675	287.0177555	163
3625	6620	203.2166882	160
3637	19161	199.9133185	106
3654	13194	1987.099765	86
3657	2246	889.0511324	12.03631207
3698	9022	226.3956806	111
3707	7914	496.3561305	131
3714	15854	1247.425032	123
3715	18143	1335.357011	48
3719	4319	242.3621413	183
3736	3578	2538.150513	64
3752	9077	1756.940751	101
3759	16902	1390.426355	16.37298599
3769	11116	1091.060632	45
3770	11663	213.6442551	212
3774	16915	384.9792945	93
3781	4939	279.8723402	207
3790	164	1579.461467	153
3803	14248	1736.055869	45
3805	16110	764.6696811	100
3813	16197	2012.990752	39.44033602
3841	19282	366.5537094	138
3844	1450	803.715358	33.08095687
3846	11621	240.5026596	201
3847	4283	946.3796107	111
3859	11012	1169.178146	90
3867	10617	2139.255749	74
3881	8590	1079.245795	124
3911	1549	794.9241946	103
3911	2775	703.79839	114
3911	4586	819.04444	102
3911	12204	797.9743283	103
3915	11825	3062.638031	27.1437722
3920	12048	1598.41113	93
3922	19903	1473.815595	154
3930	4510	217.8728863	180
3940	3150	5492.852428	44.02173913
3942	20011	561.5829401	97
3947	17929	848.3734936	79
3961	5800	455.4165344	120
4004	20194	317.8354405	143
4005	16433	2277.291343	63
4006	859	1299.386477	54
4006	7333	1286.704578	61
4009	19084	611.7512089	89
4012	10069	993.356994	192
4036	3589	903.0772284	49
4064	1974	1911.810502	74
4069	2072	1128.547284	125
4079	7820	2729.524716	78
4097	13868	741.8125858	109
4159	5749	2388.488447	116
4173	12370	1059.295472	86
4185	19315	11544.99018	29.63817606
4197	16104	1417.420051	59
4231	10234	521.518568	114
4261	6937	1363.590253	87
4268	9976	2249.615119	89
4276	18235	279.7560055	71
4285	14440	453.8389115	109
4286	7213	952.0837657	108
4289	1144	923.5342039	56
4297	12389	434.1672541	188
4302	8236	964.9243351	72
4302	10778	1162.818389	71
4305	10382	1228.533934	81
4313	19530	819.0761021	88
4321	3440	896.771089	95
4328	13047	4518.492382	24.859302
4331	3065	720.9361505	115
4333	10365	2647.27726	80
4350	6511	972.9492879	115
4353	12842	474.4534547	174
4354	12647	2442.911101	60
4363	15142	2053.323102	34.5675579
4378	7272	949.1783495	90
4386	18236	568.5995131	98
4388	15307	535.4380835	139
4411	1209	2484.463328	113
4413	18181	202.6055249	172
4426	4603	2235.915082	104
4426	5734	2143.544517	110
4439	14203	704.9568156	145
4440	4167	713.0808427	123
4441	9781	201.7032071	280
4460	16495	1580.978683	67
4474	19190	680.7011862	82
4489	9465	563.8633856	104
4499	7892	666.4023602	91
4516	15719	856.5885754	23.27303253
4541	1433	631.2724818	112
4543	4260	252.593016	135
4543	7778	267.4162675	114
4543	12008	312.1496	117
4543	17844	257.7047825	113
4559	1005	305.9920254	116
4559	1091	366.869207	101
4571	1048	287.8707868	169
4597	20205	845.0913763	111
4605	10158	580.0181492	113
4618	2747	340.0314639	97
4646	3940	3729.271395	59
4651	5247	1608.125644	51
4656	6987	372.7312326	100
4658	11472	723.9879762	99
4692	894	923.7720558	141
4699	10087	1230.662695	12.57720313
4708	17594	317.1073002	135
4712	16882	1182.545558	84
4717	7099	446.5677898	104
4724	11053	752.9032236	43.0647448
4727	3055	241.5671508	111
4735	19035	584.2432869	127
4737	6597	1095.689975	32.36180563
4741	18171	596.5710611	113
4743	14218	238.9065387	119
4756	8069	227.2634088	153
4761	4161	358.9705832	144
4763	2224	1428.437254	7.421581234
4763	3684	1344.408865	11.26827626
4773	13989	2769.059084	35.33572585
4785	18011	357.976101	99
4786	20365	281.2011555	143
4798	15732	1815.916679	45
4818	13994	293.6318603	181
4820	16563	2956.381337	94
4830	19160	535.0953873	90
4858	7764	694.8199583	138
4867	12121	243.3907538	142
4892	15802	1772.441873	61
4896	6674	273.1729127	171
4907	11359	341.3413601	52
4952	19215	1130.604896	124
4970	11936	1030.762111	107
4976	6232	544.4796906	113
4988	18374	284.7345737	95
4992	11086	1482.141169	83
4998	12266	437.5301097	58
5028	9309	1018.075892	106
5048	2434	2493.082937	37.7441779
5091	16708	2341.722399	89
5139	10357	2765.276284	52
5139	15860	2504.820387	58
5146	8576	1538.459434	76
5153	1980	186.6499425	317
5158	11081	511.0366742	96
5164	17916	2629.711668	65
5176	14711	2234.297899	73
5188	9072	2185.975483	45
5198	7611	392.4071123	150
5199	13695	609.4971307	137
5200	1342	868.5507565	45
5205	16034	712.1788022	51
5216	12629	198.9444875	103
5230	3911	246.9827414	180
5232	10857	941.875278	112
5245	13033	192.1244078	168
5245	13605	186.9105023	171
5252	3051	756.0658782	64
5267	803	453.5723881	152
5270	13540	1478.566664	56
5292	13849	2040.429522	42.1285547
5298	13827	327.530793	117
5302	8214	295.6635561	157
5307	16169	1110.357409	78
5308	19025	3933.816861	20.85097594
5311	1824	645.2821679	136
5314	7264	1317.340548	75
5324	12645	312.8989223	85
5346	5087	2108.660851	49
5380	18941	223.742205	106
5389	19154	647.3338652	84
5404	18200	771.5304118	137
5418	15322	893.1628529	108
5426	4309	393.7335642	133
5442	17834	2989.208606	65
5463	4864	821.1872977	147
5464	8039	390.2281463	130
5492	246	322.9712373	151
5492	12352	371.2619506	152
5492	13593	465.3268459	117
5503	1620	386.7299058	114
5537	10793	2642.024709	41.21271655
5544	237	245.4743748	236
5547	2684	1390.533324	68
5555	12731	1244.791308	43.0647448
5564	11501	503.4646694	122
5565	1355	463.2662597	57
5568	4218	1042.084946	104
5618	11016	1488.772984	21.78798276
5621	13974	469.4529401	96
5633	2952	1019.372628	114
5636	7050	187.4281728	176
5638	160	656.3303542	62
5658	6759	506.37092	124
5658	10127	540.3358006	125
5662	1083	2469.380601	103
5664	9513	355.4168853	109
5687	12627	330.1058225	191
5697	4878	1924.351109	84
5701	2094	2289.62046	80
5705	5146	516.7069163	57
5711	7351	1416.06843	98
5741	16004	796.7257892	65
5743	9826	1339.705345	89
5748	11355	1279.829856	72
5751	12334	1848.849709	83
5766	3025	186.956104	82
5793	4200	244.10787	175
5793	7185	247.8887745	170
5796	16582	193.4221679	138
5800	6981	3674.981438	66
5816	68	214.0696775	202
5826	7399	227.5137443	197
5826	12489	279.8626483	171
5827	845	308.4442616	149
5828	9755	1143.674525	132
5847	7317	221.3931277	327
5858	15375	6928.99444	65
5881	6295	677.2914527	99
5882	9206	682.8816719	82
5890	14798	1923.834265	55
5892	17241	885.1243332	86
5920	14392	199.6621078	119
5925	18076	606.0115536	102
5950	14739	1640.531978	86
5956	9587	305.078899	116
5996	9708	1746.153554	58
6005	16802	835.9137525	106
6006	5833	694.1216287	144
6015	9904	902.809514	83
6021	92	1330.059249	44.02173913
6033	1543	1548.896262	21.78798276
6035	18021	658.8523931	107
6049	17090	358.0834195	64
6062	14313	327.7310086	109
6084	15802	1775.473412	64
6091	11204	1423.832143	102
6096	6800	606.6250794	61
6100	17487	633.3531725	110
6107	9251	1122.224779	58
6113	8229	1760.344902	71
6116	1223	199.8469612	241
6119	1517	1734.722164	124
6119	14060	1626.821987	130
6132	1882	2262.465309	83
6162	6740	896.4618128	103
6168	12069	1072.496526	70
6171	14917	4909.466018	74
6172	8109	238.3046918	138
6172	9669	212.9680597	143
6172	13110	181.1391762	157
6181	20473	268.6217154	178
6196	12721	1983.134847	80
6205	1730	264.5179617	167
6223	19601	211.0301974	213
6251	14159	972.5529537	87
6253	9818	477.7351134	81
6253	12124	490.4256571	80
6266	4428	370.4361135	131
6273	1407	2046.897924	81
6276	16706	2059.705112	63
6281	3167	1241.882721	47
6302	1471	468.5451908	113
6303	4004	1150.086317	84
6306	5367	330.0648107	122
6306	13390	261.342389	131
6316	139	1898.700743	53
6333	7634	1753.622004	83
6346	13873	843.9420688	97
6354	5750	210.7724037	97
6364	5370	229.5667188	88
6367	18470	971.0624753	92
6389	7295	1642.234297	47
6409	7731	1955.958267	110
6414	7132	1332.974752	83
6417	10426	371.0309012	145
6428	4972	183.467768	320
6448	18060	1217.802081	73
6453	18595	828.5927807	73
6456	7392	1542.29863	84
6477	11148	269.3931005	105
6485	11084	276.6841719	131
6487	11872	475.2489035	158
6497	13517	1280.511317	53
6508	11164	1327.789187	63
6515	19458	746.2842612	83
6529	8743	559.475064	160
6567	17865	2209.942002	60
6568	5113	365.1471131	160
6586	13562	1135.363345	133
6606	121	2321.863666	78
6609	1536	777.9260328	114
6621	1096	2792.480656	40.31678793
6625	1712	1141.154715	15.32822746
6627	2365	580.1276873	95
6674	4306	2538.613918	59
6688	10355	185.8783557	243
6703	13892	3814.998979	91
6704	17179	228.277816	150
6706	19677	558.3195883	108
6717	20010	208.7801272	238
6719	14528	938.9987725	64
6734	14268	654.5271698	118
6767	14291	818.1284641	86
6770	2936	664.7712564	117
6796	19432	636.1511755	107
6820	16121	883.7331396	152
6823	11546	2478.62145	72
6824	1936	3734.783707	24.31888239
6824	11033	3718.00575	24.859302
6824	18899	2577.131574	20.39769385
6831	106	628.5490561	107
6832	692	198.4202348	254
6838	15863	2340.5866	59
6841	1517	1210.92898	134
6841	14060	1156.629908	150
6858	2602	892.0585649	40.31678793
6858	4127	985.3523932	51
6858	5617	723.008282	57
6858	16571	724.7464052	52
6859	5675	887.310617	52
6880	13448	584.8108222	96
6911	6930	541.2213373	120
6918	12710	2447.587508	79
6923	13028	1080.933169	66
6936	14750	3579.900091	36.1209642
6942	3012	1249.44591	90
6948	596	263.0642331	148
6956	2219	450.7738616	99
6956	13676	417.0628912	86
6961	10103	1195.283254	115
6993	9249	7921.896582	59
7001	8814	452.9664574	99
7005	18782	1243.99952	33.81608925
7027	14030	4085.838417	35.33572585
7046	2844	532.5420302	124
7055	17668	1556.323782	71
7085	16088	2290.196868	46
7088	9958	431.8812738	54
7090	5234	570.0249628	113
7094	10222	533.720542	100
7098	19939	719.2441647	107
7102	10422	1126.187031	23.79021103
7104	9577	2899.88999	114
7108	5403	594.3416025	53
7131	3254	280.7264503	90
7165	2968	2796.412672	47
7194	13870	1293.919297	59
7200	18921	918.815497	107
7202	4729	904.7886139	65
7208	10836	220.9718786	111
7208	16816	262.3710198	104
7209	11105	308.7405168	93
7214	15614	396.5722126	111
7225	8398	868.2127113	73
7230	9980	198.1737718	246
7239	12811	291.833965	99
7241	19366	187.9765191	178
7258	73	281.6731132	64
7269	4192	220.2769561	135
7274	19240	580.452162	99
7282	14607	1401.880146	24.31888239
7285	13413	1129.410649	27.74696714
7287	7374	1424.762263	38.58293741
7299	2990	3075.666318	69
7313	18167	1057.019755	149
7326	17438	247.9363576	159
7327	11206	1610.015037	80
7332	9641	251.3304717	95
7364	19846	1936.698159	90
7374	15349	501.8451143	86
7374	18881	719.7483078	75
7393	3528	304.4740335	146
7405	8321	695.7593405	125
7433	14219	803.4260566	82
7434	12931	1900.845507	65
7441	12791	771.3881458	68
7447	7951	187.4741932	117
7456	12879	302.7308521	100
7467	17958	1165.038574	59
7472	16459	1469.066242	57
7476	7477	498.6078814	133
7479	228	338.2636566	125
7488	7157	184.3218412	174
7490	3786	2893.964826	80
7493	1477	1381.573291	112
7493	2914	1355.851386	113
7515	12526	766.2351581	88
7522	1506	386.4817746	115
7522	2970	408.0836988	131
7522	3497	440.5885485	124
7522	20229	469.029336	122
7526	5636	183.9199335	270
7542	5504	908.3728751	98
7555	18971	1505.184068	60
7562	5339	1388.617724	94
7563	16343	2460.252221	49
7573	18636	1016.56089	30.97006447
7594	4680	2537.873681	53
7602	4535	184.5459262	141
7607	18662	448.3868709	110
7620	20298	378.9872278	130
7625	7436	190.0619051	152
7627	18073	326.5629535	108
7635	5754	3249.07116	69
7644	1074	1565.459757	73
7666	16997	487.5745954	135
7671	9851	224.7850559	108
7709	7186	342.5414793	129
7709	12697	392.2760458	108
7709	15946	402.8743384	122
7735	4519	1932.869834	107
7756	13306	905.3119586	102
7783	11944	1519.656384	85
7792	11573	857.9084345	54
7794	11448	1047.34176	88
7812	3607	976.3504551	127
7822	1608	468.8511447	94
7829	13790	882.9130173	64
7844	14571	577.0385833	97
7846	16854	195.6465852	240
7857	15850	1415.879808	16.37298599
7872	13054	1766.357704	79
7891	10136	351.1384187	91
7894	7461	1743.258719	99
7968	1376	341.9653395	131
7982	16117	2539.193313	36.92365229
7984	14394	2151.392978	62
7996	9609	3693.339956	71
8013	14112	194.0292896	161
8019	19933	2219.657899	55
8047	12255	580.9582415	126
8053	14455	218.0240995	129
8058	3095	221.6232462	96
8060	10986	632.7536152	93
8084	14481	1378.875308	86
8095	10567	1172.223262	69
8110	10224	315.4574334	155
8114	12772	1258.399338	131
8116	8328	292.9877923	131
8130	9457	731.8654996	151
8136	3447	886.1841504	36.92365229
8144	6540	1175.788216	82
8176	349	1254.270751	82
8195	3958	1148.610611	123
8203	16773	550.3892049	114
8217	6070	3295.166901	49
8228	11333	1188.126367	76
8230	1663	400.5050669	140
8244	6793	3169.166969	61
8249	17490	2033.830158	73
8268	14364	186.4161528	318
8270	11734	227.6011293	180
8276	2046	1011.591687	85
8285	56	1097.043138	89
8303	16350	1457.757081	61
8304	4002	671.476496	145
8333	8944	507.6547861	125
8366	7513	416.4682077	115
8366	16555	400.7814365	116
8389	5685	340.2912827	76
8392	1406	215.0455427	145
8392	2308	299.3068896	141
8392	3260	329.8621981	125
8392	12119	231.1031519	155
8392	13685	250.6025217	143
8392	16641	289.7481007	136
8392	18747	297.6157674	140
8392	19718	347.0637586	131
8439	9019	1002.278864	50
8445	2650	785.4745726	96
8450	5794	1090.64372	33.08095687
8450	17016	1111.373399	30.2968022
8454	7219	379.2798496	102
8477	18220	1277.544799	72
8483	16510	317.8646289	168
8488	7562	525.6590334	93
8489	18630	233.5134558	219
8498	14943	1949.201479	57
8522	12819	1628.210804	44.02173913
8524	8136	950.9756893	78
8534	15527	785.1360603	55
8535	150	733.5021821	29.63817606
8560	1843	1074.880685	30.97006447
8567	1020	1522.161316	138
8570	9793	333.7615346	151
8574	210	366.2338675	90
8580	12766	949.3584688	46
8589	3850	258.8388247	89
8589	4763	199.0954717	105
8592	11580	663.8759441	111
8593	1513	424.1042891	118
8593	8607	380.5358411	121
8597	16667	1381.962349	46
8599	15416	3098.065609	86
8607	20437	704.0388655	39.44033602
8631	10656	195.6459331	214
8635	2037	2914.55678	61
8647	1759	3678.551319	37.7441779
8647	16244	3795.180977	42.1285547
8716	11243	663.3366533	36.1209642
8717	2832	801.2579873	121
8718	14636	195.4700907	180
8732	7909	1535.34325	86
8733	2673	350.2297419	166
8738	6422	781.8568918	127
8746	3893	653.7752864	144
8759	11988	4201.437488	58
8792	5805	569.2996128	110
8793	15179	268.5112905	88
8793	16836	244.5319818	107
8801	7174	1438.968014	12.30378567
8829	14650	394.2227113	119
8833	18687	2237.947523	30.97006447
8836	12524	478.3375737	115
8849	14587	371.5395229	116
8853	2301	1052.37939	90
8857	3032	3956.54089	83
8857	13041	3499.766505	88
8860	14367	893.3491523	119
8867	19964	592.0969189	97
8881	3943	610.5242839	176
8886	15545	1098.27395	99
8902	8113	1244.070521	87
8920	9171	1291.254018	52
8942	773	1676.561825	48
8948	8032	846.8948049	67
8955	14764	333.5574797	180
8973	1946	854.2980598	66
8982	8279	1407.922463	77
9002	5930	232.5483647	218
9027	7910	800.9732802	70
9028	867	1053.7896	100
9036	19173	903.4444026	115
9055	4457	1885.160309	87
9055	4769	1775.856543	94
9069	3654	451.0615355	108
9071	3486	202.6550356	214
9073	18949	884.3048165	51
9076	19751	999.6131868	58
9086	12394	930.4282615	92
9087	9393	1432.237653	64
9090	6018	843.1982189	145
9097	16814	294.3107729	124
9098	8437	6019.377818	50
9100	650	1239.464566	94
9110	5168	570.3711435	48
9112	4649	925.9291434	65
9114	3387	1621.290325	55
9120	17516	2041.137791	84
9122	17735	485.7240094	68
9122	18219	394.8888809	73
9133	2187	187.2836246	201
9134	4058	648.3619879	119
9158	16458	370.8775067	187
9185	16865	3312.20365	81
9243	19174	222.7635846	226
9252	18230	1035.816578	91
9258	15882	524.7707753	167
9261	807	1166.446631	66
9281	7370	410.8556351	86
9291	16164	507.7051688	101
9312	13184	1395.749383	74
9335	11395	3934.918692	33.81608925
9342	6921	514.1827581	113
9372	5341	731.2995583	57
9385	2888	290.6017121	162
9385	19191	196.5348307	174
9390	10605	1429.844931	77
9401	19219	254.0778344	159
9410	3082	689.7683823	144
9412	15241	975.5609501	48
9416	625	1415.777998	71
9417	8764	2161.095403	52
9448	19251	1161.19646	33.08095687
9469	16686	2533.148077	60
9476	19159	479.1089926	166
9523	7917	1633.889513	119
9530	8590	1041.975235	120
9564	2917	444.0151496	115
9569	8488	346.839766	133
9569	12953	297.3642582	146
9587	9382	1146.095813	60
9590	15096	581.9421163	71
9591	524	456.0121982	131
9594	596	228.4585703	167
9598	18301	1386.33146	57
9607	13747	620.5868054	143
9618	8577	1084.229792	8.283674685
9621	12423	2491.18471	68
9623	17809	443.2577828	107
9625	7077	432.1360477	72
9630	4128	702.1360133	152
9632	12583	749.071551	49
9639	13362	1555.050824	99
9650	20387	626.8590591	123
9656	18523	875.3693993	90
9657	16125	1099.916451	115
9658	2445	652.4632543	65
9661	16656	3157.108003	61
9700	7924	757.2539669	99
9711	636	322.2193997	135
9711	13086	255.203306	138
9720	16880	271.1524522	161
9735	12059	318.1354311	125
9756	1057	632.2997494	171
9761	8622	222.5512125	180
9767	1483	1773.167813	22.76709704
9767	16455	1222.742401	26.5536902
9771	19737	219.6021064	91
9771	20260	219.6021064	91
9795	8416	336.230592	118
9796	8684	380.7031194	142
9810	16451	1013.137865	150
9815	16535	1322.943899	24.859302
9818	10629	309.8954791	86
9835	8095	318.2092324	146
9849	5684	605.354369	123
9868	6853	382.7059733	154
9882	5954	388.3580222	51
9883	3036	539.6242905	92
9888	10356	229.3926399	165
9889	8265	337.5493995	78
9890	20093	212.1084158	130
9896	16954	975.0356609	111
9911	7235	1368.23947	98
9912	2254	1592.038607	76
9942	8285	360.3219335	95
9948	6857	1348.990359	63
9973	391	584.9258962	54
9985	19729	1418.023673	105
9999	13684	899.1561037	80
10005	5913	2092.009635	52
10028	5590	243.0159016	128
10028	20007	265.1283268	117
10034	5948	271.3812047	98
10034	11402	293.0840774	101
10055	12652	1938.47516	71
10069	2243	1419.878728	90
10075	17092	695.4049652	127
10117	17246	753.8871201	109
10122	6747	636.0998231	94
10128	6853	543.1465574	147
10132	406	225.3371456	166
10143	20417	299.2611597	173
10163	1125	880.1878094	83
10178	3242	381.159479	129
10199	5713	1838.804372	65
10207	1771	1513.341777	64
10219	15790	968.6009565	33.81608925
10222	2005	1194.002266	54
10225	15804	3464.88531	19.09611913
10252	9238	628.103856	128
10254	9663	983.3153334	28.36356641
10255	13900	2476.450991	50
10270	2814	191.2001572	234
10274	14690	565.0545338	147
10313	6146	1354.532317	85
10320	535	183.957521	197
10320	18664	313.2438566	196
10360	4823	1047.196145	73
10365	10998	2552.363713	65
10368	17575	1709.929797	54
10370	19913	210.5528511	241
10378	19131	225.8121793	109
10389	1526	812.3793808	55
10410	6973	474.9846642	121
10412	19554	278.223066	103
10417	7920	799.5770544	66
10430	15709	421.4834049	130
10434	1431	1642.344839	38.58293741
10435	18461	651.1347897	123
10439	11955	430.3240085	128
10442	9941	633.8240877	147
10443	14325	1008.359956	106
10451	15595	604.4968591	65
10471	124	202.9640406	221
10476	19463	2920.429632	88
10488	2319	624.4066451	48
10494	12245	3102.670328	95
10568	20463	190.4042541	78
10575	18085	214.9914374	212
10583	18031	1315.44778	92
10587	8806	1516.285941	57
10636	10387	1345.296652	62
10644	12302	4082.623408	35.33572585
10656	17687	2457.407974	97
10660	20219	2042.182692	70
10677	1128	850.6079128	77
10680	226	212.8875403	169
10693	12217	537.8467746	104
10710	18848	274.7276557	121
10757	12261	213.2335025	168
10770	2923	1356.483432	128
10771	11657	908.4148635	79
10803	17559	2815.991654	42.1285547
10812	13352	739.3698715	138
10813	17706	717.3139717	84
10828	10029	645.8820146	108
10828	15418	619.172148	101
10838	12484	305.751336	98
10850	14332	583.3584914	130
10871	1137	1339.002813	102
10871	16270	1374.983712	101
10881	897	229.8186938	164
10891	10384	192.4236079	249
10896	2244	527.7000302	181
10898	16410	894.214185	85
10905	17674	884.9034809	114
10912	13552	752.5304175	84
10916	18001	584.1363059	112
10928	6785	4616.094025	61
11001	14161	1080.597583	150
11007	1794	5589.584329	58
11017	19285	541.1438585	123
11045	2278	222.1033082	178
11045	4314	185.8085774	188
11048	10149	710.037321	135
11055	3614	1256.414745	86
11073	13277	1590.03436	72
11087	10126	4171.016735	48
11109	13431	202.3427313	271
11110	10674	4003.441532	28.99386789
11120	19495	2716.646914	62
11143	15355	217.0486746	239
11145	16821	236.9540743	172
11148	6943	892.2422713	73
11170	11688	186.9769889	289
11185	12823	2051.878135	59
11216	20162	1354.221897	103
11247	18217	602.0852282	35.33572585
11265	18581	656.895862	143
11280	16139	1513.857861	69
11282	15666	807.335673	108
11284	20249	1435.152717	99
11288	9431	1490.292295	152
11290	1500	812.7147279	153
11310	16227	207.0302256	244
11317	16592	787.7852342	89
11328	4938	1079.445563	111
11335	19545	537.2334407	141
11362	17849	334.9988803	111
11406	5396	1382.711617	59
11406	9300	1366.311775	60
11406	18311	1390.088702	56
11419	3863	345.3495078	87
11447	18351	429.0884057	164
11462	13964	580.6783718	110
11464	13645	1544.833945	126
11469	8826	842.6923679	21.31433096
11472	17920	700.6733561	65
11472	18777	434.5294798	79
11481	8517	255.6313009	172
11486	9032	635.5538601	88
11494	18557	2965.662982	114
11511	190	256.331137	155
11511	4571	211.2913536	145
11511	5056	182.0484102	171
11511	16777	247.1627636	160
11522	2242	360.2719213	189
11524	3109	232.3459297	166
11544	5778	437.5081692	155
11551	11331	2922.757825	63
11562	3908	1126.460044	68
11564	12694	271.7857886	194
11567	16337	392.4931307	165
11571	12884	1602.671328	108
11574	10905	204.1260693	113
11587	2397	695.6560663	77
11589	5758	260.8621394	137
11594	9518	1365.106009	30.2968022
11606	16300	750.1576151	49
11608	6195	2858.571115	49
11620	2040	780.8507927	85
11620	12291	782.1060835	94
11625	17286	5357.444417	34.5675579
11625	19768	5390.070232	34.5675579
11628	12050	1349.406639	55
11665	10176	1169.097022	66
11681	12749	1149.905301	84
11688	8882	1171.4045	123
11691	8925	261.9918911	126
11692	4417	505.3754836	54
11717	20152	2207.30768	41.21271655
11731	7215	215.6798738	199
11734	1671	1003.137888	171
11745	5315	711.5076312	71
11748	10503	3667.0863	66
11756	14207	242.5016066	116
11758	4641	2204.264513	46
11768	302	460.9107618	136
11804	1190	230.3264943	119
11805	16467	995.537464	77
11812	14163	1912.763485	59
11816	15627	1456.688776	25.41173093
11821	3533	1781.21076	117
11833	5702	944.4003393	103
11875	8291	518.7210787	154
11895	3022	546.452221	95
11899	908	2237.806304	38.58293741
11929	3295	1003.944094	94
11947	8738	1347.282781	27.74696714
11955	10596	1415.211502	69
11962	19636	2777.376606	81
11987	6140	2347.375876	88
11999	5366	738.3606051	122
12035	8076	2290.191006	64
12050	19857	370.4580299	151
12054	3843	421.8158169	95
12055	11387	517.0135276	110
12063	6447	561.6837506	132
12065	5769	1011.959739	52
12075	12992	241.2831217	125
12079	13782	1634.895792	121
12087	4026	1337.128352	42.1285547
12093	3307	560.1972009	165
12114	4448	983.2295867	39.44033602
12139	15759	266.5143891	147
12175	16513	663.8709094	100
12183	10884	2464.99573	37.7441779
12190	3439	209.8919503	194
12194	3437	588.8060995	116
12206	9239	797.1246448	132
12214	6743	892.4492296	99
12229	15992	342.0052582	235
12248	11939	1513.057423	114
12259	5440	229.234078	171
12313	12939	519.3847216	146
12329	13549	609.7857627	84
12333	5159	1302.718894	39.44033602
12341	5148	246.9284729	142
12345	19661	2414.125617	58
12363	5432	326.5316491	120
12364	7789	446.6523958	121
12369	3521	668.4846096	109
12374	19364	561.7234696	124
12407	3004	297.7402355	89
12415	9581	623.9964585	184
12421	4141	1111.377228	44.02173913
12440	17747	1036.877009	29.63817606
12445	13487	375.5493281	49
12451	7524	338.3424206	128
12459	630	464.5776327	158
12459	7259	443.4244975	175
12459	12100	434.5511094	174
12459	18958	485.6909946	164
12465	14687	691.160908	141
12475	7551	580.8930413	73
12475	14787	580.8930413	73
12507	4441	585.8228263	104
12516	18689	448.2643796	78
12520	17277	270.0841693	198
12547	3158	883.3536527	167
12562	15593	1178.231753	61
12566	3950	600.456612	71
12582	4773	2870.610993	33.81608925
12586	7173	2139.032594	24.31888239
12601	8505	190.1818199	153
12603	2394	743.2268154	70
12609	14304	1084.532694	87
12615	11458	392.1982326	107
12616	9670	185.1724314	223
12620	1302	1584.626834	55
12644	6716	238.9565274	134
12672	16253	718.8307209	151
12684	5330	371.5870612	62
12710	12783	2439.278762	32.36180563
12722	7603	702.7240568	64
12759	18002	994.4335062	130
12769	267	689.1045578	71
12773	19687	253.9287084	134
12801	2643	438.8379334	105
12823	6485	4059.088013	17.10875968
12823	7493	4141.386779	17.10875968
12823	11303	2780.706819	14.35013486
12829	20016	1705.67762	114
12836	175	11550.56615	64
12842	12055	1425.7851	66
12882	17376	741.1110571	111
12883	13831	547.6732968	56
12896	14757	1676.104203	52
12899	11242	1355.063634	55
12902	16091	590.2255235	138
12904	7303	429.8476707	117
12908	9362	1712.939975	88
12908	12140	1566.474564	93
12913	14681	229.5450041	133
12915	18221	483.268123	119
12938	10436	1014.519251	93
12964	364	1488.90179	36.1209642
12969	893	1063.918491	80
12984	3881	210.3641523	181
12985	530	188.842196	117
12994	18344	833.9179821	76
12996	2429	522.5872616	112
12997	14955	247.6132529	251
13003	1728	1155.139962	107
13029	11524	682.0967731	152
13031	12141	473.5404867	119
13037	3987	191.4831511	139
13038	4426	573.3480208	67
13045	15127	1773.185304	136
13053	18405	1759.913925	116
13054	2756	515.3699525	84
13067	2989	448.3048019	181
13073	17915	718.6410872	160
13093	10792	1378.257049	68
13093	11891	1506.177303	70
13098	18555	781.467198	95
13120	14939	627.8461035	105
13129	4467	1020.42342	101
13134	17883	467.1158702	150
13143	9521	698.1042446	104
13143	20432	754.6685534	102
13176	8141	991.3607049	71
13183	12173	659.2496158	61
13186	1229	1158.174138	87
13194	10116	727.9944052	71
13195	7560	4485.293717	72
13205	11679	194.3547125	145
13207	1629	392.5202528	163
13223	20156	1664.902514	56
13239	16823	1107.776477	100
13257	2320	837.8161002	80
13280	320	480.282044	157
13297	3989	1534.882595	106
13311	4938	1271.16465	103
13324	1583	1069.934829	71
13334	16690	266.5721595	114
13341	1892	1806.684952	139
13343	13785	834.5343486	161
13359	16408	3192.677294	33.81608925
13385	7502	2244.998522	81
13391	1196	1054.799287	77
13407	1217	629.3302066	76
13422	119	1743.123384	101
13442	3502	2803.938772	46
13443	19043	355.868693	127
13452	16317	206.7376373	182
13454	17405	662.2156112	124
13484	12261	183.6875588	196
13509	19385	195.8825235	174
13525	6442	1881.213026	27.74696714
13527	1163	795.9082633	113
13529	15053	275.2369498	131
13530	1848	570.1954925	135
13530	13445	617.0255772	137
13530	18556	563.38119	132
13533	4686	570.3092418	150
13543	17396	2876.158222	32.36180563
13554	2503	5030.070441	77
13564	19114	874.3394935	106
13595	3835	1196.426136	91
13599	17535	339.9396773	128
13613	4750	1321.319147	51
13672	12611	1244.048008	87
13673	1440	1606.908157	57
13703	5695	1257.404962	81
13711	11474	1161.335414	95
13715	19195	324.0733833	154
13717	17863	1529.284697	70
13738	9624	748.0692276	49
13742	17992	1479.791546	71
13755	5287	593.4966997	77
13761	19890	811.9067184	140
13762	15587	420.9596061	161
13766	19545	521.0649674	141
13774	5133	340.0116098	118
13776	12187	2140.978858	64
13809	725	585.5769549	154
13812	2753	371.2306625	147
13825	19988	910.5383428	88
13853	18279	2377.18742	100
13859	10676	1427.369832	87
13877	12709	331.940333	117
13880	13356	182.1545477	173
13888	18029	1626.251472	70
13917	1465	504.943437	111
13924	8064	2983.435339	62
13934	3744	215.6107627	209
13960	9397	1113.01224	111
13984	19944	3099.768061	28.99386789
14008	11691	755.9267422	66
14008	13100	832.8123438	60
14009	14627	1178.21515	76
14015	18135	707.2493137	52
14016	2280	1564.861795	63
14026	18740	1848.135797	68
14028	14118	1480.800228	56
14037	6342	2035.917498	66
14082	7438	1820.217738	89
14082	18084	1713.544157	96
14094	18531	1680.506584	86
14113	7428	1542.323867	70
14115	3183	443.5757832	72
14131	1875	741.6798551	119
14140	54	2483.659841	76
14153	12734	460.0373653	120
14170	9943	1055.936887	82
14170	10744	1121.377924	91
14170	11054	1030.000587	89
14194	10673	191.8851705	183
14196	5882	1533.42564	28.36356641
14199	171	828.4902262	51
14200	14649	4200.852574	41.21271655
14201	1788	230.1879482	181
14221	3782	619.3610794	140
14242	17597	1462.843896	52
14245	20343	326.7053502	148
14278	18274	1474.286901	118
14301	17088	394.2402232	137
14308	14922	1606.082207	66
14310	14878	229.1355905	223
14331	10840	1069.376719	118
14359	4705	1183.163873	56
14359	14894	1028.128605	49
14360	12735	201.0446001	208
14362	17758	279.7900449	157
14368	19479	226.7778406	144
14376	17213	3273.252788	53
14379	11429	1328.201892	23.27303253
