24	7831	278.5913233	190
26	17065	341.3698906	86
26	18518	291.5984908	105
35	9707	1174.426978	89
40	9985	2563.119163	42.1285547
64	1886	500.7050543	125
73	14492	194.178338	230
83	11302	668.6160566	125
85	7910	543.7418395	139
96	18181	1008.329198	81
121	671	792.523326	129
137	5260	272.5357627	196
137	7186	237.8550459	220
137	11628	239.7569906	210
141	4169	396.3687994	138
149	4964	275.0430931	126
149	11188	273.7679988	127
149	13789	299.4741507	114
154	12746	319.3354205	143
163	14755	205.6084736	157
178	5505	1011.52972	120
183	13178	293.3033847	121
184	19192	1014.837561	88
192	14366	2289.38877	67
192	16885	1763.882125	68
230	19940	844.4139286	100
239	7677	634.1192849	143
257	15472	812.1461407	104
264	7482	222.7591634	157
264	17546	208.6686525	162
269	4657	472.702218	134
280	9605	856.2721124	84
285	2481	489.9619265	81
285	11195	472.0107089	86
285	14140	479.0134769	83
285	15234	504.5354724	76
288	5845	823.1334917	107
305	9376	387.5194966	193
305	12060	373.8557631	201
325	20304	622.2882771	145
326	19393	765.8657837	97
343	12293	214.3203169	169
350	5220	209.3763962	246
352	436	395.4437561	136
352	11848	370.4292995	135
354	1368	440.0053025	99
366	590	238.6580082	189
366	1704	250.1456708	191
366	4096	201.2480568	213
366	5421	224.4386961	201
366	19757	227.7178177	207
366	20806	231.1890853	210
366	20862	240.53603	198
400	179	342.710986	245
403	14724	1002.469279	71
466	12697	368.8357412	121
466	17675	373.6069638	121
479	3973	1315.118944	106
479	7595	1291.979752	111
497	436	487.7192098	135
497	11848	409.8865711	136
501	12923	849.8500545	116
512	2166	2467.747946	69
512	20146	2533.103607	65
527	3898	1605.701686	94
527	6774	1569.92437	96
527	11408	1554.555056	99
529	5424	742.8706136	100
529	8811	564.3554964	108
537	17686	2006.335339	73
543	13096	508.5208118	111
552	5752	700.2090708	94
558	20960	347.2558567	131
583	5135	219.6201872	153
593	14855	375.168709	168
600	4359	298.1301136	102
606	7851	2414.086146	45
623	14273	723.5339903	126
624	18128	245.7753674	114
625	8316	432.6994507	151
652	11654	339.7837774	134
676	3381	187.1586077	199
696	6588	704.6853215	84
704	19569	331.2102511	158
713	16499	440.5419848	74
715	8265	868.7385689	108
728	3265	2035.149729	58
731	947	1957.008105	99
732	17112	302.5996239	147
744	9860	415.287368	133
744	19968	519.1401849	116
747	4947	405.7727444	119
752	10438	1077.847994	116
752	14749	1133.507395	112
769	15565	352.8605324	164
769	17439	323.6651488	174
784	1386	871.2688441	131
799	18033	185.7718754	176
803	9026	896.5766437	106
803	21218	959.3054683	99
812	14212	1690.340143	138
821	7279	564.2588605	168
821	20753	685.685933	155
849	20960	274.2729639	145
865	12447	1326.341156	112
880	19552	455.8618984	110
922	18162	905.2715919	94
944	18800	309.9519538	198
994	18593	816.9100338	106
1053	938	538.5445485	139
1053	7756	470.1378465	141
1068	7279	596.0582825	162
1068	20753	656.1237024	152
1084	1762	502.471233	128
1084	12012	515.431879	133
1090	3484	355.5575139	173
1090	11098	377.4561206	166
1090	12026	396.5750492	165
1090	15334	548.9613413	162
1090	15452	400.4725151	169
1090	16105	405.9751116	162
1090	20176	392.4420696	175
1094	12396	2771.178266	99
1095	18681	184.5342337	434
1096	16690	970.2087452	92
1096	18485	860.7496632	98
1106	18710	194.1224553	194
1108	2666	238.5188956	181
1138	6183	204.6149407	219
1140	17385	1289.025564	115
1140	18046	1311.426984	119
1183	8948	210.3763797	207
1196	941	243.3812489	200
1203	11611	724.2157851	103
1204	3926	190.3432445	233
1214	13673	2056.456833	117
1218	785	364.6596182	159
1233	21263	737.2116174	126
1243	21351	203.6560569	116
1250	290	516.7370844	135
1250	1773	569.5116548	123
1256	12946	192.035704	142
1259	28	263.4896065	183
1270	3006	189.4910151	198
1282	12384	1288.853145	105
1308	5126	777.3925221	127
1358	5844	947.3578846	96
1362	3862	855.8562058	102
1381	20304	682.5820215	139
1384	3870	538.6087825	142
1384	19734	569.1374156	145
1384	19817	571.8092663	131
1386	1996	363.980544	111
1393	12421	2054.345858	72
1393	15904	1955.092818	77
1393	19314	1930.193229	77
1396	19822	212.7546338	211
1410	5112	694.6577316	104
1412	1917	1456.330686	115
1412	4081	1285.934761	121
1431	12753	328.1863946	112
1458	10863	1816.834269	74
1463	7504	925.9324512	115
1496	11885	255.4002885	119
1500	2162	584.4533236	104
1501	12769	338.7027867	163
1527	10435	328.6441838	139
1527	16058	403.0750269	132
1535	14366	2328.998916	67
1535	16885	1800.101865	67
1555	1611	216.1494893	199
1555	17484	247.9754627	197
1567	2180	1490.834105	90
1567	3423	1476.353599	92
1567	7683	1400.10291	93
1567	20486	1537.434182	85
1574	17522	1369.016292	117
1580	10352	1462.717414	75
1590	3076	250.8985165	205
1590	7466	245.0740102	205
1594	3200	375.0222979	129
1594	5958	361.8644619	133
1600	18202	734.495578	107
1611	17167	791.6268067	102
1624	5240	327.5662127	179
1624	10471	414.0687314	165
1626	3093	1065.707133	77
1626	8659	1083.757082	89
1657	6786	901.2845415	73
1660	5543	239.3454767	113
1662	14882	444.6315062	127
1664	3494	576.6407985	130
1675	10435	232.0328876	152
1675	16058	302.0777482	144
1681	52	555.6991289	123
1681	1114	572.9914394	110
1681	12566	455.373822	126
1688	590	337.5581944	194
1688	1704	385.2139007	169
1688	4096	348.6755218	172
1688	5421	460.3276274	172
1688	19757	341.3825369	181
1688	20806	405.0100507	175
1688	20862	343.3745343	180
1689	1278	360.6792493	137
1689	1421	379.0753106	141
1695	7727	329.7198874	126
1704	2469	609.1712186	127
1704	8138	685.1470871	122
1704	9466	608.0867821	126
1704	10783	603.2054995	132
1704	11542	642.9091882	129
1704	13250	648.1376526	137
1704	16114	592.6809299	134
1704	19268	574.5210177	130
1704	20309	560.2663964	140
1733	4964	369.2590029	123
1733	11188	391.4843815	118
1733	13789	398.8627132	120
1742	3973	1467.624359	102
1742	7595	1509.670712	100
1756	3326	716.0343803	92
1760	14273	1025.253461	114
1768	4053	577.9939068	152
1768	6029	597.8433462	155
1791	10144	891.5120082	118
1791	14609	772.8480508	126
1794	10797	1074.821634	107
1794	13092	1150.264621	99
1798	13096	669.8892954	101
1808	12748	880.0474353	108
1858	4017	875.2886489	74
1858	10107	832.6536441	78
1866	11364	190.2621655	176
1872	12274	735.9973786	101
1878	92	314.7270745	107
1883	822	446.8582352	119
1883	19721	476.5309901	116
1904	1863	680.7512115	88
1909	1731	355.4351736	249
1909	6442	200.389196	267
1916	9953	211.4023043	131
1930	2571	233.5393749	154
1980	17412	297.5745195	116
1988	2579	2340.315907	58
1992	203	730.0036687	123
1992	3125	687.3183817	125
1992	8718	735.3084777	118
1992	10307	802.7721191	123
1992	11179	758.8137481	120
2000	15677	191.8389451	199
2000	17165	193.7361328	199
2014	6767	702.3669095	98
2023	1556	191.0104697	174
2035	6197	463.8898432	152
2040	19310	988.7251584	94
2051	21007	331.9389081	130
2054	3152	542.4179226	111
2096	18844	438.9407191	111
2116	366	533.2468328	127
2116	19846	511.8190856	127
2126	2105	1142.972919	115
2135	17323	1784.065556	106
2143	6547	613.9305962	127
2156	18865	243.3100947	147
2171	1551	413.9627357	192
2187	7377	620.1502852	125
2190	11409	349.2932812	106
2191	3368	1888.071771	81
2203	9490	240.4991708	158
2203	17292	184.7139016	186
2208	14801	2163.422099	97
2225	17121	406.9418196	161
2228	1388	189.5432346	169
2244	15375	1021.299146	123
2245	6484	1238.148228	92
2245	7467	1269.699756	90
2269	14273	660.5114571	120
2281	16003	198.7769859	294
2323	20934	849.0091675	81
2342	5763	214.2772067	195
2378	9758	1160.735453	88
2387	3560	302.6999562	169
2387	10665	268.4863441	174
2387	12510	338.4619376	142
2387	17415	330.2434159	153
2406	4778	1168.961463	95
2448	6197	420.4052025	140
2458	8652	518.2915567	112
2458	11919	510.9774912	108
2490	6864	357.8312627	124
2505	18392	431.6602124	139
2505	19971	427.8337169	136
2525	10606	299.9909882	173
2525	18643	200.0798768	208
2525	20820	467.7102438	143
2527	7279	675.4420198	165
2527	20753	781.5919361	150
2548	15006	1073.604679	96
2556	3872	260.133681	129
2561	6735	587.9635258	138
2561	15170	606.2728896	138
2597	3870	699.2044244	133
2597	19734	735.2770098	129
2597	19817	787.1591695	117
2598	10092	271.9739344	219
2674	12769	346.7827124	145
2683	4202	1783.667739	90
2684	2413	242.8022065	208
2684	20537	249.7286989	199
2687	20198	880.1320423	95
2718	14950	541.9469508	88
2722	203	856.2168348	118
2722	3125	876.9817623	117
2722	8718	827.9110949	124
2722	10307	881.208715	124
2722	11179	904.8797644	116
2724	12058	373.7097537	112
2768	3490	2089.170444	75
2781	8618	900.9389232	95
2792	1543	786.5486641	117
2797	12739	336.6897587	172
2828	14575	378.8607694	153
2828	15411	402.4671276	151
2828	18467	382.1464923	152
2828	20012	400.3648873	151
2839	211	264.2900817	154
2842	5987	473.8873425	117
2847	4493	436.2874891	138
2850	15743	711.3454361	71
2866	5484	265.1365373	162
2901	9781	298.325671	122
2913	14288	248.3868105	164
2921	3560	413.3497876	163
2921	10665	422.594343	166
2921	12510	518.9698967	150
2921	17415	457.2892246	165
2922	13514	249.5891023	121
2942	6571	260.8851644	139
2959	3265	1933.886819	56
2978	3425	402.9749137	250
2984	3690	193.3626	224
2988	13656	1287.989149	59
3003	16767	1732.546483	86
3005	3195	639.6278741	108
3027	4214	464.8858973	163
3054	1514	315.7900873	156
3073	16152	415.2594086	153
3073	17957	428.7499987	150
3113	6203	617.6690408	125
3120	18651	267.9676339	118
3175	6767	659.7738541	98
3193	4397	820.5733961	142
3193	9324	729.653967	153
3193	18379	774.0296035	146
3208	871	283.443752	138
3208	6883	243.2876647	144
3216	16643	428.282696	125
3217	3560	530.0019897	152
3217	10665	533.3753257	151
3217	12510	601.6162936	146
3217	17415	485.6193627	156
3221	5337	239.6947031	195
3276	444	1185.292029	130
3298	6119	1322.150894	78
3300	43	314.7435076	210
3335	4067	320.2277348	171
3336	5561	488.0328861	139
3336	5756	457.6478672	141
3336	8975	469.7107434	161
3336	11700	460.6465941	133
3336	12307	417.4277089	154
3336	19556	471.1883161	140
3342	2989	186.7092396	233
3342	9364	227.6074105	227
3351	10396	305.1899196	258
3356	17840	421.4661856	137
3365	4397	655.5893562	154
3365	9324	654.7661462	152
3365	18379	637.8395439	157
3377	17930	1697.992853	80
3400	4659	418.7690804	163
3439	14448	1699.171644	108
3445	1429	951.5778577	85
3445	10164	953.3658706	84
3447	1384	1140.228597	91
3447	17552	1137.566994	92
3461	3870	623.0780977	145
3461	19734	613.1745098	148
3461	19817	621.4313692	139
3466	15438	246.9344424	166
3530	19553	258.7703835	211
3532	2437	254.8045322	198
3532	10908	215.0796154	216
3540	4053	783.0177701	133
3540	6029	1030.508438	129
3556	21206	345.7158298	133
3566	5604	258.5589797	164
3586	2145	263.2559002	134
3592	5453	388.1599501	124
3683	9279	352.0906114	147
3683	10803	402.1156919	143
3699	689	772.9128955	107
3699	2622	723.4960424	113
3724	10797	989.1438731	114
3724	13092	1115.730721	105
3756	10667	191.3211894	194
3756	15285	181.4615095	197
3756	19110	197.7697184	201
3756	21196	186.9677362	196
3828	17025	269.5517909	144
3829	4427	558.3961504	107
3829	5938	589.2465057	107
3845	5561	372.8141677	167
3845	5756	311.6027116	165
3845	8975	385.462627	171
3845	11700	320.3159988	170
3845	12307	364.1574035	175
3845	19556	366.627038	166
3853	7503	215.8497885	161
3868	974	500.5881004	155
3868	20551	484.7859968	148
3874	6917	234.705515	145
3886	17566	347.0918646	95
3912	2879	1209.229359	96
3923	11269	202.0202596	255
3927	15802	687.983834	77
3932	14639	495.466855	120
3942	4493	478.7886684	119
3965	5844	864.4921362	102
3984	10438	1079.846458	116
3984	14749	1132.756764	113
3998	4053	612.998617	157
3998	6029	730.3430758	140
4018	4657	438.091797	141
4072	6860	220.1844353	307
4109	9758	1020.349445	98
4141	8809	1174.89109	71
4141	21174	1129.394537	70
4177	160	1815.446453	85
4185	17830	532.4825679	92
4187	7381	909.7695152	40.31678793
4187	18609	928.02136	49
4194	7904	322.6186355	145
4233	12697	378.3152829	129
4233	17675	368.2891536	139
4248	19192	1151.228768	88
4280	12659	481.7101079	163
4285	9351	184.6925138	233
4291	11534	1029.992885	103
4313	5792	813.1054241	111
4313	17258	801.7776038	113
4315	10902	216.0519749	135
4315	20034	216.0519749	135
4316	6203	568.2980365	136
4328	2551	466.9851484	113
4331	4397	660.6710733	156
4331	9324	672.7244213	147
4331	18379	666.4822097	148
4369	8134	1228.152761	121
4375	16362	580.9908687	110
4397	10092	307.4348742	193
4405	11536	187.1577215	236
4428	3285	206.4440976	195
4440	7071	228.8468665	219
4460	9860	274.0851524	156
4460	19968	236.2468927	144
4473	11364	219.313691	183
4489	3560	708.7979197	130
4489	10665	649.7465617	137
4489	12510	727.1301221	130
4489	17415	639.6593083	140
4496	770	2297.308791	76
4507	15743	724.2310247	77
4510	4657	421.4884598	154
4517	8200	210.9400435	198
4532	8570	668.5540917	112
4533	6735	365.0620041	150
4533	15170	455.7916447	141
4535	20318	851.0219301	107
4557	5955	1065.249841	74
4612	2941	440.4100855	76
4615	16723	813.5183896	118
4618	18777	1212.819587	117
4643	17121	205.7131051	165
4646	868	645.5095664	121
4647	6767	560.7825584	101
4666	590	590.1140404	163
4666	1704	603.6110334	156
4666	4096	641.3020934	161
4666	5421	429.4800065	190
4666	19757	590.2919021	159
4666	20806	630.133976	150
4666	20862	664.6038523	162
4679	13685	834.4132681	117
4685	10606	446.6722883	145
4685	18643	387.7135293	149
4685	20820	483.1462185	135
4705	2109	4281.227661	65
4711	5987	562.3849845	107
4771	15434	962.5056117	103
4772	14424	336.2198456	112
4777	3641	608.4777443	106
4777	13140	684.7048891	102
4828	21206	331.0628352	116
4832	18681	181.0049014	408
4884	17749	1776.584346	59
4884	17796	1890.901216	55
4933	2551	381.6702658	132
4935	328	304.9416228	150
4956	3995	1396.113262	81
4968	15987	978.4075394	109
4979	1243	337.7072062	158
4991	9155	278.5841664	159
5001	4482	212.0315172	155
5009	16247	896.3398931	137
5040	1987	1624.149757	96
5084	16350	412.8425738	110
5087	10553	214.9360212	177
5120	18964	204.9740372	166
5127	12571	1019.645243	85
5135	16283	225.9528891	127
5153	7520	763.725642	148
5176	3018	1178.187536	83
5182	7135	2259.043152	60
5187	1138	325.6964756	171
5187	2008	336.0757963	171
5193	11428	298.9384009	282
5271	20828	313.5632381	144
5278	11141	3290.376368	44.02173913
5309	16289	234.2371798	121
5309	17559	203.5570474	145
5343	4705	1323.245921	96
5347	9758	987.1473874	103
5359	17205	742.6348926	80
5362	15276	1097.384515	109
5371	17297	307.9883164	167
5376	15102	287.5353072	135
5384	3272	238.3709392	212
5384	11947	275.1882285	182
5449	7276	1887.043467	58
5455	15024	1882.535416	86
5492	9602	235.8095807	164
5492	11452	198.8408154	169
5492	11568	194.5468081	170
5492	16199	192.3999628	164
5492	17901	212.4894222	168
5501	10329	564.4655022	137
5514	10329	632.5563703	144
5523	17770	689.6723617	69
5534	11534	980.1951857	104
5551	1235	186.8589958	236
5584	21206	340.6444902	128
5598	2348	207.2275549	120
5642	4053	660.7612595	157
5642	6029	866.7907779	137
5659	20547	509.5791267	146
5690	253	2217.145539	120
5696	19238	935.347231	119
5701	7268	200.6728654	136
5735	2609	925.9385633	108
5735	4006	934.5421088	108
5743	18435	1070.909784	97
5747	9464	183.9755242	135
5879	4248	509.5915389	161
5880	16162	210.3444795	160
5882	7588	804.2842247	113
5890	3048	2426.907734	88
5890	12727	2409.291085	88
5907	2382	416.6217686	127
5929	1029	482.2249885	139
5930	15565	274.9967582	170
5930	17439	347.6814132	158
6000	19822	261.4026922	190
6002	6386	1552.076538	73
6013	416	470.8602724	129
6013	20226	485.1456107	122
6051	18475	247.8902723	185
6081	5060	735.2846043	99
6110	18543	594.6739985	148
6116	596	756.0129652	91
6124	17403	183.8341222	234
6144	5060	791.7037148	95
6162	14183	233.1896193	229
6196	298	1686.734266	155
6205	865	1259.081026	160
6205	12356	1390.941522	155
6214	4214	549.9144996	143
6231	9593	1976.762341	73
6236	10239	1567.462438	64
6236	11466	1576.149993	62
6243	4216	308.2476316	145
6269	12274	770.8885642	93
6283	2730	841.4828025	146
6283	4285	735.8975239	148
6291	9267	287.2656622	200
6308	14032	654.8233792	101
6322	11	1128.309538	82
6322	273	1191.247194	78
6322	4233	1120.738419	80
6322	5823	1139.986244	81
6322	7525	1120.900371	80
6322	9090	1172.951455	78
6322	16940	1144.445956	81
6322	19456	1092.533264	83
6353	18543	640.9842185	146
6364	5987	534.544976	112
6371	5488	239.1312365	175
6400	1838	507.2116316	100
6421	7879	2222.84379	74
6421	13013	2259.94552	75
6423	921	181.7560019	183
6423	3066	195.6376733	224
6449	8678	310.3064551	107
6469	9637	389.0925493	131
6469	16912	401.6957911	132
6478	17127	283.1477393	185
6478	17704	252.262981	181
6551	12274	724.2135806	101
6552	9923	208.3739471	167
6566	15805	203.4028894	127
6579	3332	1103.28942	117
6579	13777	1077.396354	117
6579	15404	1199.713632	114
6580	3099	181.7402662	202
6615	8200	181.1018848	198
6623	12729	1113.003994	85
6659	16690	1128.438627	88
6659	18485	1029.994064	94
6677	20183	469.4483942	144
6688	18945	1399.872328	107
6695	6505	681.8889796	90
6746	16039	612.1833805	114
6760	19183	723.5264574	86
6773	1987	1579.038156	99
6806	4778	1200.188007	95
6865	19902	626.8271771	122
6873	929	810.6929103	131
6873	2549	824.5852387	126
6873	18108	896.8421322	119
6873	19157	910.5953881	122
6875	1736	1021.919177	75
6875	2992	1079.183762	71
6917	12516	1675.992064	64
6917	20583	1688.203391	64
6932	10796	326.5953086	173
6932	12799	264.4800615	186
6941	153	916.9967255	123
6954	17281	898.5845356	105
6958	19015	209.0665548	230
6961	7576	326.3248939	128
6971	3272	258.5377618	226
6971	11947	357.6688704	181
6988	18389	4272.405487	77
6990	497	197.2127432	135
6993	13391	810.9406135	132
7031	4274	247.4660397	143
7077	3870	559.6680548	143
7077	19734	622.3771844	135
7077	19817	499.9447606	148
7084	1794	307.4235905	177
7084	3722	309.3238087	185
7084	16602	277.2923458	205
7084	20417	363.0490539	177
7105	203	1038.192852	103
7105	3125	961.1670545	106
7105	8718	1018.940685	113
7105	10307	1020.543939	102
7105	11179	1029.717209	109
7112	2579	2225.53071	66
7118	1768	513.7625071	152
7119	4154	480.7473858	104
7119	9702	513.0866326	97
7119	19983	525.8803258	110
7126	6848	692.8945862	110
7128	1514	335.4113535	153
7134	2611	1658.378359	83
7178	15812	940.8042408	111
7184	974	403.3994591	170
7184	20551	429.0732685	157
7225	19025	1164.692344	103
7236	8046	663.7128225	180
7236	20052	614.376197	192
7255	7805	209.8253205	329
7291	3560	688.2086888	133
7291	10665	627.324417	130
7291	12510	673.490929	130
7291	17415	661.0502555	141
7308	4167	1458.025858	86
7315	19228	632.7857319	90
7336	54	593.7439049	104
7340	11898	453.6269995	156
7375	11265	225.2956215	188
7391	11	1009.682395	90
7391	273	1039.098732	88
7391	4233	981.4138964	90
7391	5823	1019.593787	88
7391	7525	982.2203683	91
7391	9090	1128.899186	81
7391	16940	1013.361472	89
7391	19456	979.7983701	90
7400	4340	1302.973208	75
7419	12930	302.6304178	150
7432	7528	1085.974792	104
7447	20718	499.5984131	123
7452	1493	1302.835258	92
7452	20288	1311.974273	91
7486	11926	231.8806854	174
7509	7765	187.6045122	183
7514	2730	1056.153133	143
7514	4285	810.3606982	145
7517	1794	294.0260644	196
7517	3722	308.5956019	173
7517	16602	295.5772861	177
7517	20417	330.756552	199
7526	10149	1346.774682	101
7528	17686	2020.949421	73
7540	4154	592.9499865	86
7540	9702	633.6738074	82
7540	19983	586.5506132	92
7558	19842	196.122293	142
7611	19552	402.6734656	126
7617	6327	651.7448684	112
7617	13226	659.470362	106
7646	10606	305.7657273	161
7646	18643	262.5570179	161
7646	20820	294.8795223	156
7663	4872	295.8669742	180
7678	2609	927.2188156	104
7678	4006	896.8484337	108
7685	6328	1396.227876	85
7714	7044	3754.824691	65
7718	8453	1724.97049	70
7724	19875	1050.460738	112
7740	5955	1111.264381	73
7749	19569	531.9085505	146
7750	16970	675.1067361	104
7750	17392	747.4834722	98
7757	2706	665.5098299	92
7759	12421	1995.081082	73
7759	15904	1899.014657	76
7759	19314	1870.027113	77
7764	1036	182.2308052	186
7768	12218	551.2434249	125
7779	3540	236.9808332	178
7779	7615	257.8148209	175
7782	12769	331.8206213	156
7783	1305	875.4402171	113
7790	3276	200.6365064	159
7815	4064	795.6745107	105
7819	18437	660.6417377	116
7834	19822	249.280114	188
7861	929	793.561111	133
7861	2549	776.6871074	137
7861	18108	815.1725476	130
7861	19157	863.8903259	120
7876	15472	918.4916061	94
7877	17691	242.2270015	173
7925	2469	511.7353792	147
7925	8138	501.7717921	138
7925	9466	509.9448785	146
7925	10783	532.5040486	141
7925	11542	626.9017545	144
7925	13250	533.4644186	134
7925	16114	506.3832662	143
7925	19268	505.0242158	148
7925	20309	502.533853	149
7969	15999	470.9077525	221
8018	5505	925.7343843	135
8021	17121	396.6987738	173
