1	616	723.1547288	123
1	20642	828.2639901	132
10	21618	375.8085885	171
13	20600	236.1805381	219
28	14793	509.1814219	88
31	8320	222.3633615	139
43	11564	213.7212228	165
69	3927	561.0879259	145
70	3930	261.3841625	169
72	518	1257.283832	85
72	7842	1411.379488	80
83	21178	454.2532904	105
85	1601	249.8907834	123
85	2537	248.9881507	123
85	3273	255.8390142	120
85	4615	249.1302241	124
85	6588	234.8319939	127
85	9559	257.3480823	120
85	15224	213.0851608	138
85	17142	258.1808131	120
85	21735	224.7531002	132
87	1719	525.6627753	107
87	14100	517.5498937	114
94	11824	219.8985743	164
99	15759	251.9359424	158
104	4527	1462.939225	106
104	13201	1675.635031	97
105	1055	2248.12223	70
105	21409	2257.310146	70
110	4000	561.2685718	120
129	7505	226.3098692	146
136	15732	630.052174	97
143	1345	1540.011797	82
143	6986	1649.556611	84
159	2412	335.8163466	162
159	3022	342.7808119	160
159	4899	272.1670522	160
159	5148	345.3353961	160
159	8655	314.2987257	157
159	9369	327.5937526	162
159	15800	345.7094095	160
159	17143	359.5570532	161
159	19953	346.6051037	160
163	12503	238.6326539	63
163	17932	227.5861295	67
163	18051	245.5269257	63
180	14156	466.1801353	112
186	2005	1263.422963	99
197	493	344.3351927	123
197	14044	293.5746511	116
210	2595	783.5954627	82
210	6093	742.6414024	82
214	3050	391.4374373	130
217	3443	448.1724102	137
218	13651	557.0071195	121
238	14380	927.2318554	103
243	4006	453.527377	83
243	13048	469.6591975	82
243	14262	482.6267763	80
243	16858	354.897167	86
258	1878	658.3437532	95
271	5460	1768.735765	76
271	20728	1471.673941	87
305	8870	230.4577557	192
313	21408	221.6728704	121
318	2089	439.742753	106
318	2868	421.9206127	109
318	14720	379.9501794	109
318	17937	307.2329638	124
340	20874	196.4018673	197
343	14093	371.3684204	176
350	13858	187.7132895	222
351	15406	299.2832821	176
353	6785	192.8293751	158
363	1383	283.2411795	147
366	8139	191.3304793	140
390	2117	261.1642695	88
390	2191	261.1642695	88
390	3530	210.3363312	100
390	14000	259.4464504	90
390	15843	252.4515057	91
390	15936	242.7109674	94
390	17080	236.1358298	95
390	19979	261.1642695	88
403	1972	576.7614691	126
403	7603	753.5553941	115
403	16787	710.4408956	127
433	11824	306.1266229	140
452	5477	1129.97384	93
480	2726	318.0088383	141
480	3091	256.9100954	127
480	6297	305.4994565	147
496	19372	716.1488784	94
500	7362	600.372368	86
504	8869	891.5552973	150
526	18176	566.3558561	116
554	10171	243.1999626	179
554	12882	274.9518605	169
563	20055	192.5856604	188
579	1018	192.0369867	146
582	17544	248.4801748	125
589	19268	545.2430273	53
589	21638	600.2949657	48
595	3267	918.3852839	89
597	8192	718.1472726	115
597	10903	771.6610802	112
597	13303	732.4304172	110
602	6890	785.3992509	95
602	20476	727.0363634	91
618	6505	262.3853123	108
618	15978	239.4026908	111
618	18424	212.3169746	115
634	4358	242.9963093	120
634	6187	322.1024942	109
634	8355	276.9461897	115
634	13704	263.8077997	120
634	14813	242.5283718	108
634	17676	284.8334557	111
634	18784	263.8077997	120
651	3944	339.0120057	160
651	16690	398.8413005	159
657	3122	345.9013823	142
673	1189	219.8848929	113
673	3940	204.1220834	115
673	10005	229.2700606	117
673	15431	250.243546	110
673	18588	243.6036981	113
674	15472	292.385325	109
674	19795	283.4664346	110
678	9480	577.3761153	112
678	10919	615.3236039	110
678	17827	500.1656803	123
681	1751	695.024086	123
681	18303	778.7191805	107
701	11712	1626.771885	86
706	2755	632.4406061	112
711	12676	1404.695734	90
711	17057	1444.146778	91
741	11485	213.5179639	137
753	1655	291.304018	107
753	19367	338.3207715	98
767	11013	1399.452863	116
786	8329	418.6567967	162
801	8283	599.1355298	126
801	16512	605.5265319	137
805	2306	777.2853288	75
805	20895	690.9539006	84
828	10516	1495.207415	146
854	13651	490.5226769	132
871	16092	285.8245153	158
873	10271	836.2756161	109
873	21762	468.1487722	116
878	5874	220.3537212	146
883	13648	197.0304935	230
891	19371	379.0582293	133
896	3380	270.275913	140
913	17596	228.9145217	108
922	11325	343.0975001	178
923	3927	440.9370621	149
924	20281	376.969783	151
926	19704	206.451378	137
940	6847	889.432539	88
944	12231	1328.364872	103
944	17431	1374.628742	103
949	4917	726.151612	104
950	10171	269.1578173	166
950	12882	289.9626019	157
951	16502	1102.578971	98
978	13915	238.3212815	162
981	6427	1304.178637	133
992	3574	203.3930174	210
993	1310	685.3781676	94
997	11237	216.8058605	154
1012	3494	222.309854	160
1012	7573	381.1053904	147
1012	13418	401.9671145	144
1012	20203	398.565611	142
1029	1095	576.5099794	158
1029	21750	782.7946194	145
1036	10037	459.0244367	127
1099	17483	406.7294121	165
1106	10681	871.3527993	98
1106	19633	824.3199647	102
1124	14093	370.0384252	170
1130	20315	296.1319019	129
1139	1345	1526.910566	81
1139	6986	1626.963266	79
1145	2348	549.4032321	94
1145	5605	559.7713584	101
1154	12889	216.4457908	139
1154	19532	205.0204058	135
1158	237	243.6081596	143
1160	9394	242.3501806	83
1160	16399	301.5863851	74
1167	2102	213.5439059	79
1167	2305	213.5439059	79
1169	17881	186.7636248	183
1184	11874	195.6023699	160
1190	6471	759.6380137	147
1203	6171	517.4863763	121
1208	20296	306.0355608	137
1222	4679	350.5603122	165
1224	4124	193.2931566	187
1226	656	446.5671842	123
1226	1780	390.6138595	130
1232	6838	484.9621776	120
1236	17316	207.5352873	121
1240	9404	579.9509246	148
1253	1491	3211.04847	72
1261	11800	189.9669329	230
1268	18371	219.9495054	139
1281	19064	417.1425697	125
1282	2007	281.548509	144
1285	6746	1187.948703	90
1285	6951	879.4626277	87
1285	10538	1189.942265	90
1289	990	341.5860896	109
1289	6107	336.6728739	111
1297	10464	661.0960313	164
1306	12676	1276.300435	95
1306	17057	1138.860145	101
1312	692	1292.068122	107
1314	4086	419.236376	126
1314	20022	480.760812	120
1326	647	187.1549824	210
1332	1884	186.4216795	63
1332	5252	185.5561853	63
1332	9124	185.5561853	63
1332	14943	185.5561853	63
1345	1870	2043.502075	66
1345	7947	1977.563791	65
1363	5999	966.0883127	88
1379	15241	452.9551877	145
1393	15525	246.7974953	147
1417	7458	296.0052735	95
1417	9653	295.2490296	96
1417	11350	246.0609334	110
1428	4527	1863.213991	89
1428	13201	2074.668535	89
1431	9037	817.3171366	126
1432	1477	566.6896328	99
1432	1579	571.4680642	94
1432	2969	634.5205185	90
1432	10518	478.4505903	100
1432	10942	571.5383221	97
1432	11689	567.6178255	94
1432	13353	590.8076575	95
1432	18085	352.580577	85
1438	1354	1784.678104	68
1438	18905	1989.531272	65
1442	3478	1152.708661	95
1442	11337	940.1670327	87
1442	19336	1317.745402	86
1450	10165	193.8191672	138
1460	10171	267.6728097	179
1460	12882	299.0708062	151
1464	1383	536.6511381	143
1481	7868	244.8604757	197
1481	19703	192.9057038	214
1490	6375	305.318978	99
1490	15911	380.2110479	94
1493	1232	282.6224055	162
1496	3750	780.3813617	114
1500	18510	572.5357925	110
1502	18631	267.1600932	126
1520	3205	438.370235	73
1526	316	2597.884064	92
1526	8967	2293.367792	100
1528	18136	938.9613747	105
1539	18843	333.1976625	143
1547	1143	339.8539271	152
1550	14709	262.813766	156
1553	102	831.6219137	131
1553	5877	730.1645068	134
1558	21709	463.1618186	133
1592	2890	1282.247128	83
1592	2953	1249.039641	73
1592	3313	1357.493716	70
1592	9407	1295.143368	73
1592	17821	1181.778468	81
1592	21656	1361.960868	70
1595	19527	499.4069844	68
1611	9007	321.0669952	144
1617	4251	456.6869663	124
1617	7605	383.3446185	136
1617	16438	327.3659432	134
1617	20263	380.1694384	136
1643	5020	221.3728079	168
1643	17311	225.6566259	169
1670	18653	526.1716489	79
1683	10178	403.4384406	112
1683	17697	378.7956864	117
1683	20766	439.9136488	107
1684	18652	923.004958	98
1697	18146	304.8396169	162
1714	1964	430.6679658	103
1724	1972	260.3478088	177
1724	7603	353.0730493	157
1724	16787	373.0310395	128
1727	3351	408.9860664	180
1736	3076	670.7659778	100
1739	19519	266.0645609	155
1745	6320	188.0931577	91
1745	9114	186.2866034	99
1745	11440	185.0727539	96
1745	14334	198.9930431	94
1753	10171	248.9882086	182
1753	12882	240.5219055	151
1757	7317	398.2094895	135
1760	1116	1815.257226	78
1785	2859	411.2063135	133
1786	15287	1156.986955	118
1792	2078	413.7027689	114
1803	388	2598.128091	62
1809	1437	892.290332	88
1829	14758	1168.019473	121
1848	10377	512.1812327	109
1855	9479	462.9709903	158
1855	20227	449.6268456	154
1860	9007	319.158251	138
1873	12535	1445.858883	70
1894	2970	235.9904148	149
1926	16092	272.5274145	178
1933	15939	613.0873095	116
1938	21602	578.8125888	147
1945	20790	269.8322232	146
1949	4124	197.003338	192
1977	7071	491.904865	137
1979	6796	293.3363291	159
1979	11552	297.0115767	161
1989	9516	590.1818916	121
2000	18259	805.0049369	136
2001	8208	536.1232472	82
2001	14005	513.4738621	86
2001	14139	545.3228832	81
2001	14760	545.953594	81
2001	19883	465.4627102	78
2003	17984	340.3443735	113
2028	11564	227.9319338	164
2031	18182	294.5189102	153
2034	14487	262.2862738	142
2065	16890	356.1896154	141
2083	1967	283.8146935	159
2098	17715	710.0248894	132
2110	8233	659.645737	46
2118	5437	531.4228026	123
2119	1213	594.053933	74
2119	12239	604.5866361	68
2125	21709	373.5582652	130
2166	1144	334.4496823	72
2175	4253	223.4628192	185
2176	4699	1849.888279	81
2176	8538	1532.752374	88
2181	20874	266.3260602	184
2188	21618	465.4752627	153
2192	21706	585.8808189	142
2203	19462	3252.330196	78
2219	1719	494.9803987	116
2219	14100	483.4259665	124
2252	11535	271.2327611	111
2252	17105	273.1362285	109
2252	17220	269.764351	111
2252	20639	268.6263451	112
2256	18568	258.2830749	177
2279	4689	1690.12571	101
2300	2968	899.8203207	114
2312	9767	343.8141455	144
2319	11177	469.8119111	129
2325	3597	329.0669954	124
2342	19180	615.2389982	113
2358	10377	573.9759132	118
2365	13868	753.5873998	106
2372	2016	194.0822789	109
2388	14130	362.0582752	178
2392	1375	483.4699016	106
2392	2454	500.8721548	99
2392	15739	426.0493002	104
2392	16481	472.8581576	107
2400	4124	186.2898005	169
2404	3145	483.5808352	119
2404	3280	625.7558503	114
2404	13036	621.4622213	105
2413	7075	331.7245236	159
2418	6140	186.7776724	164
2421	313	560.5364007	135
2421	10396	599.8079018	129
2444	21709	339.0212338	134
2456	6074	240.4140324	156
2456	11662	539.5643237	141
2457	8093	391.4577696	131
2463	5445	954.6271896	110
2481	1813	242.9526204	96
2484	2620	453.398299	199
2484	11898	354.462718	213
2486	6096	449.8437886	157
2486	18834	399.1745033	172
2491	3766	328.0821685	148
2491	8721	282.9738667	162
2498	19133	456.5259429	137
2509	21759	471.9202343	93
2512	14084	293.1749694	122
2516	1136	239.7723772	216
2516	17516	194.8837881	231
2527	2358	656.6170391	97
2529	8105	362.5954299	114
2542	12419	193.6879403	127
2542	13472	194.2327001	126
2548	15805	798.6545574	61
2558	2162	753.7653953	127
2576	764	258.863409	125
2579	1143	300.3721786	151
2581	20179	747.7684257	112
2582	2289	381.317182	129
2582	4658	313.6644865	136
2594	21046	302.7538052	130
2598	348	483.2294628	162
2603	1435	580.9144044	131
2615	900	188.0252972	180
2638	9526	2096.958098	69
2641	1751	959.2589122	100
2641	18303	850.4886943	96
2645	9728	781.0109947	86
2660	18843	554.9409194	142
2672	10906	338.4670298	120
2672	17969	338.293175	119
2672	19245	371.9509511	113
2688	16571	343.2306425	125
2704	5913	229.7557635	137
2704	13922	190.2209365	134
2704	20072	210.2658233	144
2706	5852	614.2904619	136
2743	8316	1363.38916	103
2746	388	2638.276452	61
2750	5413	256.7724609	147
2750	10406	236.4550559	150
2760	425	1074.130608	101
2761	1878	637.7949668	108
2766	1136	302.4788061	196
2766	17516	246.773566	195
2773	19823	368.4713054	111
2775	4194	351.2529164	163
2777	1060	935.7826313	95
2783	1801	208.1743332	199
2794	8620	237.6776313	169
2794	10714	347.0251327	147
2794	13769	366.8783356	147
2810	11677	947.386554	77
2821	237	291.755238	129
2832	14840	931.7524134	67
2836	8308	314.055273	105
2841	7736	337.6259266	137
2850	1801	266.6327783	213
2853	20055	191.0336209	185
2870	11564	247.0277011	140
2878	14911	443.2749404	126
2885	1272	316.6661891	184
2897	18633	303.6339634	116
2897	20246	287.0124612	124
2929	16660	1106.499369	69
2938	192	240.482611	181
