1	502	666.4373429	89
5	4121	1721.120827	64
8	1185	626.1550473	116
10	1107	245.6463463	109
20	2946	1320.886397	90
25	16	560.6497222	95
54	4175	490.780328	148
57	1728	586.1701695	123
57	1837	561.075225	140
57	4468	573.8913551	140
58	3332	744.4052781	133
64	1804	505.891954	167
75	2376	378.1468016	176
95	935	861.4455578	48
120	1828	309.3129871	156
120	2722	418.1701989	130
120	3805	311.3438636	154
120	4339	300.9959397	149
135	4124	434.3513953	134
136	2649	230.200944	182
141	307	182.0417559	166
154	4168	317.0478094	122
158	1967	922.2943071	124
160	2115	1067.435403	115
164	802	195.0925556	166
170	1245	429.9908555	116
177	3498	1080.608668	88
178	2064	251.4184533	218
178	4365	232.0024215	220
184	218	361.7126113	156
189	4151	802.171443	84
193	2163	669.6886396	105
199	3044	789.8252609	97
206	4191	276.2378683	111
218	1836	750.7961973	91
227	4184	544.5393532	108
227	4438	460.2444778	117
244	2165	1279.192138	56
250	1756	2187.603223	65
252	115	285.1401218	209
257	2114	527.3061707	106
273	2918	534.1974099	109
284	1776	205.4320257	193
284	1944	263.9114643	166
284	2637	200.2168334	176
286	4175	490.4983446	148
287	282	271.8389291	182
287	461	248.5490903	174
287	4038	224.1413872	156
289	2566	706.2173972	95
303	1859	286.490666	131
305	1100	2589.742663	82
306	2170	245.3534802	122
306	3536	209.527509	138
306	3667	309.1555065	103
309	3825	671.9946317	102
309	4239	682.0438395	105
311	4076	297.7308754	79
322	1334	1131.020326	127
336	2151	189.0052653	88
343	408	505.0265242	124
343	3481	552.0643599	118
344	1887	1034.964684	110
358	1857	248.3943001	152
363	581	643.4530911	73
376	2249	463.173267	129
381	3152	373.1254278	119
388	2098	1577.77944	75
393	333	200.7516747	213
393	871	290.0900043	193
398	926	519.3179384	147
407	287	665.59263	96
407	1461	586.9547345	109
407	1651	682.1248492	98
413	934	781.0537306	94
415	2638	1025.036181	95
420	3064	645.4139272	85
429	2456	340.9740624	170
432	3336	880.1139028	101
440	3361	288.5328269	171
447	3756	221.2793153	177
458	1903	920.6692947	64
462	3528	412.3627475	169
466	2566	726.7909334	94
470	2006	1397.893663	92
477	1923	287.7118594	103
485	608	387.3092987	154
499	748	506.0396134	173
499	2627	433.2307998	197
513	1888	1131.022092	111
527	1037	720.2995445	87
527	1839	789.5278506	85
527	2243	807.3621359	73
527	2429	849.2908259	75
527	2434	685.8302451	86
527	3135	864.6372974	73
527	4312	763.1458602	87
537	200	325.4108154	102
537	719	281.0098469	115
537	2714	354.3888615	86
549	2943	223.9254253	127
570	1231	191.2649726	182
581	2740	1132.715273	82
586	4192	290.3377006	99
623	667	272.257087	208
627	4184	682.1584123	98
627	4438	607.6801233	89
635	3670	2624.206795	72
655	3304	1659.397208	73
659	732	1064.068379	111
678	3170	341.2985834	114
682	421	838.2635778	72
706	1323	270.6859592	161
708	518	1226.00125	66
717	2395	472.3326649	136
738	1442	491.2349872	91
741	2680	1988.955156	81
743	1013	412.8199629	162
744	383	581.0455456	136
744	836	558.0315012	139
754	10	509.8221988	115
761	3539	647.2457147	75
763	1187	183.9973064	260
763	1513	261.3596356	228
763	1652	192.7662138	252
765	886	219.8276285	151
773	2793	400.8272899	121
788	2940	283.6490292	171
795	2170	191.3539305	122
795	3536	262.2159347	115
795	3667	215.4563676	121
799	1608	1189.655402	90
801	2616	182.2941508	138
804	507	297.0495438	135
810	2087	203.842796	147
820	904	544.7617996	106
829	801	184.5658211	152
830	1659	466.1488832	173
832	259	199.9424084	206
859	129	1197.429028	87
859	2745	1184.215633	91
859	4417	948.9884125	100
866	2160	292.5060648	167
870	2087	321.5302793	121
878	2729	917.013362	86
896	1028	608.3469594	146
896	4061	870.4454157	145
910	339	519.6149518	121
911	536	434.0652003	126
923	3601	1745.196747	81
928	129	1011.903376	101
928	2745	984.5468541	101
928	4417	663.5382773	125
948	972	1616.419777	49
959	3142	517.9186334	94
963	894	412.581042	146
976	1977	214.9481538	180
985	4149	600.8763202	68
986	1426	1131.608004	74
986	3609	1158.56827	72
988	1891	826.4464735	107
993	1981	540.6758077	113
999	4246	187.9095404	236
1008	1037	677.0755463	90
1008	1839	580.2879339	102
1008	2243	587.7122074	98
1008	2429	612.1665401	103
1008	2434	535.5249938	106
1008	3135	590.5522968	93
1008	4312	580.3708552	107
1047	665	248.3515613	128
1048	3528	306.7190406	195
1055	1488	1269.667069	90
1055	3759	1190.964795	94
1063	3756	336.4165056	152
1074	2757	1132.419393	113
1074	4396	969.6302149	110
1092	4423	277.7362039	117
1093	4254	1236.08159	146
1095	643	490.78913	116
1103	1919	2836.642234	50
1108	1065	654.0776277	130
1113	2190	344.4612382	87
1113	3065	481.3421436	70
1115	2760	304.0882928	221
1115	3671	189.3845125	225
1130	3990	650.0249499	103
1132	2948	345.5673311	132
1138	1569	4180.605465	61
1144	100	717.8499304	95
1144	514	607.7480446	96
1144	3743	634.1511966	105
1149	4153	316.3434397	173
1151	2012	969.0375163	86
1151	3069	1011.379162	86
1155	319	941.678881	70
1160	2760	185.9787341	206
1160	3671	185.1461782	199
1173	2096	343.8822409	114
1178	200	261.7939654	111
1178	719	261.3854714	129
1178	2714	255.1565528	114
1186	4441	959.0724758	96
1188	2379	734.8308443	105
1196	1561	659.5920524	77
1207	3144	692.4720739	120
1219	2495	488.2668972	121
1225	4015	4763.967925	63
1234	4432	1710.794484	80
1241	118	494.0334016	125
1241	1290	525.0507801	125
1241	2960	485.8420223	119
1251	3120	196.3644999	180
1275	2397	503.9666501	95
1276	188	736.8365881	160
1287	3348	244.98106	138
1293	422	305.6041696	116
1293	566	305.672955	123
1293	813	305.9391596	123
1293	1391	297.8984891	125
1293	1429	310.1974273	128
1293	1921	306.5506452	123
1293	2431	293.9087846	126
1293	2446	305.2874849	123
1293	3722	302.9630513	124
1293	4223	294.7934978	127
1296	2715	254.7234252	132
1307	2038	295.0902749	117
1338	3464	316.0606563	76
1339	2261	205.3914852	173
1339	3763	218.6002281	162
1367	1910	191.0820499	201
1368	1452	593.2965057	119
1368	1975	655.6604133	113
1368	3059	656.7057303	116
1368	3910	678.5465787	115
1372	2027	614.5192469	100
1396	4044	837.7982252	95
1402	3770	1516.052362	90
1407	3591	663.2332815	113
1415	3441	989.554559	91
1415	4288	1176.104904	81
1427	1275	610.059954	127
1427	1335	683.8334821	108
1431	3016	2170.699969	57
1461	1159	223.2803592	191
1461	3200	467.6596933	184
1471	3656	418.3714174	120
1473	298	317.1202531	113
1474	2709	392.4862691	123
1496	1783	468.0977427	123
1504	2538	233.7328837	178
1523	1136	848.2233969	96
1523	3877	838.8998731	99
1523	4122	665.6215777	100
1523	4442	788.2860909	102
1525	1954	293.8448567	172
1525	2898	305.2499878	156
1525	3700	252.2227488	179
1525	4315	220.0996772	184
1529	3008	227.1277486	152
1538	1700	189.4785435	135
1538	4427	252.0201512	117
1550	3547	567.3501001	119
1558	1345	1162.959727	82
1563	532	873.5518418	98
1563	2458	718.0273306	95
1563	3981	715.8991899	93
1569	3396	1218.619818	65
1571	865	1030.309617	96
1572	1949	327.9697376	180
1572	3616	294.7025475	174
1580	3825	555.0849188	103
1580	4239	513.6600011	110
1585	2238	2545.074005	59
1587	621	204.9771557	183
1590	3436	217.2131665	203
1615	4033	2246.952103	72
1631	1068	380.6900695	137
1636	476	1293.755988	73
1637	4429	1133.306115	74
1639	848	182.73024	127
1643	3348	247.6096092	143
1649	1847	350.3534172	135
1655	1573	1040.426953	76
1660	3542	197.575495	122
1662	2093	1423.094668	87
1665	40	505.4049329	121
1684	712	1882.165335	99
1689	994	607.205844	110
1695	693	248.4017024	157
1702	4411	717.2555881	90
1710	1196	210.277687	159
1716	2734	1495.659431	101
1733	324	713.2801554	120
1733	375	683.1498843	124
1741	941	2015.754375	42.1285547
1759	3408	788.5641601	110
1759	3506	691.4128872	117
1764	2198	597.2894445	100
1766	4108	3161.410988	72
1769	2968	422.0704662	107
1789	1720	635.0418047	64
1789	2780	605.259641	67
1793	3266	991.8348379	124
1799	3964	999.038956	105
1807	2385	326.2039034	141
1807	3552	375.6912792	121
1813	3372	642.2648314	129
1828	2165	1326.755217	54
1830	3719	423.8611236	136
1831	1582	569.9540787	92
1831	3215	425.7722565	113
1843	227	228.2044315	120
1843	325	223.5119302	121
1843	420	222.8659836	123
1843	482	213.6306877	125
1843	831	220.7128124	124
1843	1170	218.4894359	124
1843	1226	215.0812714	127
1843	2393	236.6448668	123
1843	3814	237.7963632	117
1843	4026	222.3315535	123
1843	4271	217.7557205	126
1847	1881	238.9073235	185
1851	3992	187.9688376	229
1853	3586	205.702699	168
1854	4039	961.1413616	97
1864	495	656.6084285	98
1884	3490	522.4338541	142
1888	4141	1538.099443	61
1899	567	723.8253978	119
1902	2384	597.9955698	125
1902	3233	604.8111456	134
1902	3925	619.1917069	133
1926	1504	212.9638865	223
1926	2179	208.932447	237
1930	1248	353.7961084	181
1930	1482	378.3997505	173
1930	1713	393.5937761	176
1930	2423	357.1777915	180
1930	3470	373.7334661	167
1930	4113	385.9268826	177
1934	2037	2232.867002	85
1936	3787	266.3495509	111
1939	2029	629.2165339	128
1939	3013	537.2262528	123
1939	4283	580.5878898	129
1944	2049	351.6177911	132
1946	2963	634.7737845	87
1947	2763	763.5712974	59
1958	1632	258.054249	168
1962	1326	251.4860612	108
1962	3344	315.5437705	100
1965	1524	2012.472914	32.36180563
1966	3453	229.6432959	182
1975	1426	936.1675743	76
1975	3609	962.8646395	73
1980	3417	502.5201637	164
1982	1727	1950.48209	77
1997	4075	231.9857335	160
2011	2453	314.6097729	93
2012	2547	1867.388075	118
2020	3438	2125.910329	77
2040	351	554.1340185	110
2048	422	305.6041696	116
2048	566	305.6129591	123
2048	813	305.8791638	123
2048	1391	297.8370267	125
2048	1429	310.1338911	128
2048	1921	306.4906493	123
2048	2431	293.8466144	126
2048	2446	305.227489	123
2048	3722	302.9023136	124
2048	4223	294.7306364	127
2064	3688	184.694807	130
2067	3261	2944.14643	64
2068	1630	430.4993628	168
2071	95	395.0425222	112
2082	3312	2233.908085	58
2107	2872	303.8635106	108
2117	3995	211.1772704	170
2131	1471	2597.025862	75
2134	1345	1074.410346	88
2155	859	570.7550614	123
2168	946	1091.734499	91
2172	1251	5364.628389	62
2189	3855	1198.469751	97
2194	3148	1396.674386	49
2198	3660	724.1641462	128
2199	1340	933.1205227	93
2205	3619	2289.219484	58
2213	396	360.1943065	85
2216	4214	1330.760199	99
2218	601	935.1339902	75
2222	3341	665.0912228	65
2223	4362	184.0224976	226
2228	1816	684.8225498	76
2235	648	761.8128945	112
2257	3416	1372.490667	73
2258	2964	1463.4877	79
2266	1426	1130.00008	74
2266	3609	1156.955029	72
2284	2297	422.7580889	115
2310	3930	182.7109326	110
2312	1572	613.6125525	100
2312	1812	511.2292585	114
2312	3472	615.8930198	99
2317	3254	1892.284031	59
2327	1919	3203.871549	49
2330	930	573.8879548	108
2330	4066	547.6536182	96
2340	4088	415.7624454	135
2349	3398	230.8101227	150
2352	1426	1128.889997	74
2352	3609	1155.932635	72
2380	3167	4437.141695	51
2380	4408	4410.140945	51
2384	3399	1523.630415	67
2389	3154	213.5493878	139
2389	4437	184.5703355	156
2392	3412	736.1072422	91
2392	4410	755.4945502	90
2402	3992	181.7522458	230
2406	3428	2302.095339	81
2408	1862	431.2778042	161
2428	1499	432.7943013	141
2431	4360	395.8766301	131
2434	1426	1086.716863	75
2434	3609	1113.493726	73
2455	2773	454.8606751	96
2466	3431	283.4171838	144
2469	4022	756.0652931	121
2472	238	265.2976224	180
2478	1015	1177.126493	89
2483	486	197.2604372	188
2493	1285	1095.804	121
2503	70	192.6425849	212
2507	156	1656.527914	60
2510	218	444.4429044	143
2514	3557	276.5451085	127
2526	2757	972.4375688	119
2526	4396	1529.294553	95
2535	930	534.273535	110
2535	4066	483.4389744	134
2540	2825	877.5104656	143
2543	1241	183.2735471	131
2545	690	287.8448507	129
2553	199	219.1108411	111
2573	4292	391.9886432	117
2575	2453	286.2473078	97
2583	1043	602.9812778	120
2585	1587	190.8661502	187
2591	3075	399.3509191	116
2593	1703	355.226373	161
2608	1659	469.2084901	174
2611	1299	499.7392192	161
2619	3827	707.8427196	118
2628	2505	971.1665923	99
2632	1847	248.1936833	162
2635	1049	915.3457947	87
2655	227	236.0104901	115
2655	325	231.2177322	117
2655	420	230.4514456	118
2655	482	221.0971619	120
2655	831	228.2349333	119
2655	1170	226.0209155	119
2655	1226	222.3964567	122
2655	2393	246.1857935	123
2655	3814	245.8275317	112
2655	4026	229.938638	118
2655	4271	225.1205448	122
2674	316	1203.932818	93
2680	926	362.8391689	175
2683	4380	576.7198076	113
2691	2094	1637.344435	56
2695	3213	566.4470791	105
2696	2160	365.2974097	166
2709	4192	353.0313045	97
2717	2700	687.0331614	105
2725	608	412.94067	148
2728	1968	889.0161921	79
2739	1783	495.5127548	118
2745	1047	1038.153585	97
2769	2892	1694.354679	119
2782	2128	518.9525441	138
2782	2432	516.3799054	127
2783	2173	1045.11106	83
2789	2069	410.6873679	137
2789	2378	617.6414788	130
2805	867	370.7742129	158
2813	2384	560.8189333	127
2813	3233	589.3624306	127
2813	3925	570.7745483	134
2815	4231	195.7823965	177
2830	2483	537.8809914	111
2831	2795	550.0688093	106
2833	1819	527.0898495	152
2849	1133	1507.707239	141
2849	2090	1392.425173	144
2849	2947	1345.629562	140
2852	4076	278.8521842	79
2857	495	658.9806781	95
2873	645	663.3065263	107
2876	422	291.5784939	122
2876	566	302.5753105	126
2876	813	302.8546662	126
2876	1391	294.8899636	128
2876	1429	307.3383399	131
2876	1921	303.4398253	126
2876	2431	290.9535291	129
2876	2446	302.2020243	126
2876	3722	299.9135659	127
2876	4223	291.8781056	130
2880	950	473.1205573	87
2887	28	227.8857895	108
2900	3694	215.9249357	179
2910	3986	802.1798018	85
2914	1028	592.0803984	136
2914	4061	846.9824826	129
2928	1460	191.9541876	174
2953	1759	495.9467626	147
2953	4020	292.2474795	163
2961	3845	185.7639953	183
2965	1756	2153.959845	68
2966	2444	495.7391436	103
2976	595	637.8119426	105
2976	1103	630.7393184	108
2976	1479	536.9126382	118
2976	1554	528.9761799	120
2983	1568	1053.411244	107
2993	3052	1198.648072	100
2995	1051	454.8728188	119
3007	1623	317.596343	52
3007	3243	251.967397	57
3008	4242	185.314106	204
3010	2886	1585.019179	74
3015	1595	213.2837951	105
3026	1858	478.6491174	96
3030	211	882.4160097	64
3032	595	407.3521538	117
3032	1103	386.8065495	128
3032	1479	437.9803364	113
3032	1554	462.5144849	115
3033	4387	709.7915949	104
3045	480	235.2485575	113
3046	4228	3952.316538	52
3047	1956	511.0742487	125
3057	1807	459.7609579	126
3062	1303	977.0897268	110
3062	1818	1076.724273	109
3074	3952	2168.493258	55
3077	1426	1135.483019	74
3077	3609	1162.543886	72
3083	3350	234.953856	116
3088	440	336.748473	71
3090	2791	730.4294173	67
3096	317	197.7910588	221
3122	4368	190.9787133	130
3124	3356	510.154457	103
3130	3128	293.1380476	152
3133	3669	642.6766187	136
3144	3729	1426.019857	92
3146	801	188.2757813	136
3148	4358	767.88982	77
3152	3528	227.7834041	192
3162	3803	1222.057424	76
3184	1028	564.7817975	154
3184	4061	1031.411049	126
3186	2139	185.1749434	154
3192	2508	209.9010275	226
3195	2954	1177.919822	94
3196	1481	720.4910479	125
3202	2936	386.5324262	93
3206	741	281.3212111	161
3209	637	1026.257492	83
3211	3454	544.9304388	148
3229	3204	361.7835472	123
3242	163	1316.317378	69
3245	2165	1208.904961	61
3248	2802	452.0598157	63
3251	681	281.2024514	179
3252	724	1172.843868	96
3252	3146	1283.489219	92
3270	2311	878.7048074	105
3301	4024	471.9080431	133
3306	413	588.05985	82
3310	1780	814.7525699	89
3312	3024	312.8377196	140
3316	1659	545.0457979	162
3317	185	683.7147938	100
3324	2830	237.3787934	104
3328	3726	1338.730703	78
3333	227	205.9038718	128
3333	325	205.5703317	126
3333	420	205.0516315	128
3333	482	195.9563406	130
3333	831	202.9704802	129
3333	1170	200.7393925	129
3333	1226	197.5699741	132
3333	2393	221.5984472	132
3333	3814	219.4962089	122
3333	4026	204.4974521	128
3333	4271	200.18674	132
3346	1959	1178.069363	80
3346	2681	1218.239951	77
3365	3331	1947.438922	76
3365	3788	1836.775086	80
3368	3389	1067.020964	79
3386	4405	891.1602899	91
3402	4184	479.6117054	103
3402	4438	447.8392283	110
3403	748	261.8710877	181
3403	2627	242.2930025	187
3427	2267	1829.941575	49
3430	11	181.104688	214
3433	852	240.3722833	154
3452	168	828.0909165	104
3456	2540	183.983259	178
3462	3489	380.1295019	168
3464	12	922.6725578	93
3464	1644	1013.346734	83
3468	3832	251.1446511	153
3472	3930	208.8851375	104
3488	1255	395.3898739	134
