5	3785	2102.818052	54
6	501	2843.964827	51
17	388	495.0497687	57
20	2576	1198.481757	98
25	1495	354.303773	130
43	2099	4227.984711	63
44	3912	537.8806827	101
57	1301	1043.320581	101
58	2931	1870.404693	74
59	148	1330.441264	69
60	2316	256.8631869	89
67	519	383.1464163	134
75	1023	1009.653722	105
77	3641	957.3070118	104
88	1546	881.7420374	84
89	2250	888.2057995	96
90	1377	2636.177621	82
95	3655	711.384879	61
97	334	202.9292424	84
104	3525	1899.176563	77
108	226	685.6940375	139
108	2950	533.4706286	132
109	2194	970.0890774	81
111	3055	291.3008289	48
119	453	408.4492965	96
120	193	220.6115306	184
125	269	584.0497327	110
128	2321	821.474476	101
130	665	691.312577	82
136	1205	225.0331811	171
137	3419	226.6411679	138
145	716	183.8508226	175
145	863	184.9780899	169
145	2065	229.430413	179
145	2459	215.8470306	183
145	2483	351.1521972	163
145	3714	223.8933001	187
146	3382	241.622175	130
148	859	470.0870685	92
151	1145	645.120571	81
154	2738	209.0253183	138
158	2846	713.5413501	134
173	3611	281.719849	166
174	1696	752.1343226	72
174	3483	823.8345167	63
176	3238	317.2986842	113
177	2018	903.0654711	127
189	1219	667.7188159	94
198	757	247.1078032	177
205	2968	329.7046531	102
212	2194	985.3496372	80
217	1143	967.5505158	110
218	3120	559.0756111	111
220	3519	780.8056465	120
244	3488	1338.359664	49
262	184	627.9212739	101
262	3140	638.360549	102
262	3213	448.5658043	129
262	3559	464.8342423	119
265	104	265.668298	99
273	2285	1124.349967	93
276	3450	366.666094	186
283	60	669.5936011	96
286	873	251.2036072	164
289	767	1467.199889	43.0647448
289	1444	1329.434325	50
289	2074	1411.897206	46
294	3427	463.0000566	128
301	2380	2306.677642	106
302	834	1122.320867	60
308	1773	1551.69112	88
309	1170	584.0916259	110
309	3025	696.9789016	115
325	2473	569.2213638	111
327	410	1837.308942	82
332	1326	749.2045579	141
333	3757	256.9791311	172
339	1750	228.2062019	78
358	1095	332.8647044	115
369	1285	787.6129023	108
377	1077	665.8131861	91
379	646	203.7324631	192
386	3898	183.0560874	163
388	1406	1068.91157	103
391	409	803.1010216	73
397	3636	4308.239461	48
398	1768	252.2926513	201
413	1753	711.6831817	109
414	3472	913.5689687	113
414	3528	1045.333938	104
415	2756	911.2868323	100
420	3901	665.5027741	77
425	1610	387.0933097	118
429	2776	268.1678767	212
429	3090	278.2405973	192
431	1514	447.1237805	98
432	1898	792.0737472	102
440	1198	207.1731296	172
440	3733	241.8615841	181
445	1064	1382.350573	76
455	2503	606.3271214	100
458	1494	829.3843113	71
460	2860	344.9668667	133
462	1036	415.6691855	150
466	1223	1467.079193	45
470	3508	547.54122	143
472	1075	466.9396566	82
474	3121	415.1762847	111
477	2355	262.5742333	83
477	3628	204.2523423	114
485	2191	774.9425012	91
488	1084	550.0377405	92
495	3500	380.7754442	71
496	893	439.4504432	115
499	1711	212.3898476	224
500	1540	480.1714216	139
508	3632	304.0580069	100
512	1293	897.1393757	109
513	607	1444.234002	111
524	2630	616.5970142	75
525	104	300.5684321	94
527	2141	596.4629792	102
535	2608	2470.313668	48
539	3402	206.2404178	201
546	2533	317.7574605	105
549	2861	985.918462	52
551	2997	820.5811494	99
553	228	222.7452384	174
555	102	941.6372364	22.76709704
558	1331	213.5337754	142
563	2251	1437.216664	83
566	184	658.6266908	98
566	3140	549.4266436	114
566	3213	489.7357922	124
566	3559	527.6127994	117
568	2783	558.8727608	76
577	257	335.1371761	134
577	2373	352.0636165	150
577	3116	353.5783578	135
581	3925	1265.769855	98
588	3554	931.0938934	90
607	1297	610.826621	88
611	1107	685.0748415	101
613	2524	1278.276467	90
622	251	239.9126558	115
628	2820	818.3728418	131
633	3290	184.826249	173
635	3525	2027.372473	74
639	2017	278.1574351	119
655	2777	1046.407036	99
656	985	633.335709	83
657	398	718.7291959	81
659	1735	1143.678799	109
659	3357	812.8344115	111
661	1763	224.9493737	168
663	1410	517.7800334	118
675	791	197.9331984	169
678	2455	206.2801013	144
682	311	782.7601374	81
683	2299	1026.365426	108
684	2181	216.9011845	91
684	3749	204.3836407	92
687	3381	699.2751518	159
689	1121	1549.464044	80
693	3225	1158.209656	100
701	2002	1103.508481	65
708	779	1134.839032	70
711	2855	1453.354111	87
716	2307	630.3489569	115
717	3396	2041.67868	77
719	3381	827.1151865	145
721	337	257.1138953	116
728	118	1355.513738	91
729	1810	460.3294968	65
731	641	461.0737787	127
738	3228	406.8985902	92
741	2505	2286.756991	73
744	2368	675.3296864	134
752	2183	687.2561338	93
754	1090	651.9581747	97
756	2087	287.6640838	195
760	3042	575.5810666	116
761	2968	484.204185	99
770	3791	187.4814431	186
773	1371	230.6328897	150
790	2851	563.248388	123
791	2529	652.238662	36.92365229
796	2922	910.7613333	121
804	1100	378.810784	135
809	3416	200.8875113	161
811	1302	639.4307999	59
820	2926	484.786377	128
828	934	2323.982502	82
838	2842	561.8315111	118
844	2623	5050.408085	55
846	1665	387.9460891	120
848	1146	228.7892381	101
854	765	648.3793274	111
854	3257	718.3702242	106
859	3168	881.9596899	99
860	2278	299.132144	116
867	3512	228.5446073	167
870	2325	256.622991	113
890	1928	517.3747318	155
894	1950	203.2519311	163
895	3323	428.6950627	112
896	2793	368.515127	152
900	1261	188.0032333	242
905	2274	839.015306	104
910	521	416.820142	133
910	3311	516.1249678	118
919	525	531.2230535	115
919	3837	344.230213	130
920	1823	224.8322227	189
923	1637	1326.81484	101
928	3168	749.6531904	110
932	2405	490.1331316	91
935	1566	1471.670348	77
948	2902	1786.944339	45
967	2018	909.513857	129
976	3287	322.751729	167
979	1600	942.6204986	93
982	2255	239.5907275	204
988	745	887.7585937	101
993	2588	260.5757078	160
1021	962	521.4229111	156
1026	1358	1957.078401	81
1045	3864	781.3530665	76
1047	2354	635.2153606	69
1048	1036	385.4097602	157
1053	894	1013.804333	97
1059	254	207.398152	97
1060	1433	617.8205128	73
1069	2167	573.8283286	150
1071	1196	236.8373862	190
1071	3325	228.1547096	184
1072	89	794.0969796	91
1074	1104	1012.537285	132
1074	1491	1073.122193	118
1074	2008	1244.316509	106
1087	747	547.8379881	110
1088	3113	591.9959399	97
1093	1271	2820.047332	86
1095	908	994.1317942	63
1099	2633	353.419351	106
1100	1696	757.0576844	73
1100	3483	786.8178744	64
1103	1761	2614.849059	53
1107	1150	360.4310054	149
1109	2034	485.1012757	156
1111	3920	710.5574423	88
1113	3083	669.3652327	49
1116	2469	780.5698865	112
1117	2904	656.0672496	130
1131	181	701.3547814	114
1136	184	525.6595137	112
1136	3140	640.9944343	101
1136	3213	384.5926304	133
1136	3559	383.5558635	133
1138	85	4728.061285	55
1144	2794	595.8822336	124
1144	3060	561.3329112	117
1151	3091	855.2604965	93
1166	3553	479.1444927	112
1171	1951	698.1447657	116
1173	3710	945.0605014	33.08095687
1184	2309	181.7978838	150
1186	1213	861.7288078	103
1188	1383	286.3022803	153
1195	392	456.3238197	148
1197	2614	329.1700791	134
1211	1830	545.497528	143
1212	695	390.8489136	93
1219	3069	403.4265043	135
1221	106	2170.223455	95
1223	2428	781.1200604	38.58293741
1225	3867	4747.982683	57
1234	295	2137.88647	60
1239	3408	283.7050937	108
1245	3245	237.4253776	134
1248	2657	400.3980758	126
1250	21	528.6874852	111
1251	2211	1021.246122	147
1263	2110	335.6871548	185
1265	1572	953.3909264	69
1269	914	837.4148764	122
1274	2143	678.7149919	95
1279	2773	224.7283459	119
1284	3048	216.9587484	152
1286	3030	261.4169582	122
1287	2810	739.5318787	91
1290	2022	200.9129369	110
1296	3671	407.8579625	119
1299	2819	393.9442528	123
1302	1524	1069.403729	89
1304	157	532.4662529	131
1307	1756	343.1721101	116
1310	3270	627.7140408	118
1325	3277	673.9530272	114
1326	3371	406.3696106	147
1330	274	2540.683015	61
1331	310	655.8448296	123
1338	1235	227.4119884	105
1341	3834	432.5867698	107
1349	3161	217.5662304	160
1352	1046	377.3684178	87
1362	218	670.743132	118
1363	326	1267.55236	101
1367	306	229.2010474	183
1373	713	1596.940885	94
1374	1970	531.2068063	129
1379	3644	266.0017444	162
1381	775	297.4209404	172
1383	3533	482.6347957	158
1391	1879	286.7918263	123
1392	1850	1711.987081	102
1393	1509	361.8361815	143
1396	2360	839.5667268	97
1402	1120	1792.692537	69
1404	2889	386.6429148	142
1405	2019	432.5277337	139
1411	1079	1789.112088	100
1413	2882	184.5630944	165
1415	1774	1556.636768	58
1418	484	1580.201113	71
1418	526	1400.423075	79
1431	227	2146.97138	58
1441	159	229.1981742	165
1441	2045	225.2740505	161
1444	1722	546.7558189	128
1453	3647	540.6456263	135
1455	3648	205.2950596	135
1469	3029	1079.627463	117
1471	2806	442.4187949	119
1484	3464	724.9053088	125
1485	2470	425.1433367	150
1495	1671	2324.943022	62
1499	512	351.3090744	184
1517	2942	722.6226502	113
1520	1918	220.7917416	115
1523	571	432.1361019	145
1523	1012	379.0664177	143
1523	2896	475.9951322	139
1523	3573	423.4093791	148
1526	2694	2026.83237	77
1529	2496	955.2003457	67
1532	3544	875.1601993	81
1538	546	183.3644788	134
1540	1104	1611.417346	94
1540	1491	1668.925814	92
1540	2008	1420.444125	93
1545	1731	369.5849503	184
1550	2800	408.3907104	135
1552	1358	1805.402318	88
1558	2962	444.2066391	143
1563	81	561.1867485	108
1563	1808	762.4565368	90
1565	1211	188.9324921	227
1569	540	1698.137948	53
1571	1382	1264.839268	92
1580	1170	535.2371624	106
1580	3025	571.4742278	120
1585	3460	2226.485334	72
1590	196	227.791237	153
1596	1670	420.8022909	103
1611	1631	294.5203686	138
1611	2432	250.6765572	126
1614	2055	2195.859057	91
1622	1215	311.0554536	136
1626	3783	954.5586281	132
1638	590	722.1193152	126
1638	2090	737.0813416	136
1639	2061	255.0552126	104
1643	3544	861.2180893	81
1652	64	537.4335457	61
1653	1366	294.6426334	127
1659	2921	213.3853372	131
1660	3141	795.0159307	67
1662	3536	1429.562349	96
1665	2262	1088.715732	83
1674	2335	337.1474832	86
1677	2386	582.0386468	134
1680	1884	1658.332643	114
1681	54	490.259026	123
1681	1134	522.7205234	124
1682	2216	3791.712118	53
1684	2422	2035.959944	99
1701	2516	663.2298892	62
1702	1041	631.9823868	93
1706	2017	236.0052191	131
1711	3634	292.9593068	133
1726	3508	460.849285	143
1732	1512	1122.319433	80
1733	3438	1284.597976	86
1737	1732	253.5905534	164
1741	3445	1569.663616	62
1746	3729	1837.571363	118
1749	3590	607.589553	109
1753	1548	344.8194557	121
1759	437	1839.985622	73
1760	992	683.5432255	52
1766	3579	2913.794704	81
1767	2995	424.3604768	63
1769	1094	431.1898895	100
1776	2854	182.7958058	149
1782	2762	2576.335757	36.1209642
1792	1622	809.5500477	113
1793	1969	911.1328329	118
1797	1621	1289.394527	63
1798	194	580.4308422	117
1799	2214	920.8522632	109
1806	298	1340.870775	62
1814	3390	1215.776256	127
1817	509	459.598744	101
1819	2889	294.1903673	158
1822	2876	861.6165205	120
1823	472	794.0338077	58
1826	548	204.8500136	183
1827	1192	284.0453374	163
1827	2901	239.7500084	179
1828	3488	1302.706014	52
1829	3609	369.2822522	160
1830	1955	938.5150647	97
1835	212	730.6851571	70
1836	1169	358.6768426	128
1856	3427	312.7893943	144
1860	1834	873.8150024	98
1866	3290	338.8856548	178
1877	950	1546.235013	106
1877	3291	1151.088196	110
1884	3032	549.4573594	158
1888	3520	898.9652148	114
1897	254	218.2247998	71
1899	3874	772.1724552	123
1901	488	1397.804521	97
1903	2257	2283.531278	43.0647448
1904	3585	710.3716009	95
1912	214	1617.763993	82
1913	224	244.033244	145
1915	3028	1117.094805	82
1917	415	754.0598935	80
1918	1696	768.7470139	64
1918	3483	793.6045846	60
1924	3790	1145.420138	82
1934	405	1994.167365	79
1934	1614	1683.273011	103
1944	2086	573.8957779	89
1949	305	731.1007579	125
1949	3037	726.4369917	134
1952	2951	212.2492536	148
1965	124	188.2098163	155
1966	1558	473.4980636	120
1969	257	542.2471605	142
1969	2373	580.9368279	141
1969	3116	564.0919572	134
1982	715	1319.456335	106
1984	2125	2010.811728	65
1987	2773	490.6455417	104
2000	3890	749.9391294	83
2004	2829	242.1941212	154
2011	891	470.9637021	63
2011	3531	264.1047268	106
2012	44	2940.14786	97
2018	3669	2111.67726	77
2020	843	1717.870853	95
2024	188	503.9907479	37.7441779
2028	457	3114.315491	68
2039	2733	580.1304928	140
2040	1510	388.0978559	120
2052	3080	513.1312739	116
2056	1057	489.7550731	112
2060	2868	7350.598002	58
2064	2329	239.7099454	91
2067	3348	3164.327523	59
2069	278	201.600364	131
2070	314	1333.725254	74
2072	3255	803.0059876	105
2082	1403	1625.539476	82
2107	1814	408.5220508	91
2108	1669	2583.781231	55
2109	2791	642.2617143	130
2113	1117	872.3131744	91
2114	294	573.3624689	91
2117	3386	417.9453963	95
2131	2414	2275.775058	89
2133	2054	212.6527633	70
2134	2962	439.1551473	152
2139	3326	231.4057244	167
2142	459	804.1405159	97
2147	1647	487.6998157	85
2170	27	377.862276	151
2170	1873	398.9451308	129
2170	2272	374.1085653	139
2170	2804	318.6407737	158
2172	1350	5089.133612	68
2180	1389	542.831821	144
2180	1585	622.2930964	137
2188	290	628.3252414	38.58293741
2190	3381	610.5785496	150
2192	3096	1407.222537	103
2194	1825	1121.381595	66
2198	1622	697.1227199	125
2205	1279	1643.583107	73
2213	1332	854.2897388	51
2216	2081	1361.785619	100
2223	1048	541.5716542	139
2226	3678	251.1323441	183
2228	1472	595.1845891	72
2235	3700	190.4449733	167
2238	1982	467.5161522	40.31678793
2241	788	977.0472148	80
2252	184	862.4403032	83
2252	3140	620.2890135	107
2252	3213	715.584728	94
2252	3559	717.5998128	97
2257	3183	792.2277473	115
2258	2301	2238.197564	54
2264	2605	293.1804413	153
2267	3211	658.1218429	135
2271	3807	596.0917455	67
2281	962	481.3285271	164
2282	3919	290.2409779	115
2291	1908	857.8592568	122
2291	3185	715.2131675	127
2294	2024	204.9560315	198
2294	3177	213.8934017	186
2294	3859	197.8084997	177
2300	2067	1279.456588	62
2301	1141	1983.74407	91
2302	1843	2810.814708	67
2316	368	455.1591283	142
2316	2489	259.2567477	168
2317	1993	2016.434	57
2327	1761	2940.925906	54
2332	448	387.8240149	156
2340	2148	306.0438981	149
2341	235	488.8682242	139
2349	3297	618.5258731	98
2351	727	964.1908433	56
2353	33	796.2964107	70
2355	998	602.3587973	111
2361	665	590.4796409	100
2373	1076	422.804526	152
2384	2258	601.2048876	123
2385	98	1012.92067	97
2390	279	517.133251	66
2392	1954	378.7532342	126
2400	1663	851.6470281	72
2402	499	299.3540094	177
2403	425	214.1166786	142
2406	670	2725.854626	69
2408	1544	464.0091295	155
2414	1759	313.6429701	132
2414	1778	196.6614528	147
2415	2417	749.9171441	111
2425	2920	529.3393864	146
2431	1723	738.6116344	84
2455	3003	690.0355037	94
2462	2161	1070.612466	87
2469	3240	1198.282863	95
2471	1415	199.2920334	215
2473	3537	231.8082683	126
2474	1130	628.9597057	117
2478	1691	1115.13061	101
2480	2117	941.5697739	131
2488	3168	799.5120503	115
2498	775	248.3506149	184
2508	3062	256.2615337	175
2514	2963	358.8840592	109
2517	3452	478.367085	63
2525	1524	1056.989628	91
2526	405	1634.739308	90
2526	1614	1214.218958	101
2532	1286	362.17896	101
2535	1791	435.5283666	128
2540	803	2293.98052	101
2541	596	1183.752199	138
2541	3617	1119.498749	147
2549	2275	499.9983774	169
2553	3089	400.7053807	72
2557	1767	555.6010839	128
2558	3427	342.4076065	147
2565	733	1186.349799	96
2573	1796	349.3688892	137
2575	891	410.1857296	75
2575	3531	211.3650309	104
2583	2832	660.7777242	116
2586	3123	1956.54316	55
2588	152	2931.771016	76
2590	630	619.2586217	104
2591	371	208.2726869	145
2594	1099	211.8191067	179
2604	1970	576.6525668	121
2605	515	1427.903669	102
2611	1793	405.9699131	167
2613	470	1850.523897	75
2624	775	278.7774452	178
2627	1078	667.0195392	117
2628	706	1216.892336	79
2635	635	946.1350645	84
2649	3057	1094.35072	61
2656	3537	442.3175696	99
2669	281	202.2501706	135
2670	1233	714.7227221	129
2671	1131	1027.768483	87
2674	445	837.9387765	122
2675	321	227.554475	107
2675	792	201.0651056	122
2680	1768	192.27142	195
2689	2769	228.2590973	165
2691	2967	1203.976455	76
2692	3588	595.0187256	102
2695	1243	403.5800444	122
2695	3278	385.4922032	128
2707	240	323.1549804	181
2710	1460	1055.477784	88
2711	1830	436.4067241	150
2713	3322	1362.991243	72
2725	2213	843.2269538	101
2728	3086	799.5088039	81
2729	686	250.1744459	143
2745	3740	987.26277	103
2749	3728	240.6768554	185
2751	2097	1123.52901	85
2753	450	363.1370866	113
2755	743	289.7428103	150
2762	1315	2145.972269	64
2764	637	299.6502394	132
2764	3829	286.5466396	145
2766	3554	946.1742618	90
2772	2774	2911.000271	82
2773	1230	372.2714303	151
2778	2536	294.8815969	108
2780	1841	468.5589074	147
2783	978	995.9076799	84
2786	158	1003.67262	91
2805	1098	571.1224353	124
2817	495	203.1019217	148
2817	3463	293.2388027	129
2821	1080	3159.630256	51
2828	3007	651.599762	89
2830	3016	449.4202905	136
2831	2345	604.2934143	113
2833	2261	1998.580064	84
2841	1210	807.6333388	84
2865	1674	205.4601725	62
2868	1670	391.1956553	108
2870	3643	504.4202396	156
2880	480	598.8247107	75
2884	1833	270.7282259	144
2889	2120	304.6201148	131
2902	2403	303.495563	141
2903	2018	893.080891	133
2908	3505	1232.82796	71
2910	3366	191.5936016	147
2918	141	379.5234929	69
2927	1794	289.1394859	177
2928	2387	773.3105016	107
2932	3765	782.3639443	52
2934	3265	222.071685	151
2948	3569	865.7120186	137
2957	1280	922.7934211	93
2960	3646	2415.732103	104
2961	383	428.4776765	116
2962	1155	462.4851763	137
2965	2526	2823.897276	48
2967	586	372.1216325	134
2974	3890	674.9491656	94
2983	666	920.5336854	106
2993	2456	1324.454598	90
2995	2764	884.7798905	90
3000	2986	207.0531117	179
3008	1055	202.3742935	200
3010	2984	1364.739244	82
3016	2935	2101.008816	81
3019	226	606.5975763	141
3019	2950	385.1253266	155
3027	3884	289.4296819	110
3030	2037	760.5498357	70
3033	26	1173.014632	87
3040	2915	336.2771052	134
3043	440	615.0423893	144
3045	3218	603.0839002	46
3046	3943	3289.335454	64
3047	521	440.8434559	117
3047	3311	505.7846448	114
3055	3466	1515.496077	98
3057	531	652.5704641	118
3057	1372	563.0651478	129
3059	2975	663.2846879	76
3062	601	883.2131796	124
3070	3727	981.7173571	91
3074	1391	1785.577162	66
3074	3810	1869.918346	64
3081	2216	3913.628756	52
3083	1325	200.5260558	132
3090	491	418.2483967	115
3095	2044	271.9654714	158
3099	3143	659.6390217	134
3099	3269	722.258189	128
3111	912	429.1735884	99
3115	1183	671.8777293	51
3118	54	467.7068759	128
3118	1134	519.2191237	123
3124	211	563.627609	103
3127	1649	295.1932762	222
3129	672	258.7784779	159
3130	605	280.3582609	144
3130	3101	254.7667987	151
3144	1815	2131.278875	63
3152	1036	397.5623929	151
3153	43	461.1717387	96
3154	17	390.7120242	91
3155	681	988.4015157	79
3162	3436	947.5805912	91
3166	55	325.9291826	112
3166	2885	258.1299778	137
3168	2640	210.2995105	126
3181	1965	792.8517134	125
3184	669	619.4951582	136
3196	88	1240.406172	107
3202	3846	334.1085372	76
3205	173	285.432855	153
3205	578	268.3388387	148
3205	1426	349.9026667	139
3205	2134	272.001269	144
3209	1896	989.3219938	83
3217	430	557.0404	155
3219	963	1722.760703	67
3226	1508	650.3956191	159
3229	2910	564.8654941	96
3231	3860	452.3256363	131
3233	962	448.5276665	174
3248	1303	277.4375468	93
3252	2722	1703.857956	79
3253	2590	355.3962716	165
3268	669	541.855663	156
3279	1630	446.5332734	92
3282	3566	420.202799	132
3283	3207	421.4602063	124
3287	935	884.3320597	88
3298	773	525.4111107	158
3298	3262	424.9389105	170
3299	2927	285.9184186	82
3306	3308	622.6872497	63
3310	2937	691.5583425	97
3311	1783	500.6784398	103
3313	3236	181.7547187	134
3317	1727	1445.982994	74
3321	1542	564.8320555	80
3323	195	363.7575729	99
3324	3276	190.9846251	122
3328	3045	1520.698094	79
3330	1744	183.7416696	85
3336	420	2125.522404	81
3339	136	725.035703	135
3342	2934	196.1519202	139
3345	27	414.4672767	125
3345	1873	441.4760816	120
3345	2272	398.2137505	133
3345	2804	251.5789957	176
3346	930	1222.557277	74
3353	1243	547.6547992	124
3353	3278	268.7210091	161
3355	1315	2412.908348	58
3358	2960	251.5771089	142
3360	288	1318.513169	95
3361	3802	326.0363583	79
3379	15	776.0089638	105
3380	1329	315.2176559	141
3383	2333	580.8880499	139
3383	3329	823.3238668	136
3385	1837	598.4137959	77
3386	317	880.4361197	94
3386	3134	1128.836252	83
3387	3258	3121.413175	55
3390	2781	715.1857165	124
3392	2308	262.3494662	111
3395	3946	1223.754844	94
3406	1989	558.0557766	150
3427	3478	1910.382858	47
3429	2516	670.2145653	61
3439	3111	247.1393185	148
3444	1401	248.9650563	112
3446	95	4284.079341	77
3474	1684	466.4211278	61
3484	1787	3534.013494	54
3488	245	377.4779827	150
3503	2630	626.204918	79
