1	627	1210.488771	72
4	2164	1115.07544	76
5	4154	2082.65463	54
7	2295	1597.052694	99
8	2498	2367.1972	30.2968022
9	2012	618.1019895	117
10	1	823.7044445	47
13	3495	1269.107827	55
15	3349	876.1846448	70
17	1557	810.7632826	30.97006447
20	589	2395.859338	57
22	3515	2049.831778	40.31678793
25	2945	943.8687568	67
26	3973	476.1996585	59
27	3268	664.6109027	77
30	4239	769.9260476	67
33	2391	1402.529473	53
35	3379	1198.060033	78
36	516	589.4609222	103
36	875	615.6418859	98
36	913	622.1518523	92
36	1983	536.6282572	104
36	2081	578.575219	103
36	2201	582.464781	97
36	2316	674.3820321	92
36	3176	618.0703288	88
36	3331	656.9314667	95
36	3929	729.0155062	86
38	4362	1651.723321	58
43	2659	6084.262976	40.31678793
44	256	1019.762183	65
48	847	1686.952965	100
48	2632	1665.811691	103
50	118	321.9142367	98
51	2578	576.3002141	24.859302
53	108	286.8558582	196
59	1283	2391.097616	33.08095687
60	690	453.2092901	59
64	2749	316.3688199	192
66	2304	2298.96356	63
68	2468	915.468768	101
69	982	383.4052558	121
72	4224	1314.78485	23.79021103
75	3402	2172.063942	60
76	2660	329.3586296	74
77	411	3117.384147	24.31888239
81	2452	675.974864	87
82	2809	377.7959672	113
86	2550	1145.083095	96
88	3836	1512.123817	54
89	3450	1424.907804	63
90	2935	4335.107815	50
94	4342	513.8381643	54
95	3296	1328.66111	25.41173093
96	1764	1133.508128	78
97	4020	381.6481388	68
99	686	830.5427565	104
107	56	1314.852633	84
108	2072	2322.058567	74
109	1207	1833.203273	40.31678793
111	2331	549.5408725	22.27216015
115	4240	1345.380065	63
116	2686	4199.097786	43.0647448
119	1563	700.8316184	80
120	4253	1341.113726	55
122	1855	216.2153819	165
124	3479	311.357882	89
125	317	1070.364548	73
130	1743	1460.915092	43.0647448
141	2327	408.1218414	111
146	155	870.861857	64
148	249	1058.432518	57
150	1459	549.1427212	96
153	2860	1012.207134	94
153	3324	897.8788218	105
154	1642	535.7098932	70
158	1744	3129.15189	40.31678793
160	2623	2229.982403	67
163	3243	1979.63928	63
164	792	977.2911183	33.81608925
170	1709	877.7425601	87
172	3989	892.0006678	77
173	3868	966.8835779	92
174	4384	1252.189665	32.36180563
176	1587	824.8081329	56
180	1872	3743.450089	65
182	3445	1238.911726	27.74696714
183	2936	3634.576304	29.63817606
183	2992	3487.181912	32.36180563
187	1661	4172.957804	60
188	4161	1351.149108	42.1285547
189	2438	1102.547513	66
190	2597	926.6208889	81
195	2362	1199.34946	83
197	1235	791.9813032	103
199	2601	1556.409516	50
202	3273	1964.946147	50
204	1770	2824.93148	69
205	1074	392.3569009	95
205	2263	387.7559772	101
205	3188	600.5109578	77
206	873	912.4614569	36.92365229
207	518	550.435488	110
213	927	1273.166186	90
214	3864	1607.607802	54
215	3673	668.4041492	45
216	1943	476.063854	102
216	2489	633.3114685	83
217	1664	2348.985027	52
218	1215	1286.865708	58
220	2518	3121.268442	54
224	2439	1363.939871	79
225	2836	990.5399862	102
226	852	700.9928672	104
228	2626	598.8742832	75
229	1437	448.8407127	94
230	1901	621.0094453	74
231	4260	544.1392081	147
232	2365	323.2269252	86
236	4042	1033.217088	64
238	481	376.1097604	80
244	3600	1131.074749	61
246	2905	1576.00909	64
249	607	1545.645677	60
250	373	3262.958988	37.7441779
250	1653	3696.282483	33.81608925
251	1977	2241.882236	34.5675579
252	1900	319.9300501	187
254	469	1959.174865	81
257	1644	1036.604557	67
258	677	458.0295422	99
258	1011	351.0419175	120
258	1461	503.340282	83
258	1915	529.9343472	82
258	2849	411.3207224	102
259	2836	1136.963017	93
263	3124	206.7039114	213
264	1628	1249.826378	49
264	2161	1974.8287	46
265	4028	865.2030676	36.92365229
268	1036	1399.119003	85
273	753	1409.094298	78
274	4355	1454.594218	64
278	3748	2028.574831	53
279	1135	6345.80792	48
281	4271	405.3942686	82
283	4277	1118.25994	61
286	3391	1477.792837	72
287	3205	2527.945127	38.58293741
288	677	479.4591129	97
288	1011	554.0842665	84
288	1461	467.2351992	95
288	1915	531.9200881	87
288	2849	391.8403389	108
289	1128	1217.793835	70
291	1518	498.4736111	84
298	3639	2185.74066	59
301	2196	6009.451506	49
302	789	1566.364362	37.7441779
303	2194	264.248902	120
305	3886	4564.044113	51
306	3306	435.5206473	59
308	2318	2532.019561	51
309	435	1301.498354	62
310	2646	608.0022625	102
311	3535	245.515414	95
313	2834	687.333769	63
315	1340	1076.238504	80
319	2475	2733.672281	62
324	2920	3176.566299	33.08095687
325	3495	1099.588499	63
326	947	1113.898691	91
331	338	266.4790098	120
332	698	1542.371885	101
333	908	1491.802338	58
337	4037	384.6916594	36.1209642
339	2910	310.7360042	59
341	1835	2695.187185	38.58293741
343	339	1658.770653	53
344	385	4553.335076	14.99500512
345	815	1201.374497	73
346	1652	1112.332734	82
348	3147	747.8329929	90
349	440	1695.80277	55
351	2616	585.9609618	100
351	3736	620.2795544	95
351	4313	424.6929285	117
353	3595	1179.389965	46
355	1481	321.0702196	86
356	882	2516.498009	67
357	2451	220.7491298	148
357	2693	189.3943812	171
357	2904	194.1061895	168
357	4214	185.6558768	160
358	145	722.5754077	60
360	3724	754.52787	86
361	1060	1301.862948	72
362	2177	2905.298681	42.1285547
364	2876	279.2325438	128
364	2899	243.4436137	138
365	916	886.2376693	72
366	3086	546.0017043	141
366	3463	373.3607281	152
368	3102	888.5316657	102
368	3770	867.3936248	94
369	1987	1624.541574	68
371	1001	424.9916993	76
371	1613	406.3814256	79
371	3390	418.4669675	75
373	1434	303.6220936	146
374	3321	1146.320973	91
375	4164	3389.32229	30.2968022
376	1490	1308.864609	75
377	3544	1517.700982	52
379	1862	528.9715932	147
381	2547	777.5549021	80
385	780	331.6489135	67
386	3963	269.3752919	152
387	575	2143.477324	34.5675579
388	878	1107.38269	105
389	905	1794.818181	36.92365229
390	449	1534.743095	112
390	900	1496.287067	113
390	1198	1602.605498	111
390	1555	1459.117101	117
390	2192	1528.424186	108
390	2205	1549.585261	114
390	2674	2046.233888	95
390	3240	1555.496192	112
390	4231	1571.197004	111
391	522	1237.868107	37.7441779
392	2501	2932.092748	55
394	512	235.2047797	141
397	2168	7473.537565	14.03817541
399	3982	3858.429094	63
401	2332	810.2787941	101
402	925	1057.721964	66
402	3947	1082.602879	60
403	153	1212.846416	78
403	2152	1198.204096	79
403	2191	1215.534541	79
403	2954	1210.999561	79
404	32	4937.33501	51
405	547	536.6567399	112
408	4145	217.7823029	122
411	1281	1877.808562	22.76709704
413	2030	1346.018088	64
414	1034	2666.195405	41.21271655
415	2074	1931.143031	59
420	3826	1433.263807	32.36180563
422	9	1677.101488	71
422	1623	1681.442678	71
424	2851	544.2851839	104
425	1253	1377.036096	53
426	3317	467.7207247	147
429	1626	455.9649309	157
430	188	569.3376378	91
430	2967	570.933228	89
430	3903	566.0184057	94
430	3933	530.4569397	92
430	4025	609.2592426	89
431	3551	771.5471756	58
432	3562	2115.653852	48
434	1306	829.9596427	136
436	497	688.331037	49
439	1370	2337.38529	24.859302
441	2164	1264.081929	65
442	687	1832.287332	64
443	2558	673.7824921	37.7441779
444	3852	192.9804978	82
445	3438	2173.911638	42.1285547
449	3941	239.1489722	182
454	1238	1456.10286	52
456	3167	1560.479023	50
457	2410	727.2008208	90
458	3680	728.243282	86
460	648	372.1428618	115
460	1362	258.3257849	147
465	164	194.6921434	93
466	3829	1809.70489	50
468	1058	661.9086025	57
470	2858	1426.462219	93
472	1732	767.5692945	64
474	1412	524.0505518	87
475	1537	822.8011224	69
477	1457	422.2107404	74
478	3628	2001.20756	76
479	1738	1065.344573	83
483	2457	497.9027577	54
483	3319	458.2218279	64
483	3481	468.9507695	69
485	3844	1232.085825	66
488	4257	1172.541257	44.02173913
492	598	2096.132396	65
500	3260	1217.288708	88
501	2335	987.1990731	57
501	3522	861.1358697	67
502	1415	366.2299801	141
505	2260	1555.600509	62
508	2741	1023.687111	38.58293741
510	4047	980.2442466	100
513	181	2874.201547	63
518	3368	552.9468286	37.7441779
521	1521	1353.889283	96
524	304	1280.900905	41.21271655
524	2284	1333.639378	32.36180563
525	68	521.7084748	72
525	3122	624.4443896	60
526	313	961.8551768	65
526	986	987.7183941	62
526	1405	1032.435102	59
526	1694	1029.171438	62
526	2250	964.7192575	66
526	3467	990.8211611	63
526	3716	1034.943758	60
526	4039	977.1730319	62
526	4255	1161.443329	50
527	1075	1215.076449	50
527	1278	1166.294426	54
532	3400	619.8016773	25.41173093
534	525	573.1093251	109
535	3938	3721.135919	24.859302
536	3629	464.8939153	135
537	2057	285.6768272	111
539	2670	194.4364557	224
539	3603	264.0408464	217
540	3531	698.2003975	122
545	3509	869.3383639	114
546	360	365.2270613	95
549	287	1281.999303	34.5675579
551	3404	2804.63297	27.1437722
554	205	4055.971446	48
555	26	1178.784072	13.73299768
556	1874	447.6044924	128
558	2480	253.8637405	114
561	1510	1418.811728	69
562	3230	377.8076766	141
563	1955	307.880683	185
564	2918	619.7753538	91
565	437	268.148765	81
566	2700	659.5085912	96
566	4237	867.3292736	78
568	3877	832.5476448	48
570	2966	1402.019905	53
573	2828	639.5700079	103
577	1581	947.9422716	84
579	1177	258.1093926	221
579	3737	287.2627368	209
581	3417	3161.702621	34.5675579
582	4208	204.5125229	128
586	2917	359.6945872	96
588	2902	1872.759833	36.1209642
591	525	576.8663799	109
595	2802	1472.97625	93
598	1023	579.5533829	45
607	4321	847.7728548	64
608	934	501.971497	142
611	3133	1195.560628	63
612	1072	227.5240746	121
613	2252	2252.690737	50
614	178	352.6863846	94
616	936	460.3010698	120
616	2195	573.1329414	106
616	4048	490.3718592	111
619	1740	609.3371534	49
623	584	204.7450645	195
626	2697	952.3536454	22.27216015
627	1426	387.6839565	95
627	2380	440.1606513	93
627	3380	396.0215943	93
628	1015	2511.026316	61
630	816	2934.070074	95
630	2102	2730.938237	101
633	929	1047.295108	102
636	2141	545.5580099	101
636	2379	628.94682	84
636	3415	501.6772929	103
636	3482	486.4131122	101
639	229	646.6096243	53
641	574	440.0913155	60
648	3098	235.6174935	81
649	2465	541.9978847	109
650	4118	898.0119954	84
655	4338	3262.438239	28.36356641
656	823	1134.231725	35.33572585
657	1571	1247.3879	47
658	2640	577.9814335	46
659	3125	2118.953159	62
661	2656	1044.828099	63
664	10	1101.724681	71
664	2181	1355.266762	67
666	153	1189.71528	79
666	2152	1175.093543	80
666	2191	1178.543464	77
666	2954	1173.914661	77
668	2308	5682.15904	36.1209642
678	1639	1002.840341	62
680	3151	1390.379024	69
682	2510	1155.461301	58
683	3968	879.2095369	104
684	2682	474.7040138	44.02173913
685	1183	765.6504633	80
685	3393	914.405147	71
688	4057	553.6356374	80
689	1795	2835.297292	40.31678793
691	3368	592.1601138	35.33572585
693	1409	2777.810762	47
700	1111	251.4030985	63
700	1315	337.2109584	45
706	1580	391.293331	147
708	1496	1589.550561	51
709	1792	1830.593005	24.31888239
710	323	331.6432082	78
711	509	3434.555469	41.21271655
716	2816	811.1641942	94
717	3796	3409.255145	48
720	2141	557.0539819	92
720	2379	376.313505	122
720	3415	444.5366175	111
720	3482	541.0191758	97
722	1061	857.6880923	106
724	624	2145.950416	48
725	614	1143.93154	76
728	2462	2571.863292	47
729	1685	689.9239111	36.92365229
731	445	1043.428856	85
735	842	472.7370631	92
736	4350	243.8384451	143
737	2782	270.182442	132
738	340	691.6025668	66
741	3293	4526.086881	23.79021103
744	425	2206.434024	51
747	1638	913.6734915	84
749	2571	424.4439917	119
752	1616	1219.188836	56
754	4206	1216.598212	55
756	2148	1598.94128	87
757	4369	617.2904656	112
760	1903	1339.218522	61
761	1074	339.0248951	110
761	2263	549.0126651	89
761	3188	474.2180776	90
762	2504	420.2089579	168
763	2567	356.1712647	197
763	3029	331.1748655	201
763	3581	209.6533567	232
765	3916	330.2799947	156
767	152	883.287263	126
772	1433	212.8087629	76
773	2717	1162.429375	43.0647448
774	681	225.5472668	145
783	298	1680.412393	60
784	1425	1347.518346	74
785	222	1024.582419	98
788	1291	2053.420977	55
790	3865	1349.628237	72
792	70	1512.327487	16.01705151
796	4186	3328.770254	44.02173913
799	959	1860.22302	60
800	4003	381.6471641	67
801	3560	920.7643577	40.31678793
804	3018	988.5950289	80
805	3777	1228.693484	48
809	3159	988.9365061	58
811	1449	948.7674213	38.58293741
815	3948	2717.399444	44.02173913
817	3199	2190.210567	81
818	3599	608.0780322	106
819	2301	3327.983439	67
820	1996	813.1306901	85
821	4220	329.8557742	66
822	124	1940.829143	43.0647448
823	125	2365.33367	34.5675579
825	1488	792.6612564	111
826	3042	1473.230814	88
828	3392	3488.691492	52
830	1859	2821.51347	59
837	1827	3913.262201	66
838	446	1160.310786	63
839	1538	760.9874908	69
841	3890	481.1019805	137
844	2768	9303.700502	19.52047734
846	3783	796.8915061	96
853	3424	3486.898872	35.33572585
854	4383	1203.177577	73
858	166	316.8395365	144
858	3249	357.1403341	133
858	4177	380.6087833	129
859	4027	1658.803114	65
860	4133	427.8186024	87
861	3221	249.9633047	116
865	644	994.8056291	52
865	1601	887.8482004	61
867	3047	222.903677	135
868	1131	658.0857512	137
868	3052	598.6252273	140
868	3884	641.9282394	145
870	2368	850.858	61
871	1296	184.5653481	167
872	3468	288.2717883	127
873	2795	209.5815722	126
874	4238	2835.891305	71
880	3608	538.4554192	93
881	2689	243.3573122	109
885	502	813.0171467	131
886	2335	1042.412739	60
886	3522	966.0932844	59
891	3846	346.0419136	36.92365229
894	2656	997.4036563	69
895	3663	594.6596228	96
900	1849	202.9700707	206
902	1408	480.6461498	77
905	212	2393.071576	35.33572585
907	528	473.4807483	91
907	4396	464.9990707	88
909	1660	804.1997053	105
910	3237	1194.796333	66
911	549	1404.346711	67
911	653	1472.789748	64
911	2294	1504.520502	63
911	3821	1341.127283	68
911	4117	1441.180008	65
915	4390	660.8988144	51
916	3056	1169.90213	112
917	4268	1760.402928	101
918	1491	1294.372691	60
921	2980	206.5995811	116
923	1610	2797.363652	49
924	3410	234.6541788	148
930	307	1789.603728	49
932	3150	762.7374342	66
933	2016	845.6341403	92
934	520	248.897309	165
940	3280	2507.927938	30.97006447
942	2202	213.873719	132
943	1533	776.2114938	126
944	3857	1040.083275	92
945	4322	906.2056391	84
946	299	1086.18086	42.1285547
947	167	852.3518632	89
948	1702	2172.725997	32.36180563
949	581	478.6282211	120
957	3723	1894.519944	60
961	516	457.2459118	105
961	875	444.1707179	107
961	913	688.4041928	90
961	1983	390.5634707	113
961	2081	618.1336052	101
961	2201	503.4334865	111
961	2316	463.2842625	99
961	3176	434.2308225	114
961	3331	486.0728065	108
961	3929	380.4995709	127
967	1304	2784.767311	49
970	279	468.0245264	98
974	215	358.9737457	83
975	1902	1616.250563	96
979	2760	2034.82863	70
981	3263	713.7348132	88
985	4363	565.5753253	66
988	2435	1587.332428	63
989	1294	481.4412936	144
990	525	574.8287356	109
993	3858	849.6634327	91
1000	1911	187.9722534	184
1002	2708	1144.033083	62
1003	71	532.6400491	40.31678793
1003	4296	569.9650902	33.81608925
1006	153	1222.460174	77
1006	2152	1207.767864	78
1006	2191	1211.669083	75
1006	2954	1206.958727	76
1008	2447	1256.475832	44.02173913
1016	883	978.4594848	115
1017	132	509.4131089	83
1021	3889	1091.27768	102
1022	4204	365.735146	152
1023	702	1995.508942	49
1026	1258	3306.567297	46
1027	3661	436.7463176	76
1031	655	345.5978711	76
1034	525	596.2310999	106
1037	1343	882.3083172	73
1038	3611	400.7341604	90
1043	580	336.3828116	97
1045	3703	1241.599177	40.31678793
1046	1064	1089.629028	105
1047	1446	1033.44254	36.92365229
1051	2311	207.9251343	149
1055	1711	3712.812604	33.08095687
1056	105	2516.900843	47
1057	436	649.9285173	86
1058	2037	1055.969591	64
1061	2326	576.3382501	95
1063	3501	1248.325733	82
1069	3346	1156.560227	89
1071	935	857.7569416	95
1072	1810	1550.439673	45
1073	1531	236.077092	82
1076	3398	363.8538334	107
1079	638	1935.8139	43.0647448
1080	1124	1665.701881	94
1085	394	738.6194181	110
1085	1352	795.891963	107
1086	468	931.3552534	93
1087	223	965.8029069	72
1088	928	667.7654838	82
1090	2521	522.2592366	88
1092	199	909.303448	53
1092	2928	998.8931416	46
1093	3511	4375.283104	61
1095	1353	1419.126007	48
1097	210	834.2957851	105
1098	3140	355.1334494	129
1099	628	795.8332175	65
1099	2371	809.9269182	60
1100	4384	1242.89013	33.81608925
1102	1272	971.3931634	52
1102	3530	777.2532948	66
1105	862	331.493173	144
1105	2937	347.8281918	134
1105	3538	341.9565507	139
1106	3103	365.2938193	40.31678793
1108	140	2160.911633	66
1111	2883	1532.950452	51
1113	1514	1045.728482	14.03817541
1117	3905	1188.931252	95
1123	4098	523.6366662	83
1128	1771	1839.223862	54
1129	230	467.5173899	64
1131	3488	1971.247992	50
1133	4065	1034.737572	53
1136	2700	585.9994066	103
1136	4237	905.7382206	71
1137	2108	1407.620369	69
1138	2777	5962.90554	43.0647448
1144	3427	682.9637221	117
1148	186	891.5263216	114
1148	2441	961.7522817	119
1148	3995	895.7248072	122
1149	933	2661.878157	46
1151	1080	2176.065474	33.81608925
1152	1186	521.7599202	87
1154	313	1039.600226	61
1154	986	1072.731241	56
1154	1405	1006.731668	58
1154	1694	1064.718868	62
1154	2250	1085.811194	58
1154	3467	1069.121945	57
1154	3716	1152.292095	55
1154	4039	979.2353555	65
1154	4255	1143.395378	54
1155	1608	1113.079519	69
1157	3532	343.8959405	77
1158	4354	596.1572533	114
1160	4263	797.7482744	109
1161	38	648.059336	49
1161	1184	640.5275374	44.02173913
1163	101	3533.890233	41.21271655
1168	732	570.9020138	93
1168	2027	490.58522	97
1171	3202	1456.417067	80
1173	3636	1168.133774	20.39769385
1174	1096	2993.732872	75
1175	2770	885.1705029	44.02173913
1176	3635	742.2782763	73
1178	2057	256.793744	118
1179	2407	680.6948558	37.7441779
1180	3624	553.9125617	116
1182	2315	259.8052727	144
1186	1593	2160.49429	47
1188	4167	2232.920617	50
1190	2743	1328.80066	25.97643606
1193	2891	279.4876192	206
1194	1523	3434.425447	39.44033602
1195	1922	913.0796722	97
1196	1186	633.6123448	80
1197	4190	1370.587124	64
1198	3161	4852.914902	49
1202	3358	697.9706231	115
1205	3411	393.8681131	76
1206	1341	895.1195156	82
1209	3336	2155.74564	76
1212	1297	1247.83257	45
1214	3791	305.284956	113
1217	1257	1812.930686	86
1218	1301	1838.023652	109
1219	3640	1515.231056	47
1221	559	4667.035112	49
1223	1066	1156.39741	17.48895434
1224	3381	545.7250734	87
1225	786	7555.295528	33.08095687
1226	2335	678.3494406	77
1226	3522	716.3265799	63
1227	87	420.1759695	180
1227	1300	438.3548422	180
1227	1440	414.2148883	176
1227	1798	481.0580933	166
1227	2032	458.4791337	168
1228	2505	632.9536955	93
1230	2474	3199.980699	77
1232	3487	1913.538734	81
1239	1327	285.4195831	102
1241	1026	2465.400852	17.10875968
1245	4340	572.0075706	89
1248	489	911.9529164	70
1250	565	1337.800357	60
1251	1968	3068.038258	73
1253	3172	755.381325	79
1255	2184	595.1437134	60
1256	1992	1657.856738	85
1262	1453	1117.073275	71
1263	2593	1691.991708	61
1265	1824	1431.903341	38.58293741
1268	4121	216.2624039	80
1269	227	972.4604794	117
1272	1320	965.7054643	43.0647448
1274	254	1076.170536	71
1275	2884	1300.693558	38.58293741
1278	3504	829.9395528	72
1279	2585	598.7529885	96
1283	546	1591.112729	45
1284	821	630.5937964	93
1285	363	479.1362307	75
1287	2292	1300.127613	57
1288	2147	966.964492	128
1290	408	431.4485542	38.58293741
1291	1213	512.5915885	89
1293	3645	186.2835001	153
1296	3559	1395.544337	47
1299	1105	941.4644607	66
1300	3025	541.4319946	104
1300	4202	492.1331467	114
1300	4299	512.8151333	113
1301	3686	450.3905984	134
1304	1267	1167.310675	73
1307	1877	756.5458579	72
1310	2472	632.5924728	119
1312	2386	1054.487926	100
1314	306	7902.198436	53
1315	449	2661.287728	77
1315	900	1337.403555	114
1315	1198	1440.505889	110
1315	1555	1523.139612	105
1315	2192	1735.924273	94
1315	2205	1520.126147	105
1315	2674	1492.038849	106
1315	3240	1526.544355	117
1315	4231	1738.941935	95
1319	1181	188.4586563	142
1325	4367	948.9993427	100
1326	1292	2079.897675	38.58293741
1326	3842	2227.525873	34.5675579
1327	639	2447.687391	34.5675579
1329	376	4699.21835	30.2968022
1330	2675	3935.327108	30.97006447
1331	172	912.4439313	94
1335	673	457.3497934	128
1338	4241	673.2839808	16.01705151
1339	981	197.0796045	179
1340	413	415.131121	155
1341	1999	497.6636232	80
1344	3604	2577.411135	55
1345	128	1840.381365	44.02173913
1348	77	387.3564058	121
1350	1095	299.4699279	92
1352	1760	264.3883047	112
1355	945	2819.029843	78
1360	1802	1239.486976	51
1362	3598	2214.34664	34.5675579
1363	2008	2886.816204	36.1209642
1365	2927	428.6193558	114
1367	30	1047.111037	79
1368	2370	1196.393053	87
1368	4142	1398.267527	81
1369	1576	1733.896071	96
1372	3626	840.445521	101
1373	3720	3837.205828	58
1375	1417	681.2415459	24.31888239
1376	4006	542.6880684	104
1379	310	402.8384379	137
1381	4334	762.8553389	103
1382	541	2136.495263	33.08095687
1383	3574	1547.241011	88
1385	1986	518.5528212	135
1388	2731	1714.173475	101
1389	3051	2155.869444	50
1391	3285	519.7594302	105
1392	1755	3459.835871	64
1393	2665	1937.745079	48
1394	392	315.0557292	99
1394	2833	312.8485516	100
1396	817	1578.060376	46
1402	1699	3104.732876	34.5675579
1404	2375	198.8166624	175
1405	349	788.5460254	108
1406	2477	767.0718251	101
1411	2140	3103.691029	61
1413	4105	224.8713491	142
1415	2915	2610.950575	21.31433096
1418	1402	2442.956418	43.0647448
1420	932	361.9235039	120
1420	1579	301.3786968	127
1421	677	437.3041395	105
1421	1011	514.5357653	89
1421	1461	515.5792073	85
1421	1915	507.8083098	89
1421	2849	385.3226224	104
1424	3347	479.810469	88
1429	3921	1933.972698	72
1431	156	2908.257983	43.0647448
1432	1052	365.0249823	117
1434	1452	310.4814812	141
1440	3772	529.1007242	116
1441	2939	182.9535453	174
1442	2457	441.0580465	54
1442	3319	406.6598132	60
1442	3481	423.131452	63
1444	4043	762.460944	98
1446	655	400.6603833	59
1447	2748	728.0826175	111
1450	807	535.8756324	93
1451	3398	367.676819	106
1452	42	233.325138	188
1455	1729	494.3076905	65
1459	1721	934.0308465	59
1460	525	597.9740363	109
1464	2269	6085.877353	21.78798276
1470	1742	433.324021	69
1471	1932	961.3546493	71
1472	4311	2650.136445	48
1474	1920	1187.843617	58
1475	275	744.867725	81
1478	555	471.4683905	96
1482	3459	228.5823058	125
1484	1858	1551.008908	67
1490	2345	381.7308778	81
1491	3612	915.8128304	78
1493	3292	2569.723247	33.08095687
1495	3898	3837.97906	25.97643606
1497	1164	572.1690713	115
1498	2433	1207.313688	47
1499	232	2978.14954	54
1500	4191	496.2694329	138
1501	677	330.6888758	114
1501	1011	321.8773702	113
1501	1461	311.1614248	117
1501	1915	337.4582201	108
1501	2849	489.4082464	80
1502	1502	1409.857192	55
1504	3143	1327.849476	74
1506	3848	864.9661656	101
1507	1759	959.0461622	33.08095687
1513	3571	788.5845544	118
1516	2893	436.2603219	73
1517	3932	1871.23473	66
1520	438	435.6113438	76
1521	247	364.1718845	101
1521	1494	346.8181821	107
1521	2963	349.743452	106
1523	1727	302.0709634	155
1523	3634	399.713785	153
1525	4005	1511.834119	55
1526	2636	4204.07715	26.5536902
1529	136	1611.70078	36.1209642
1532	384	1489.579142	42.1285547
1537	3276	927.6970633	65
1538	521	223.0870762	127
1538	3523	238.3395748	128
1539	1658	193.8478076	163
1548	3315	427.1514173	164
1549	2635	3184.153276	20.85097594
1550	3925	915.1923033	83
1552	1318	2756.910093	61
1555	1014	861.0186367	84
1555	1436	761.9600586	84
1555	2785	821.4874614	82
1555	4024	856.7986858	77
1556	2545	296.6507882	198
1557	3227	2100.619313	74
1558	1228	1983.814053	55
1560	2094	1387.727097	60
1563	2197	1727.57517	52
1564	2853	194.3944152	122
1565	3585	229.5509554	221
1566	420	422.1817477	74
1566	3030	407.539089	84
1568	1927	228.4909256	71
1569	3203	2271.497849	39.44033602
1570	2059	2379.423622	50
1571	405	1684.140786	72
1572	3420	605.5066298	170
1573	2381	285.5255426	160
1577	1010	1113.244043	107
1580	435	1339.821529	59
1584	1201	1969.542386	72
1585	3946	3503.985578	48
1590	195	1196.827963	71
1593	1964	896.2532757	85
1595	1970	1056.072773	56
1597	1913	1983.660304	55
1598	4162	4754.650606	38.58293741
1599	3039	1551.66233	103
1608	3027	640.8670737	83
1609	2349	571.2918382	121
1613	730	748.5751641	75
1613	1062	782.0121182	76
1614	1534	3949.267997	49
1615	3320	4232.116221	29.63817606
1617	4324	1361.393294	48
1618	4062	3621.264919	48
1621	2101	938.4880452	91
1622	551	451.5402662	117
1622	1054	445.6075793	121
1627	3153	481.1199789	87
1631	3583	1781.728906	53
1633	2921	3320.626036	23.79021103
1636	1233	1508.041738	60
1642	4303	1186.761098	85
1643	384	1660.151371	37.7441779
1644	134	586.8180085	71
1646	2668	689.1309264	31.65828812
1649	3410	346.7500608	136
1650	1865	4260.408442	33.81608925
1652	3403	908.9354911	33.81608925
1653	3301	481.6793193	103
1657	637	224.9137411	213
1659	471	560.135438	79
1660	3059	813.4528647	64
1661	600	933.5253607	14.35013486
1661	1829	1064.685134	8.655928707
1662	2415	2517.453678	55
1665	3101	2512.754705	23.79021103
1666	4331	407.0831916	131
1668	3638	2673.005447	43.0647448
1671	3852	194.2730464	82
1672	3883	654.8729582	65
1673	3681	1421.1997	114
1674	2680	286.1263423	52
1677	1836	505.9188416	133
1677	4046	463.2719149	135
1680	1974	3762.711451	70
1681	1265	1487.885996	66
1684	3198	4467.283995	36.1209642
1685	1619	400.4211186	83
1686	603	370.3624671	150
1689	2968	1308.07903	65
1690	806	3318.049657	36.1209642
1692	3286	221.5845871	158
1695	1024	183.6560266	195
1698	1188	1248.922412	90
1702	4343	1108.597819	68
1704	1726	2696.03336	75
1706	1503	379.259909	91
1707	2257	1009.402842	63
1710	44	1237.166596	67
1711	3676	915.1162586	50
1713	3805	526.8017694	92
1719	454	2660.981062	84
1721	3485	794.0878879	36.1209642
1722	1120	336.8961283	101
1725	1106	284.7779123	148
1725	1286	391.3107505	122
1725	3247	285.8328433	143
1726	1065	2133.92323	54
1732	2122	1611.74028	59
1733	2995	1810.257295	57
1734	736	406.4494545	72
1736	2850	1216.031482	31.65828812
1740	3134	385.8889193	45
1741	2913	2430.947458	30.2968022
1743	2854	1745.88702	27.74696714
1745	4171	410.760047	111
1749	3990	1034.099256	79
1751	171	215.0405811	148
1751	1575	363.8566655	113
1752	4	642.7057673	70
1753	4344	737.6552302	62
1759	1042	3694.389985	26.5536902
1760	1586	807.7009485	40.31678793
1762	1517	694.2414513	110
1763	677	414.0626222	107
1763	1011	408.9240292	105
1763	1461	361.6134864	115
1763	1915	385.3167419	111
1763	2849	355.2867517	110
1764	290	1299.790495	53
1765	123	2455.796558	58
1766	1403	5355.752298	38.58293741
1767	3289	546.2408718	44.02173913
1768	3684	2269.841534	28.36356641
1769	746	1030.638243	56
1772	460	501.0438543	109
1774	1059	336.1106953	126
1776	769	370.4165022	121
1777	4262	364.762678	109
1781	4385	360.0436667	131
1782	1239	3596.862292	17.10875968
1787	1355	219.6264297	138
1789	696	551.6705736	79
1792	318	1927.564345	59
1793	966	3060.381605	40.31678793
1797	1170	2843.360096	5.701020867
1798	3385	1706.971129	63
1799	700	3039.945268	31.65828812
1799	3120	2975.114711	33.08095687
1800	3376	1928.443056	52
1806	1893	2029.84709	60
1809	420	219.5057502	122
1809	3030	282.9389517	93
1811	88	750.4737728	70
1812	1637	792.8818653	194
1814	1994	3719.560138	51
1816	1559	885.1436215	91
1817	4044	945.9289379	46
1819	1460	1610.931575	24.859302
1821	367	901.1700319	81
1822	1703	1192.520269	85
1823	974	959.148287	43.0647448
1825	3731	302.853135	102
1826	1371	1118.2115	69
1828	3600	1130.716411	64
1829	636	1278.17425	90
1830	887	1725.393068	63
1831	1444	688.7592659	74
1833	150	1548.066996	89
1833	1547	1758.344518	79
1835	570	1478.23978	27.1437722
1836	2164	1289.752929	69
1837	1935	585.2389584	166
1839	3670	729.8686244	114
1841	2714	892.8683395	71
1847	1044	2646.926515	36.92365229
1850	1183	708.3362688	74
1850	3393	822.1372842	78
1853	3567	733.844334	114
1854	3021	2201.244706	48
1855	3382	968.6336973	86
1857	1678	1020.080265	60
1858	2645	958.3581037	101
1860	4349	1921.772351	48
1862	153	1207.917567	78
1862	2152	1193.250626	79
1862	2191	1196.955086	76
1862	2954	1192.278321	76
1863	2922	618.0402995	95
1866	1765	2960.348212	29.63817606
1867	2570	318.9557775	126
1870	4329	2178.04114	44.02173913
1871	1001	331.2341122	101
1871	1613	320.5220203	100
1871	3390	327.1732608	98
1872	1202	2226.207856	35.33572585
1872	3896	2221.628631	35.33572585
1874	179	860.6593766	107
1877	2787	3993.885365	42.1285547
1879	701	912.6178728	121
1881	1030	826.003038	102
1881	3988	733.162799	111
1883	503	953.1646406	63
1884	3339	1137.516483	89
1885	1790	1590.757663	59
1886	2141	556.0579064	96
1886	2379	448.5069834	109
1886	3415	469.0786562	100
1886	3482	536.7921197	100
1888	3957	2178.474043	57
1889	3743	615.1923927	63
1890	3979	697.2318427	52
1892	727	956.7870569	3.923577417
1893	4079	557.3547268	83
1896	4256	642.2471181	100
1898	766	1087.752503	118
1899	2813	2049.698818	55
1901	3610	2666.188043	53
1903	1787	3338.004561	25.41173093
1904	717	507.7642586	124
1908	1326	489.8963478	90
1910	3619	520.4889101	29.63817606
1912	1144	2232.90928	53
1913	754	810.1332584	53
1915	1605	1808.426683	51
1917	3491	1257.541854	49
1918	4384	1254.550575	41.21271655
1923	3849	649.5573677	64
1924	2070	2210.173238	41.21271655
1925	3672	430.0952419	104
1926	2894	228.6456417	194
1928	845	702.3375054	125
1929	3117	617.6225018	23.27303253
1930	685	1451.827056	73
1932	2878	2820.115746	58
1933	2912	1082.794142	83
1934	3272	2435.152879	80
1937	476	1515.840589	48
1941	3078	1063.830655	59
1942	791	437.3034026	59
1944	794	402.3364997	118
1945	4213	997.2010501	70
1946	1256	1639.15185	28.36356641
1947	1747	1232.907095	27.74696714
1949	1130	2215.35356	47
1951	98	615.9908883	147
1953	1567	891.9436905	99
1958	2639	222.9783481	167
1960	4243	364.2806903	142
1961	330	930.8645758	60
1962	4225	232.6935214	115
1964	315	551.0118339	76
1966	2753	1345.28669	56
1969	2146	1586.516122	58
1970	2279	1611.205971	95
1973	1658	181.3796857	175
1976	1432	937.9028964	89
1977	252	1351.884242	65
1978	4219	217.8242365	119
1981	841	400.6307392	120
1981	1148	439.8243981	100
1981	1814	317.3672609	120
1981	2983	493.0616924	97
1981	4402	329.4471713	122
1982	3116	3446.495759	36.92365229
1984	2437	2340.861863	60
1989	1530	371.4170297	135
1992	558	3707.727298	32.36180563
1993	1665	3000.69073	74
1999	1584	217.5278131	93
2000	2513	2187.753121	13.43445426
2001	3220	598.3735663	75
2003	3549	1180.227525	72
2009	2245	596.318733	77
2011	3061	933.6538177	19.52047734
2012	3332	4935.076769	62
2013	2831	3141.688522	44.02173913
2016	461	889.3463761	166
2018	4182	3653.984894	41.21271655
2020	2607	3472.971108	45
2022	1004	2627.431159	28.36356641
2023	893	2052.548444	46
2024	3207	677.6127339	25.41173093
2025	3162	445.2565512	101
2026	963	3625.623339	56
2028	3325	5547.139471	43.0647448
2038	1128	1133.134743	69
2042	3321	729.0895455	108
2046	455	313.427587	111
2046	3232	377.702071	95
2047	3590	656.425828	45
2048	3645	186.2835001	153
2049	2125	407.8420437	104
2052	623	680.5061247	80
2056	3860	957.8623668	81
2067	3040	4830.699119	31.65828812
2068	1666	1517.409352	90
2069	2204	415.5260258	89
2070	906	2057.431259	40.31678793
2073	3363	260.6548645	48
2076	989	774.1462021	103
2077	3398	365.1727593	106
2078	4193	1791.984511	67
2079	610	380.3560848	100
2080	684	917.4215639	29.63817606
2082	2086	3128.633194	35.33572585
2088	851	516.2584291	65
2092	1926	358.6761203	112
2096	449	2146.726995	87
2096	900	1782.790808	98
2096	1198	1979.559605	95
2096	1555	2052.557485	91
2096	2192	2043.431799	89
2096	2205	1952.403562	96
2096	2674	2251.106944	87
2096	3240	2030.50897	92
2096	4231	1997.269949	90
2102	1057	347.4021646	51
2107	550	876.3403756	52
2108	4318	3516.159438	30.97006447
2110	548	3897.512243	32.36180563
2113	513	1799.875353	46
2114	1736	835.6732288	72
2118	2649	325.2579065	112
2120	609	732.1705376	72
2122	3398	343.1886287	109
2124	3212	912.6213531	70
2128	2673	2343.028017	83
2129	321	3152.751092	19.95426572
2129	1136	3423.577441	16.37298599
2130	810	377.2641615	117
2131	2839	3510.973548	79
2133	104	231.5034766	53
2134	1228	1768.228066	64
2135	1672	1448.899487	55
2138	3131	1469.424475	30.2968022
2139	2846	912.5808234	121
2141	1016	1207.22156	74
2142	2804	1462.46795	56
2145	1988	1523.227719	56
2146	749	349.5771121	61
2147	3204	1068.788593	56
2150	764	454.7394931	95
2151	2918	791.1508095	76
2152	3822	182.1849412	132
2153	3619	492.8977719	32.36180563
2165	1423	208.244667	130
2166	106	676.0067119	47
2174	3043	617.3588592	104
2176	2746	605.7007322	135
2180	1600	1272.654222	88
2181	4074	186.1044466	132
2182	3310	451.8575908	90
2183	400	925.1386534	86
2183	4007	888.9999509	76
2186	4194	359.0308728	86
2188	1553	661.8237201	32.36180563
2189	3334	2824.402916	37.7441779
2192	976	2453.792122	64
2194	3405	1732.348544	34.5675579
2195	1139	1510.280635	67
2197	3936	1807.83705	18.68098611
2198	2721	2027.69995	56
2199	3436	1578.547141	58
2204	2124	735.1229058	53
2207	677	494.6341892	92
2207	1011	500.1938463	89
2207	1461	496.5215877	86
2207	1915	480.9211951	90
2207	2849	396.069631	101
2213	4021	1191.056374	30.97006447
2214	261	639.2538103	67
2216	2840	3409.099852	57
2218	1883	1309.896498	51
2221	7	342.1845714	104
2222	314	1483.083697	38.58293741
2223	2999	1132.086752	91
2227	1131	781.4876998	132
2227	3052	597.8906446	138
2227	3884	601.4572931	141
2228	216	1113.496987	41.21271655
2235	1871	1433.854749	62
2237	247	386.6226476	102
2237	1494	469.5963874	88
2237	2963	439.5590498	86
2238	2581	755.0797148	8.655928707
2239	708	893.3428208	72
2241	3372	1219.020239	68
2243	2149	199.5963609	100
2245	3671	247.2857917	144
2246	2848	988.6274453	35.33572585
2247	2335	678.2117774	74
2247	3522	740.8486514	71
2248	516	654.8897394	92
2248	875	531.9307538	82
2248	913	529.8872693	113
2248	1983	611.1712824	72
2248	2081	546.5345175	110
2248	2201	653.3500048	88
2248	2316	700.6972722	82
2248	3176	576.7032275	86
2248	3331	604.676399	94
2248	3929	739.6336912	82
2249	2385	771.7242936	80
2252	4119	794.8280665	65
2254	1416	2793.126298	65
2258	3471	4075.77772	18.68098611
2262	1830	734.3960229	82
2267	3909	1582.096109	64
2269	2754	1368.239549	57
2271	133	805.7477298	46
2272	1338	4257.021046	67
2274	2745	302.9283361	128
2275	416	281.4110385	109
2279	2881	762.2598518	86
2281	3889	1303.133969	87
2282	3923	579.2996661	63
2284	184	414.4175967	119
2287	1382	1296.079733	60
2288	67	621.2281004	131
2291	2398	827.4863359	123
2296	1695	553.0970219	92
2297	1718	752.5352423	126
2300	3123	1776.762034	41.21271655
2302	4169	4374.593682	40.31678793
2303	2285	1419.526683	79
2304	632	563.8363434	100
2307	3473	370.5905751	77
2308	2526	1402.171525	104
2312	2040	808.6393999	80
2314	3157	2274.231272	56
2315	313	946.5334443	61
2315	986	944.2860152	61
2315	1405	998.9564681	65
2315	1694	1071.823608	55
2315	2250	938.3495605	62
2315	3467	992.2384013	57
2315	3716	979.2521436	59
2315	4039	1013.834075	48
2315	4255	996.6661459	58
2317	3466	2898.672979	28.99386789
2320	3653	987.5484007	52
2322	2071	1241.849774	70
2329	2522	1089.613803	93
2332	116	1919.665726	46
2334	2990	761.8341317	30.97006447
2336	628	861.2272235	54
2336	2371	873.5830488	55
2340	1173	712.462806	114
2340	2976	335.4389337	134
2341	2083	890.1526214	94
2343	87	420.1197817	171
2343	1300	326.8911599	180
2343	1440	360.3288276	204
2343	1798	438.2417908	175
2343	2032	428.2827112	178
2345	4239	855.8863654	66
2348	595	640.9114181	105
2349	1578	1023.474671	76
2353	3261	1080.952672	49
2354	3693	194.0268962	142
2355	3298	1664.47859	54
2361	3496	269.4633035	123
2364	1037	1075.085608	60
2369	2119	2012.057819	22.27216015
2370	2533	522.1411044	171
2371	1933	558.0648093	139
2373	1089	1325.014465	77
2379	2232	685.1912983	84
2380	1811	4837.569498	43.0647448
2384	2762	578.0283692	125
2385	16	1989.853365	57
2387	4258	2613.457155	38.58293741
2388	978	1117.846799	65
2389	1809	301.1747661	101
2389	2482	328.5841847	118
2389	2827	350.7193927	107
2390	3542	900.9126272	26.5536902
2392	3558	667.2415405	87
2393	3601	214.5068972	180
2394	939	270.9546232	148
2398	2382	419.1969774	113
2400	3700	1291.451729	53
2401	2638	633.0988193	90
2403	192	944.086973	93
2405	1950	630.6022285	66
2406	879	3540.083205	51
2408	1218	2476.269919	31.65828812
2410	1860	2023.189711	75
2414	3457	776.1078299	60
2415	3046	2285.644686	55
2416	1595	264.5720257	121
2418	356	1362.800523	66
2420	837	3025.238985	48
2421	2444	1423.289441	33.08095687
2423	1772	1666.258266	56
2426	1696	856.4194702	56
2428	2113	1014.605211	94
2431	784	1664.752085	42.1285547
2432	1558	2811.223418	85
2438	1472	274.0973154	126
2442	1614	4959.514348	23.27303253
2444	370	1032.704457	48
2446	2572	208.825628	190
2447	3297	1062.821808	71
2452	2468	950.3305588	98
2454	1251	3817.696341	19.52047734
2455	3762	1570.234802	51
2456	1287	1701.126048	58
2459	1887	402.3767361	65
2461	2388	1263.271604	52
2462	828	1804.726002	50
2464	2677	397.1369515	71
2466	1093	813.6924309	101
2469	2360	1950.137597	64
2470	2046	1023.957194	35.33572585
2473	2377	605.056577	76
2474	770	1633.447548	64
2476	1056	727.0474636	88
2477	1410	3226.144623	57
2478	2794	2716.672299	41.21271655
2486	2333	287.6136477	116
2489	1762	731.7531274	80
2490	3128	1433.960011	71
2491	447	854.3839473	64
2492	41	663.0602954	82
2494	3254	1622.574499	63
2497	599	430.2294922	152
2497	3543	464.2694027	151
2498	4334	1134.821854	89
2500	4286	742.6622639	113
2501	3622	291.0272776	95
2503	1825	1379.23695	75
2504	2649	314.8445285	130
2505	3819	662.4423293	91
2507	2812	2642.981719	47
2509	3281	1630.069995	62
2510	854	376.3784045	137
2514	1803	692.6433647	71
2516	937	424.910934	56
2517	3006	785.4328749	37.7441779
2518	248	677.6974548	73
2519	3241	235.0377886	180
2522	516	523.8341508	113
2522	875	447.8613741	103
2522	913	932.8055044	73
2522	1983	519.1561238	104
2522	2081	864.6174276	79
2522	2201	596.8889799	101
2522	2316	534.0366607	82
2522	3176	536.8679711	96
2522	3331	533.9695954	112
2522	3929	550.9860629	105
2524	22	1154.596925	90
2528	3691	481.1461375	77
2529	2054	991.3358107	92
2530	1030	780.2010758	107
2530	3988	743.1588883	113
2532	1156	550.1969752	85
2537	2381	590.0938588	133
2539	2293	253.9566206	153
2540	890	4903.642784	50
2549	3732	1974.300826	80
2551	2459	370.0404314	92
2553	2719	623.8451879	41.21271655
2553	3627	604.6119103	45
2561	3074	269.5203823	77
2565	2259	2605.43832	42.1285547
2566	4086	692.8198553	93
2572	1958	316.8700928	43.0647448
2573	2467	1196.818836	58
2574	3003	443.9546903	82
2577	1110	524.0069559	99
2578	3359	216.9207877	64
2580	3514	983.9077015	91
2583	3206	1966.391177	44.02173913
2586	4115	2833.833338	33.81608925
2588	3695	1652.828263	84
2590	2642	1455.965181	45
2591	1715	798.1825731	72
2601	54	953.9737804	94
2601	4398	817.7252534	99
2602	1263	1333.95909	74
2603	4185	410.7311827	35.33572585
2605	2422	2279.695794	66
2606	1284	392.6914044	79
2611	3992	371.9752833	178
2613	819	2634.760515	49
2616	321	2942.313447	22.27216015
2616	1136	3086.948029	20.39769385
2618	3470	197.7763954	213
2620	398	320.4151253	102
2627	3033	1449.453435	77
2628	170	2388.584715	39.44033602
2629	3464	313.4079799	74
2633	153	1207.294924	79
2633	2152	1192.667917	79
2633	2191	1202.783519	76
2633	2954	1198.106754	76
2634	2735	2986.069489	49
2635	2014	1486.699632	51
2640	57	462.9123421	75
2643	2256	771.9443953	108
2644	4234	264.8912549	190
2646	937	259.4332755	63
2647	1926	400.3622465	104
2649	2652	1659.23402	31.65828812
2650	185	1512.661403	76
2654	129	1025.605043	57
2656	2414	1189.094811	45
2660	1076	327.5399429	65
2661	4301	228.6784114	155
2663	245	422.5031767	67
2667	1162	517.4070273	27.74696714
2669	1455	410.5512984	91
2670	662	1648.23382	72
2671	1391	2265.445358	43.0647448
2675	2007	245.8611864	95
2679	3287	316.9787618	204
2680	3444	1308.44448	53
2681	4029	1315.647348	69
2682	1939	914.8524459	85
2683	1693	1955.756234	52
2688	2139	238.6236848	162
2689	3389	589.1679239	103
2691	4159	2478.267113	29.63817606
2692	477	1343.725273	59
2693	2343	1063.744846	87
2695	846	1740.357931	44.02173913
2698	1748	815.5160719	72
2701	63	2025.101202	70
2702	1107	1237.273068	54
2707	4403	1823.31926	85
2708	203	453.9953502	107
2710	710	1839.69419	47
2711	2982	1625.009461	56
2713	4179	2167.328832	44.02173913
2715	743	226.1504806	71
2717	523	1447.217512	51
2724	3210	648.8571313	91
2725	3537	1196.639542	70
2726	1645	492.0214759	73
2728	3800	1371.271976	47
2729	1261	651.138242	96
2730	3918	4252.287824	43.0647448
2732	995	1435.518176	42.1285547
2734	4158	1857.804544	37.7441779
2739	47	1621.365079	41.21271655
2745	3441	2321.909711	44.02173913
2751	2739	2076.656704	42.1285547
2759	1048	748.6503638	131
2762	806	4047.999784	37.7441779
2763	3851	317.5907606	105
2764	914	2221.945871	42.1285547
2766	2013	2007.916151	36.1209642
2768	2461	1031.315144	97
2770	2942	2419.280068	67
2782	778	493.1751962	130
2783	529	2310.38909	35.33572585
2786	3959	1708.241146	64
2789	382	862.0861875	100
2789	1348	877.5284694	97
2789	3228	821.864528	103
2789	3997	798.5244324	105
2789	4016	842.2816284	95
2791	1209	954.5845702	94
2793	755	538.1071896	141
2796	1231	1307.775736	71
2797	1876	754.8891284	125
2797	2169	671.6117015	135
2797	4366	673.0633021	135
2798	2340	1079.107638	80
2800	604	389.138945	67
2805	4341	1615.623433	84
2806	1447	215.2500761	145
2815	97	1235.207753	76
2818	2350	424.0568762	157
2820	429	334.982441	162
2822	812	3452.309566	72
2825	1728	789.9617808	114
2825	3554	787.4737297	120
2827	4282	227.3909033	117
2828	1898	1297.529388	49
2829	1157	527.4629762	70
2830	2265	1073.909521	78
2831	3991	1585.531835	52
2832	4354	605.3594127	113
2833	262	3905.595693	37.7441779
2835	3384	2198.702687	53
2838	599	408.7043197	139
2838	3543	305.631379	178
2841	2481	1376.947791	52
2843	4197	4952.031404	46
2845	760	277.0396047	184
2848	2886	1455.022395	46
2849	1589	7756.804691	47
2852	3535	256.2949252	88
2855	3169	1705.183827	64
2859	4019	946.9893869	72
2862	3972	2752.563404	60
2865	739	474.5694884	28.36356641
2869	720	268.2426689	156
2870	197	1251.878517	93
2871	4053	1423.94126	90
2873	2896	1696.769366	66
2878	2532	221.9648284	132
2880	1866	905.6267714	54
2884	1896	383.5361087	130
2887	3780	440.1030645	92
2889	2688	965.7060953	86
2892	1691	527.3405372	104
2896	2757	1913.201882	83
2900	1891	1332.349769	96
2901	1878	326.6563555	100
2902	4351	984.0683139	61
2903	4002	2845.693552	47
2908	2275	2445.36613	59
2910	3910	1074.623571	63
2911	3662	1062.861283	31.65828812
2914	3026	2978.152586	51
2916	1544	1879.777989	53
2917	1513	385.5245481	112
2919	2694	337.5620928	118
2920	1831	1299.430626	66
2921	640	1658.58698	52
2924	699	788.8899119	64
2924	2568	693.4383012	68
2925	1220	1065.996718	102
2926	2759	423.9537036	45
2928	3902	2252.744871	38.58293741
2929	2079	2796.056454	36.92365229
2930	692	275.1104106	117
2932	4236	1098.671446	24.859302
2934	157	884.6072466	95
2935	3419	547.3566661	123
2937	543	1241.184504	54
2938	1969	1039.193593	43.0647448
2942	1206	1196.34015	76
2943	1554	317.2765241	128
2945	2918	719.8054939	79
2947	1268	330.0289337	81
2948	3335	351.5744271	204
2949	364	882.9308561	46
2950	2810	534.8543596	62
2953	1777	1642.14754	54
2955	43	3224.908828	45
2957	3862	792.2062785	98
2960	3824	6474.686782	47
2961	3675	976.0225758	79
2962	475	1537.856063	78
2964	1526	551.9686416	108
2964	3064	532.6275312	106
2964	3799	600.0043462	97
2965	373	3755.876862	30.97006447
2965	1653	3604.389318	33.81608925
2967	511	720.5507043	99
2971	2421	183.3854347	113
2973	240	1004.536741	82
2974	3093	699.0568867	89
2975	1918	439.8574698	197
2975	3493	594.5131576	179
2976	980	473.6098515	118
2979	925	1321.322779	60
2979	3947	1257.172033	61
2981	4376	595.6042762	58
2983	2826	2631.79938	48
2986	972	242.4033672	87
2989	3876	679.294794	55
2992	4336	616.9882193	34.5675579
2995	1250	1927.580585	42.1285547
2996	4315	188.0769857	191
2997	3269	206.1614066	156
2999	5	651.7115952	99
3000	3069	719.3284199	116
3006	441	3693.938539	46
3010	1175	3087.336951	33.81608925
3012	888	395.818013	113
3015	8	512.3977465	41.21271655
3016	3015	4141.325299	43.0647448
3021	1869	516.0046035	79
3027	2018	615.0143872	66
3029	1374	288.2528091	86
3030	4114	1263.125196	43.0647448
3032	239	799.388771	79
3033	309	1719.423554	57
3034	4205	526.7535412	135
3035	649	1978.414083	47
3038	1430	547.6291072	91
3041	2986	1717.644828	65
3045	1796	988.7356595	12.57720313
3046	2372	3894.790911	52
3047	3237	1170.342018	69
3050	302	1316.380152	38.58293741
3051	1592	214.8295507	100
3055	3962	2933.633548	53
3056	3784	304.4838601	82
3057	2807	558.8192111	118
3059	2189	1188.691341	34.5675579
3062	571	1516.125333	89
3063	2106	2174.541817	73
3067	3025	409.1022695	108
3067	4202	266.9399478	141
3067	4299	321.9311577	137
3068	3892	456.0809147	90
3069	493	2747.001352	54
3072	2766	313.1429433	88
3073	3109	3542.361626	51
3074	1019	2941.457347	33.81608925
3079	3637	1305.403352	68
3081	1655	6328.367248	30.2968022
3082	905	1926.201714	30.2968022
3083	2221	659.7832432	53
3087	3944	914.6196015	107
3088	439	314.65993	88
3090	1321	853.4545205	62
3094	3111	1476.440035	46
3095	3486	185.5098257	166
3096	2021	3764.981617	30.97006447
3098	3710	657.0461751	117
3101	434	1062.639922	43.0647448
3105	3370	2111.106842	78
3106	4090	335.9794039	203
3107	2907	2567.978229	28.36356641
3109	2376	496.0680593	85
3111	1506	789.9161941	60
3112	2956	2127.828216	56
3113	4125	531.7565086	109
3115	2400	865.3334379	30.97006447
3117	142	1507.918422	68
3118	1265	931.4252494	75
3119	4176	251.0270687	154
3119	4373	304.9076847	139
3122	2523	397.8406551	83
3123	2228	577.4622951	107
3123	3113	590.3507072	108
3124	2150	1224.966857	64
3126	3371	369.1907661	173
3127	3980	1405.008542	90
3129	1719	1680.623777	48
3133	1834	3171.070824	34.5675579
3138	3278	1778.345753	60
3139	525	644.328249	106
3140	2002	496.7524471	103
3140	3843	430.4304927	120
3142	600	1016.723453	11.77465311
3142	1829	1004.559468	11.02331373
3143	1014	806.0680805	81
3143	1436	857.0931918	85
3143	2785	883.1644781	77
3143	4024	793.1472396	77
3144	965	2427.786284	53
3145	3097	1768.368607	61
3146	439	330.8622134	94
3147	247	357.2257808	101
3147	1494	315.3592081	106
3147	2963	332.7653185	97
3149	3190	1228.173564	38.58293741
3150	3908	748.1067063	70
3153	3620	744.2007886	86
3154	3657	582.821181	69
3159	3214	551.102211	84
3161	2216	2720.067714	31.65828812
3162	1733	1955.519415	61
3166	3568	296.1714929	125
3168	2658	324.6477573	104
3169	3354	5501.578585	52
3170	4339	838.4181767	79
3171	3221	340.4333426	113
3172	997	1015.644143	84
3176	1463	1972.459861	44.02173913
3176	3184	2051.116977	39.44033602
3178	2750	246.7201858	168
3179	1090	2879.860621	45
3181	355	1240.212657	93
3184	3597	2995.608734	55
3190	3974	764.7191045	137
3193	1377	703.1996041	98
3194	2092	2211.008189	55
3195	2426	2283.742772	45
3196	2557	2826.961055	47
3197	1875	1657.163009	78
3199	2153	1330.450946	76
3200	3221	239.9798475	116
3202	2598	963.8766051	25.97643606
3209	1266	1821.843799	37.7441779
3211	1963	1424.135072	100
3214	4239	1005.15709	53
3215	4148	1957.923576	33.81608925
3217	2726	4394.483434	27.1437722
3219	2744	2919.311281	37.7441779
3221	1131	769.1169021	128
3221	3052	583.9102304	138
3221	3884	507.6734972	147
3224	597	457.9679999	103
3225	526	418.4726038	89
3227	938	1278.617991	91
3227	1029	1325.278296	91
3229	2000	1629.479597	46
3231	3711	1379.681921	59
3233	1040	1517.08228	79
3237	2575	607.3906484	91
3238	1302	5456.910934	29.63817606
3239	3019	935.3257249	95
3240	1611	1101.519544	90
3240	1953	860.495569	104
3242	1602	2730.169347	45
3245	457	1586.105114	38.58293741
3248	993	873.2818261	13.73299768
3249	4100	463.5756788	74
3251	1106	376.3937449	124
3251	1286	451.0258545	107
3251	3247	378.7945071	125
3252	2981	3090.183037	35.33572585
3253	225	1283.756142	89
3254	3577	1472.409432	42.1285547
3259	2587	401.7328999	77
3267	531	1398.047787	51
3268	771	1618.028642	73
3271	1982	1512.103948	70
3274	3743	423.4968496	65
3275	831	2417.492014	72
3277	525	631.6077444	105
3279	3239	731.4064071	58
3282	3072	1215.191894	60
3283	1820	1173.308653	88
3287	920	1567.870522	63
3290	2137	526.412602	87
3296	189	1090.153688	79
3296	758	917.1702387	90
3299	759	601.4485428	42.1285547
3301	3579	1179.409927	73
3304	2061	803.4375214	75
3306	3173	897.5819141	48
3308	266	4405.726122	57
3310	169	1238.311917	59
3311	657	844.3387443	70
3312	120	881.505092	97
3313	536	217.0808424	94
3316	2266	3372.214947	47
3317	885	2480.373059	61
3318	902	697.4241787	121
3319	451	531.7187675	33.81608925
3321	208	791.3947751	53
3322	3814	574.1392603	126
3323	3894	629.081754	58
3324	3518	416.5297459	62
3325	2078	613.4082394	142
3326	2872	889.7801536	32.36180563
3328	423	2579.985751	40.31678793
3330	4116	313.3627497	58
3332	1918	595.964099	180
3332	3493	759.014846	170
3336	3288	4449.709717	28.99386789
3337	1448	204.0374399	104
3339	3907	1912.531342	80
3342	2397	693.6029609	61
3343	2249	664.4220915	153
3345	646	1457.889763	47
3346	24	1853.655682	54
3346	4054	1681.840938	55
3348	4203	199.8205952	143
3349	2171	3141.742312	39.44033602
3352	427	925.84819	102
3353	1345	1589.114428	54
3354	3355	846.8815483	86
3355	31	4340.326159	28.36356641
3357	594	3085.576303	41.21271655
3359	2010	527.2280916	48
3360	612	1978.909284	67
3361	4120	556.71526	47
3362	1676	898.3827939	74
3365	379	2990.908324	52
3369	2700	594.6706846	96
3369	4237	899.5008503	68
3370	946	1401.32966	112
3371	3316	317.0961249	76
3373	525	654.7086372	105
3375	2608	496.1753388	79
3376	2504	320.2521736	175
3378	2923	357.179689	98
3379	2712	1517.568963	68
3380	282	615.7267941	105
3385	1492	936.0037609	52
3387	2341	4611.407985	28.36356641
3391	4123	1229.043268	93
3392	3837	951.5719412	49
3395	2778	2361.346614	53
3401	2449	2349.007768	53
3402	1426	338.3281502	142
3402	2380	392.656201	102
3402	3380	348.1304899	129
3406	3765	1641.945708	76
3407	1187	575.7661153	112
3408	198	2084.250163	48
3412	3309	2204.188449	63
3416	2443	241.2114538	127
3416	4109	186.9453044	132
3421	1526	400.2097659	129
3421	3064	566.3623866	96
3421	3799	417.8813322	112
3422	1843	2550.718615	61
3425	432	402.9664343	64
3425	3631	348.07302	75
3426	4381	223.3847734	137
3427	4087	1886.564886	45
3428	4050	394.1087737	87
3430	1354	1845.917135	81
3432	3984	1177.899105	119
3437	537	4894.700422	63
3437	3505	4771.087901	63
3438	4348	1135.184025	89
3439	2366	212.8918842	177
3440	3699	712.9851159	88
3441	709	1641.818143	54
3444	482	342.834116	84
3445	2358	1145.127306	83
3446	3439	5371.045705	63
3447	3833	698.2126474	77
3453	3023	722.5685993	58
3455	2064	3750.028503	49
3456	3906	1156.827994	79
3457	2375	192.5990441	169
3459	61	358.2476671	193
3459	2351	238.5916686	216
3461	2451	211.4684931	159
3461	2693	208.9141436	156
3461	2904	198.769897	176
3461	4214	222.7044002	143
3462	1439	3529.862237	31.65828812
3463	1171	304.6560037	50
3464	735	1639.105667	64
3465	919	1039.724596	9.876102263
3466	2918	791.9914566	76
3468	2347	972.5828588	82
3474	131	759.5643768	38.58293741
3475	3745	2784.248374	101
3477	4380	193.9315666	90
3481	2508	315.4038362	83
3483	3761	734.3408389	125
3484	1032	5420.707114	26.5536902
3486	1988	1571.81255	53
3487	1007	795.1886303	89
3488	3208	1796.299519	50
3490	525	569.7803573	112
3495	336	713.1553118	138
3496	1104	426.0085673	104
3501	3974	897.0483672	139
3502	3738	633.6655637	130
3503	304	1607.975275	30.2968022
3503	2284	1566.710407	31.65828812
3506	2957	408.0973699	100
