1	2055	1933.310652	36.1209642
6	12132	1277.046857	76
10	7841	643.6479834	106
19	6129	395.5662919	150
21	4235	493.4374257	112
25	12899	1043.839475	62
37	2737	1621.868761	75
53	4041	606.5047002	150
65	3755	878.2612248	114
72	4299	812.7502899	48
74	3938	536.6428708	71
80	11017	1548.829372	60
85	432	653.2721185	150
96	9263	944.8178867	119
96	12303	1051.267759	116
107	5618	997.9836654	123
114	2813	338.342635	168
116	5814	437.7013951	104
126	7078	390.2495885	111
149	9158	527.6691528	55
151	7886	1028.547712	135
155	4554	1579.087934	59
158	11918	421.5448654	83
159	976	308.3601345	54
162	14242	446.4603726	65
167	3803	963.4623148	104
179	7841	656.4391164	102
189	1724	242.3077276	107
218	6956	1077.190117	81
224	13721	905.1060281	75
227	6353	4643.712016	104
252	8714	1938.987583	59
266	13406	665.149592	70
268	11848	1935.692342	86
274	8280	1009.21848	31.65828812
278	15598	950.7477462	45
284	8784	898.7838245	84
288	9429	523.5264077	126
304	8920	487.6006215	140
312	1446	1177.017955	85
324	8759	516.654478	114
327	10425	3062.411275	44.02173913
335	6180	663.2611497	116
339	11852	945.963282	93
341	2573	1761.371159	106
343	14393	411.3212753	115
361	7841	573.5720923	109
374	1124	269.9485408	182
382	14134	437.6432247	160
386	3748	751.7923342	28.99386789
396	15262	1929.958267	76
397	15635	203.5571045	199
408	4560	1330.851696	32.36180563
414	3838	406.2111953	79
418	1478	1434.043727	55
418	2543	1267.872438	69
429	2311	293.8556261	234
435	25	503.5276157	119
435	7691	442.7855224	125
435	11235	594.1361618	109
446	1389	322.0261733	60
457	14924	1615.869715	52
460	499	492.0013626	116
496	12460	931.3109687	124
507	991	306.9538783	84
509	2110	816.6538181	72
521	5713	1940.22325	74
546	8458	414.9794521	133
552	13538	632.0833833	81
571	7030	1269.811361	101
572	15592	353.931341	66
579	1030	254.0485316	150
579	8006	200.6056089	165
579	8548	249.5873829	150
580	5025	1107.04586	72
597	8874	702.163627	55
597	12078	881.6243431	53
598	10269	319.8209025	166
599	7488	508.8377493	74
603	5535	1466.357863	71
608	14981	616.1154533	104
609	14858	358.581964	118
621	10542	924.7700091	107
626	10432	969.5775601	33.08095687
632	2794	432.1706884	149
637	5065	791.9638728	25.97643606
640	7089	958.0131356	73
644	13871	1397.75117	92
652	7507	1027.681983	87
658	5534	1908.108203	59
659	12297	316.481656	167
660	15017	1012.351008	128
661	13046	204.0726658	119
668	8583	727.4271193	116
671	10269	350.4698893	157
673	15707	790.5792126	135
684	12111	708.111491	115
687	3587	828.8504219	80
695	10349	712.8996144	122
695	14652	804.753751	114
695	14754	523.6337655	114
703	14668	254.8330896	92
728	5333	441.6711887	141
732	6613	766.4045025	119
736	11372	803.2138443	102
741	7648	726.4192818	38.58293741
751	5540	576.4841591	122
762	13016	407.5571106	65
768	9970	291.9335963	114
788	6310	1625.91159	90
791	2277	314.4895302	118
803	672	633.4102477	113
808	13973	187.574222	245
815	2395	367.8644062	118
817	15781	1105.551745	130
818	15194	288.9196719	74
829	13303	1381.718355	91
834	6003	219.365591	128
836	1300	189.4282963	128
847	7404	2829.061286	68
855	1391	844.2813933	98
890	5810	377.993271	174
894	9232	1315.853208	75
894	9553	1207.86273	80
896	4132	276.0912682	130
910	3298	1053.427689	88
940	9598	2553.743242	98
952	8683	2645.637868	102
985	5967	663.5844423	115
985	7379	835.5559627	98
991	3640	3984.03467	67
994	4282	382.9562851	138
1005	12283	208.3827689	138
1035	11670	3096.871876	98
1055	9956	1020.373002	96
1058	10776	4819.892786	64
1064	132	566.0815112	131
1065	5972	839.1425279	99
1068	12077	1853.207651	121
1077	8155	244.7946069	108
1078	11025	1916.817243	114
1080	13385	496.4874583	108
1095	15776	1610.618466	65
1096	8843	207.3534626	288
1116	14980	1188.309471	70
1117	9509	929.8428511	83
1124	10123	468.1744104	115
1125	6178	5184.558053	63
1129	7102	1989.30047	33.08095687
1136	6237	208.1175779	158
1147	5938	682.2220428	90
1150	11428	319.0238371	184
1182	2194	588.0865345	127
1204	15866	1644.969614	78
1213	7696	695.3873891	85
1215	2282	1563.847852	116
1220	2376	1161.97348	74
1225	15226	852.0959831	79
1228	14858	316.3814581	128
1240	14451	707.9317469	98
1243	8026	1742.46331	99
1246	13625	1851.345228	75
1249	15786	899.033169	115
1252	8055	1630.857862	103
1256	3189	2694.777804	33.08095687
1257	10403	1556.060168	88
1269	8669	500.212399	113
1272	15331	884.9226826	73
1293	1478	1563.422512	52
1293	2543	1536.740921	54
1307	14029	201.4758752	242
1309	7270	897.0146216	79
1311	477	2118.53092	56
1321	7339	1535.291278	46
1336	13687	349.528652	138
1337	2794	494.2992494	133
1346	4163	1766.152787	124
1356	3729	311.6494015	146
1358	5005	1012.621744	48
1359	10919	1332.331085	90
1369	12205	646.1072111	158
1376	13336	217.6787016	144
1382	3084	1313.52322	109
1383	8432	767.5171652	85
1387	6129	386.97048	163
1390	12061	184.7600793	245
1396	2819	2010.570234	71
1401	2310	785.0896362	101
1407	13027	700.6240433	115
1412	2570	730.011128	106
1429	12804	440.2469107	110
1437	6528	459.9754579	107
1449	13840	638.5750345	92
1461	10143	552.9670622	132
1462	3266	214.416345	211
1462	8265	195.1468458	239
1465	1631	891.7820777	28.36356641
1473	14604	1764.711178	62
1474	5777	953.1939298	154
1482	14858	476.661682	118
1495	5930	540.2572115	105
1495	9884	395.7256987	125
1506	14081	580.7311963	69
1510	15209	1267.150477	61
1518	6565	784.770966	68
1525	2635	508.4044881	88
1530	2061	2292.490199	74
1564	15570	1497.060212	88
1565	2679	345.640362	150
1579	4701	294.7847496	104
1581	1281	1170.45381	96
1588	826	1868.292643	114
1588	15375	1465.053813	118
1599	5065	802.5892371	24.859302
1611	12508	1092.05254	66
1612	5624	630.1462234	105
1616	8022	1021.395943	51
1621	11245	258.7611138	269
1626	2913	332.2216006	94
1631	14981	839.9470144	93
1635	9167	523.5205839	79
1657	14525	2127.370669	110
1663	11533	4335.31915	74
1670	13538	657.2702986	82
1674	7515	963.6330185	67
1678	12066	449.1569564	100
1687	13850	285.5218619	147
1691	5866	2563.282999	78
1692	12270	5380.477028	58
1704	4326	540.7243207	101
1735	8734	565.7388642	50
1746	1920	259.1302409	144
1754	6357	523.3954125	120
1755	7131	881.3180929	53
1763	7672	384.5168803	135
1779	638	1748.552928	56
1785	6437	292.7448861	148
1802	6760	3006.213194	76
1803	10696	742.5618179	90
1811	9351	4045.521841	74
1814	6196	329.5309483	92
1819	9179	183.830261	184
1822	10722	856.225191	120
1842	1267	1117.053397	100
1844	5606	285.2801265	93
1844	8505	324.2707194	97
1844	12942	237.6040807	108
1857	11343	264.3303348	147
1869	6470	1771.284841	93
1888	8857	956.911063	79
1891	10147	582.0929208	86
1901	9540	1800.330336	110
1933	13521	2814.33954	34.5675579
1940	1962	637.541172	118
1949	8958	500.0506214	63
1955	838	1068.566384	113
1955	5632	1117.741768	105
1956	1616	1328.834733	112
1962	4338	5129.374227	78
1966	9980	220.916017	236
1972	6018	2030.400404	103
1972	15604	1727.562406	114
1978	15046	562.0442128	68
1979	10190	436.4288078	115
1980	1633	187.3928577	131
1987	15364	915.1933358	54
2012	5980	196.3271489	119
2030	4915	244.6437886	151
2033	15579	822.7792938	62
2043	14161	784.8911116	118
2045	13083	208.2095272	185
2057	15934	618.60355	70
2062	8252	817.4816016	111
2081	6949	703.015108	130
2101	3983	215.1769726	162
2111	11684	445.0930224	86
2119	2409	842.1450783	61
2122	7980	229.9390868	213
2123	1570	654.390106	125
2125	705	854.7637587	100
2132	7437	351.6196743	229
2150	11213	419.3486443	138
2153	13759	434.4860529	138
2168	2587	212.2673677	168
2176	12174	1373.310843	97
2183	11241	598.8400169	110
2196	4422	366.1199983	137
2196	12411	327.3528002	147
2199	15074	1356.596418	53
2200	12316	532.3551136	61
2204	9956	803.8368681	101
2210	4677	7220.874289	79
2220	7133	608.7541485	134
2235	11099	299.861551	78
2240	6990	334.8290501	54
2247	7972	981.5549534	71
2248	10126	2231.08164	56
2249	11442	256.4084462	141
2249	15691	282.6238027	136
2252	552	1055.638547	92
2255	10529	209.2539065	169
2264	57	318.2648446	119
2264	10957	382.0741456	122
2266	2537	1600.242885	78
2271	6994	1216.018782	83
2304	2331	222.5391121	132
2304	3127	263.6417477	127
2316	9662	1236.922318	33.81608925
2349	7019	831.3074769	113
2355	1112	357.7461722	143
2367	9590	455.2136646	137
2369	9016	878.8210063	112
2374	11278	960.8862259	34.5675579
2389	9710	497.6339087	90
2394	339	435.2304063	72
2408	12368	1644.218217	69
2409	14106	2756.785172	82
2410	15136	4701.062656	48
2414	13812	181.7583155	220
2417	4633	415.6868655	189
2425	9201	181.1358583	180
2426	4189	267.9736851	147
2428	12764	468.782086	122
2442	14229	830.295497	32.36180563
2445	4613	718.9342638	77
2456	7163	2286.779016	58
2466	3396	208.7261667	146
2470	7065	862.9009746	125
2493	7841	551.6690819	118
2502	12979	1357.532143	148
2515	5840	580.6235013	88
2534	8040	894.4947908	89
2535	4189	228.3501492	146
2546	9060	490.3044923	157
2560	15430	289.9940359	137
2567	6732	520.2877336	108
2578	10998	400.6741581	163
2580	7637	1714.82905	109
2583	6063	497.0715018	107
2597	15777	3873.321033	70
2598	2592	531.3432777	146
2606	3758	738.6641457	121
2617	9688	1722.072247	49
2630	14510	369.8193982	128
2631	12371	1816.122777	81
2633	11089	506.573658	113
2638	15233	309.9707111	143
2639	29	737.4521325	75
2647	6160	201.7923146	146
2679	4505	245.9409206	159
2682	13534	811.7523051	114
2685	5753	2757.766064	35.33572585
2686	8674	1278.736988	118
2696	15401	294.7520629	180
2697	7417	918.3408369	74
2716	15423	2339.063756	73
2758	14112	244.8813438	185
2762	6023	692.4113773	99
2765	14573	211.9814016	173
2766	10572	1336.326361	109
2768	8811	405.3449986	49
2772	3177	857.0386687	133
2778	11366	970.8215237	79
2782	11872	1363.000847	23.79021103
2787	617	612.8677407	134
2787	3986	532.5525563	136
2787	10409	641.1885816	123
2787	13691	461.8064324	156
2801	812	183.5393758	145
2802	12651	530.721676	113
2816	2231	1835.341745	65
2823	4012	984.8885284	103
2832	9809	1555.309472	54
2837	8594	915.5502126	108
2838	12542	817.6970478	128
2848	1540	923.3498905	88
2850	1596	714.9078648	97
2866	2537	1365.830922	87
2870	1102	710.9309748	133
2875	1895	5030.424506	41.21271655
2903	14053	1045.817029	85
2909	12990	672.8789548	113
2915	4364	272.348134	146
2915	12570	374.3774804	118
2920	601	539.3310127	147
2921	4051	663.3720267	75
2947	15806	301.5558172	193
2952	5446	1030.684735	75
2954	11271	1065.167207	71
2956	12014	499.6845378	248
2962	2408	374.2976876	85
2963	5907	790.7583731	96
2971	4611	189.2002529	167
2979	10736	1060.280244	118
2995	10016	330.8233268	120
3010	10472	619.7655667	83
3014	11229	2086.131172	125
3038	2462	361.7696608	137
3040	12757	484.5369201	97
3048	5886	267.3331288	147
3048	8107	275.6817308	164
3053	7841	754.1989221	100
3055	5474	466.8781807	126
3058	14501	930.6172453	47
3059	8833	4258.819415	75
3060	1875	2234.124513	169
3061	11343	269.9792125	146
3075	4111	1182.235702	84
3104	14490	445.4869709	111
3108	6668	780.9268833	77
3109	7841	604.9773352	111
3110	2171	280.1616747	130
3120	14902	565.9417896	122
3151	10790	1362.611859	19.52047734
3160	8632	282.9717539	137
3162	8347	1292.538247	122
3164	14877	279.9346805	153
3168	1483	999.1335208	58
3178	14677	554.3610479	89
3187	9570	459.178247	122
3188	6539	2768.123643	109
3199	8978	2497.783683	42.1285547
3202	12620	1245.278581	129
3210	3017	249.4082656	116
3217	5704	411.3789336	116
3228	3755	932.5591335	104
3229	136	1510.380471	38.58293741
3231	4977	293.8219202	157
3242	11702	1031.024305	91
3251	8207	725.1042238	73
3253	13869	909.7522223	91
3254	10821	1459.763971	83
3267	8493	884.9258323	97
3268	10372	759.5483392	58
3271	4878	183.0720698	160
3271	7466	248.7995055	164
3288	12618	757.2349156	97
3320	2088	311.317167	122
3321	9029	478.9334875	80
3326	8914	187.0123708	193
3332	14072	2963.784628	25.41173093
3339	15073	733.601071	33.81608925
3360	10086	2889.339088	38.58293741
3378	2855	337.4652989	63
3389	11053	570.2592643	103
3390	2703	336.0287423	115
3394	11495	1795.739613	102
3423	14429	1883.153163	61
3428	11626	2082.257657	77
3430	9043	345.9435004	76
3437	10441	583.1563033	62
3446	12083	457.2271998	149
3446	14037	528.1330731	147
3455	2973	2622.743823	27.74696714
3459	11776	498.1779215	93
3465	6839	1240.825942	107
3487	8820	278.1692437	137
3491	4292	560.7248389	130
3522	10403	1541.549241	87
3527	13322	241.3960844	177
3528	15369	811.780141	80
3532	8453	2292.534563	31.65828812
3542	2738	3970.058492	74
3547	9931	292.4421849	130
3548	8539	1909.15114	69
3555	13024	576.289358	99
3557	2812	1935.74905	53
3558	14677	571.3863921	83
3560	12266	431.4940125	134
3565	14986	921.930503	48
3568	15210	1867.477371	62
3574	7711	357.0894077	92
3591	5129	341.2312403	194
3597	14780	1618.354823	78
3605	9838	184.8950923	231
3610	7841	560.1774149	112
3612	5899	1032.899878	92
3612	9033	1011.500391	85
3614	6179	353.5027611	125
3616	9678	1174.962122	93
3617	15041	1345.07063	73
3619	10417	226.557375	232
3642	2500	594.10361	33.08095687
3643	13120	3288.290655	110
3651	6229	426.2705367	109
3654	9412	229.7454814	191
3660	14253	451.6622422	166
3665	13898	676.3767376	47
3669	11155	1014.47837	145
3727	6123	3390.478629	28.99386789
3730	11500	715.7574686	102
3737	10477	1600.49616	106
3744	1710	1611.450144	107
3750	8901	3781.69675	49
3751	7871	2104.703561	72
3755	316	344.3303627	98
3758	9995	965.2559193	30.97006447
3766	13959	350.6891282	102
3786	1100	3433.775831	88
3803	10722	905.6827143	121
3804	8112	195.1592349	150
3816	9726	3496.093385	75
3817	5523	606.4712682	103
3818	2753	1362.047683	40.31678793
3821	12158	442.329289	182
3837	15059	1015.752127	36.92365229
3838	7404	3032.312502	62
3841	10215	505.7578242	44.02173913
3844	13260	1009.035989	124
3845	5605	1217.225345	84
3846	11087	478.5441127	37.7441779
3852	2340	269.9780149	168
3884	3709	192.2787817	146
3893	3859	504.1272792	70
3898	11213	352.762791	151
3908	5957	2156.427072	74
3909	9566	278.8929617	182
3910	2676	229.7579064	174
3925	4000	1232.389865	88
3929	6131	1183.520173	85
3932	5420	602.3199352	38.58293741
3947	12037	1712.649523	58
3948	11400	674.4730246	78
3959	14292	1869.20356	69
3962	14231	1151.650547	34.5675579
3976	15028	424.2928875	162
3992	3730	271.8509502	80
4000	15641	413.9393455	141
4005	3574	1667.380863	80
4033	423	894.0144298	110
4035	5606	266.105443	85
4035	8505	309.3600986	86
4035	12942	227.3720948	98
4036	5067	1308.679095	57
4042	211	351.4552851	146
4043	690	1599.609551	56
4062	3881	383.3564296	175
4070	2506	1627.498119	85
4071	14858	406.5250811	122
4087	858	1187.560958	58
4093	4489	3170.90835	48
4101	14776	545.1516004	116
4102	878	489.0789832	124
4109	9687	865.0130106	100
4113	5606	429.7249062	68
4113	8505	437.0680572	67
4113	12942	368.6060475	82
4117	11	1548.02785	55
4122	2112	644.7929411	99
4131	15616	298.3735499	154
4138	2055	2041.164303	38.58293741
4150	624	986.9304618	44.02173913
4168	14202	568.6730723	82
4169	7841	685.6713415	107
4171	3281	575.7210485	98
4182	13481	309.3800562	128
4203	997	1881.556616	102
4217	11630	446.8131187	102
4220	5912	556.3254364	135
4221	6223	265.5875536	209
4230	15362	579.0274904	167
4241	14858	372.7061694	112
4242	13054	215.9276778	141
4257	12686	834.4331814	72
4258	12927	752.4593776	44.02173913
4264	5101	488.4109941	123
4270	6193	190.0382626	218
4280	14209	456.7765845	153
4332	5193	1366.935652	9.661404388
4339	922	1520.970412	71
4352	9106	324.3293032	81
4356	7700	181.0086947	298
4382	5193	1297.795164	12.85669654
4383	9773	1451.009203	43.0647448
4391	5359	202.0162981	159
4405	6129	403.3087669	136
4416	10103	1333.98713	65
4454	12928	1168.814724	120
4455	5123	2554.391038	77
4458	4052	1125.332372	77
4465	3695	359.1871726	110
4488	8552	453.6512774	112
4505	14604	1681.747994	56
4522	10974	893.6730702	84
4523	8585	369.4211484	105
4523	10279	242.3063412	124
4523	12114	343.7775567	114
4536	15112	904.8499475	63
4556	14778	1198.640097	165
4560	2888	789.7247037	121
4564	28	191.2332909	144
4571	13904	1472.223857	121
4587	11511	2466.93074	42.1285547
4591	1825	1904.463609	34.5675579
4608	9074	908.3447176	75
4627	48	596.9730173	113
4642	4406	1890.93804	28.99386789
4647	7062	482.0794349	92
4654	3541	1154.898909	77
4665	8276	282.497914	108
4666	15013	948.0013447	86
4667	1572	462.9575592	111
4676	2097	393.7043606	151
4701	8874	824.1438709	40.31678793
4701	12078	1209.221798	33.08095687
4715	7133	748.2159097	126
4720	1451	542.0320562	119
4720	3854	500.9257381	112
4723	731	2551.537629	46
4728	9394	447.3291901	154
4729	12778	559.4233128	96
4730	11239	2688.880257	39.44033602
4746	14677	867.377424	79
4751	8414	273.4870475	155
4751	14211	251.3335939	142
4766	6659	1719.295276	98
4774	11396	2478.541843	39.44033602
4778	11846	832.6034694	74
4800	4492	1871.102321	39.44033602
4804	7056	1036.73917	112
4815	13075	3595.719659	27.1437722
4818	566	517.015887	109
4819	3465	206.1157371	152
4825	7215	495.7349702	102
4852	12532	285.4038843	110
4864	12990	708.8793442	105
4869	1691	958.9517291	90
4891	13376	1199.578971	78
4895	12663	526.3070083	97
4931	13137	802.662452	86
4932	1653	882.8177382	165
4934	5005	811.6364406	62
4944	9403	637.7129456	146
4944	15708	825.2091704	142
4948	2111	196.2876848	145
4955	6423	795.5509271	93
4962	2020	1211.077968	95
4965	2574	1094.964173	45
4967	13830	1061.396233	34.5675579
4970	4005	3007.912018	88
4971	4690	493.7223854	134
4986	15789	2727.916656	49
4996	14244	376.4175357	153
4999	13239	528.7858037	97
5000	14607	631.9759503	110
5013	4199	2058.197039	67
5015	9479	837.7671395	73
5050	5825	401.3396107	108
5053	11123	995.6208412	67
5059	7972	1081.279312	63
5066	6206	1378.048357	100
5074	14453	347.3015991	154
5083	11810	932.16407	42.1285547
5099	10973	1405.711333	94
5103	5393	494.1861713	145
5111	307	1203.59356	56
5126	12187	1533.250605	55
5134	5942	2080.060481	84
5166	521	383.7918403	174
5179	5150	357.2383989	124
5179	8572	480.4892636	118
5179	11160	379.1299418	128
5184	14988	1220.718584	94
5185	12835	364.3274532	147
5186	8145	632.9993796	109
5196	1626	583.2318291	119
5205	3196	215.701253	212
5206	10048	348.7823952	72
5217	7665	735.1010892	59
5220	10036	4098.18741	33.81608925
5224	837	356.6041804	78
5257	6583	807.8143569	140
5259	1965	1975.640828	43.0647448
5274	14312	193.3444526	125
5279	2299	309.77487	127
5283	5605	1423.42898	73
5286	11865	3090.84468	80
5291	14971	1307.127578	87
5292	570	1376.568545	157
5292	1066	1226.840894	153
5292	7760	1413.320334	150
5292	9176	1116.764356	158
5292	9419	1357.174705	152
5292	9993	1597.788027	148
5292	10023	1355.136794	153
5292	13020	954.4350197	164
5323	5466	975.9042969	131
5339	6460	754.2903628	93
5345	5803	2384.457688	54
5346	1397	828.4390243	99
5347	3833	281.4538099	133
5371	1788	783.2346879	73
5394	5209	4990.556502	33.81608925
5444	8032	467.0702502	23.79021103
5445	3935	378.3766724	118
5452	6077	669.9616429	113
5457	3009	611.6751325	89
5468	12037	1905.150874	52
5475	1923	371.1926671	130
5486	2829	485.5572102	115
5487	14703	855.9330576	104
5490	8799	476.0237317	71
5497	13821	1405.799974	79
5498	7448	2519.95291	75
5507	11107	1668.643199	98
5513	7790	5479.388957	92
5523	2419	374.8463057	88
5530	14098	524.0981694	99
5534	1455	601.5839696	95
5551	200	1126.693149	58
5552	14600	1132.384329	47
5566	35	366.2143996	138
5572	1609	404.4465506	107
5574	8822	1016.574621	109
5580	683	185.349083	223
5586	8384	852.0826007	101
5592	7393	1792.004811	82
5600	2012	880.3541591	120
5606	11579	633.9800346	118
5607	7762	447.8426251	126
5612	265	297.3183803	188
5649	10693	719.6955994	51
5656	13740	2397.766977	95
5665	10553	199.9727664	161
5684	2835	206.1068585	146
5686	10421	981.2527786	121
5687	7971	860.7830087	111
5702	14964	195.3884027	185
5705	10872	5101.860571	81
5709	8717	1055.695062	62
5713	6527	209.3930484	169
5719	8368	1817.533948	45
5727	13687	364.5497809	134
5737	12712	200.6868344	104
5744	947	792.2086874	52
5757	1415	208.7733644	181
5759	1859	6326.223922	55
5760	3459	1804.606817	72
5775	7754	1066.324029	93
5776	13045	1586.958007	70
5787	9470	622.7309642	79
5792	15107	2238.910638	16.37298599
5799	5713	2097.363882	71
5808	583	1108.000685	98
5813	7047	412.1746568	130
5823	7748	392.3957568	114
5828	8680	1060.569982	74
5831	4128	1175.346931	110
5836	1937	793.5967768	126
5840	14372	261.3899749	139
5843	7510	1126.21635	68
5846	8324	313.5109889	163
5857	1121	5195.45273	102
5864	7598	306.2050212	122
5881	3949	1261.850613	47
5886	8483	320.6679627	73
5910	13868	1716.980274	82
5915	14043	1033.363528	18.27487772
5940	6513	2105.274234	60
5949	14501	951.8000758	43.0647448
5953	541	234.6475744	90
5963	11067	1583.575678	69
5981	5078	492.1576121	166
5996	15376	709.8319744	80
6018	3298	1014.292132	88
6019	1112	315.5414275	137
6020	8807	220.3993814	197
6021	9364	510.4893164	59
6034	14955	1210.949924	89
6037	513	1969.666626	80
6039	9129	897.6137759	108
6059	13487	423.3808776	68
6063	6955	835.314735	99
6077	14165	188.3903947	196
6083	8874	743.2401892	48
6083	12078	1225.144219	31.65828812
6084	9336	416.2602354	104
6091	465	1378.125721	101
6112	11598	1629.822144	83
6116	13331	521.4517802	136
6118	13284	1035.830549	146
6137	14249	297.6117916	123
6142	4278	825.6410829	89
6152	11687	979.6056633	140
6159	9416	463.2175872	71
6168	1839	2952.791655	68
6177	1609	394.2079119	101
6188	7149	1299.814322	118
6188	12253	1554.031724	119
6209	286	2356.023554	55
6212	13618	514.0236998	94
6215	2688	883.3769494	161
6218	13069	483.930701	134
6222	6287	377.8965026	86
6238	9674	750.4123629	65
6241	5121	1125.452861	93
6244	15244	213.502235	140
6249	1896	517.4070023	69
6250	13279	893.8130601	76
6261	416	1973.352618	108
6263	5128	1290.422149	66
6270	9558	499.1717606	85
6282	9847	218.7532194	135
6288	1833	564.5270905	106
6295	8965	1265.621244	84
6302	15444	941.7974643	84
6321	9838	209.9938551	214
6330	14431	1253.92646	105
6334	11752	1017.269158	63
6337	6638	257.279503	133
6339	7712	438.789156	57
6361	10633	436.0965977	108
6368	4422	213.3520736	151
6368	12411	303.2520637	161
6384	1441	2537.737763	30.97006447
6397	9068	639.8224274	108
6407	745	2926.464507	68
6412	11238	825.9887575	24.859302
6425	5763	1103.59593	84
6428	14422	1350.721961	101
6435	13166	660.3130963	94
6448	9529	319.0070054	86
6457	7857	224.9533952	133
6459	2491	716.146448	113
6462	6063	494.7795095	106
6473	885	538.5315599	133
6505	842	1024.713573	89
6509	4950	626.6764394	96
6527	6652	1092.824152	78
6528	2093	251.8520494	173
6532	12919	1114.219023	108
6542	589	804.3978366	128
6543	3491	709.6727662	67
6544	2128	195.8583366	151
6547	1529	261.2560861	134
6547	10734	309.4237246	126
6558	8833	4632.68681	71
6563	6811	712.7033034	113
6579	7582	1049.932647	119
6581	6045	789.316539	163
6585	13949	1621.894636	16.73683012
6598	3417	380.7142236	96
6611	10633	527.8174854	100
6618	3962	325.5930587	147
6624	8376	775.112674	102
6626	1282	306.4004149	73
6644	1691	786.0296738	88
6650	10075	561.7478537	164
6662	9612	1020.436848	57
6664	15031	2490.570817	94
6674	5869	326.0693134	155
6683	4240	627.2176197	123
6695	1955	2798.164612	50
6701	4775	357.8807905	159
6701	4964	419.2291746	163
6705	4375	227.5719885	138
6714	1626	580.0244408	128
6723	3730	271.8509502	80
6727	13054	290.8483127	133
6742	8215	2769.525777	43.0647448
6750	10260	185.2388441	184
6756	12590	2040.298932	70
6761	10983	866.5529091	37.7441779
6762	5527	240.0801325	185
6772	8861	1004.076034	93
6778	1785	406.491273	112
6781	14787	828.2980241	72
6783	7541	1533.24886	88
6785	4460	687.753273	134
6815	15395	2683.860451	29.63817606
6817	7375	2399.461484	51
6818	11477	907.1929249	124
6820	5318	817.8035354	71
6828	11748	873.8732941	112
6829	3645	2630.420476	94
6834	11904	292.8163125	146
6839	7857	302.2827441	130
6840	198	1313.542182	55
6841	6899	341.1308973	86
6861	1529	239.8554749	132
6861	10734	243.3933203	149
6878	15802	1908.46196	36.1209642
6895	14281	3067.729495	72
6917	9263	835.4011789	121
6917	12303	905.5469493	112
6936	13306	3618.662883	36.92365229
6947	13913	451.8961464	123
6950	10056	1987.014736	108
6962	1913	463.1913096	115
6965	7056	1128.149676	111
6971	3505	188.3218854	170
6986	5728	1612.716969	70
6995	4364	222.5978829	176
6995	12570	207.6316813	159
6996	13373	2436.840105	48
7004	14361	240.6540854	165
7007	4513	1319.92654	69
7012	6330	2749.54663	87
7017	4804	215.1331825	236
7018	1554	346.8358373	181
7054	6829	619.2999922	140
7064	14240	1662.005346	65
7088	4361	614.383424	58
7093	6231	192.8008259	137
7106	10341	3000.28831	41.21271655
7117	4123	991.0495009	86
7131	7448	2672.630585	70
7136	15164	700.5592103	46
7138	5520	1241.573466	89
7148	3954	1678.838276	84
7148	5091	1746.906066	95
7157	1446	1190.056678	88
7158	1965	1953.669876	42.1285547
7159	2055	1893.793428	42.1285547
7164	12032	820.6359894	58
7167	7386	485.9228056	129
7191	14248	836.9228104	68
7201	12950	1795.509725	71
7210	13113	2634.742099	42.1285547
7227	15817	1591.881187	68
7230	3198	1875.794754	71
7238	6453	407.0203925	107
7250	6195	1434.19327	129
7255	15716	1473.988321	16.37298599
7257	14804	2539.678971	99
7260	7369	284.226084	104
7265	8833	4274.702273	76
7266	10722	963.4622635	117
7269	9395	580.0972907	69
7272	13331	619.1413207	120
7302	11022	691.4246391	72
7303	5830	833.7272476	92
7308	13538	464.4334042	89
7317	11238	825.9887575	24.859302
7324	1488	447.9959804	130
7347	10633	532.9807162	101
7348	10691	668.7238543	86
7355	3860	273.6439622	99
7356	6341	530.9090618	89
7360	9726	3706.867988	69
7372	8315	555.7460608	82
7386	8662	964.7335089	99
7400	8862	1096.415747	59
7424	6180	728.2042576	128
7426	1004	627.1456348	159
7432	3279	348.9171046	29.63817606
7434	12123	644.1061533	46
7439	12213	302.4283341	126
7444	2795	989.8465277	94
7446	11479	2668.577863	43.0647448
7449	11175	2056.392964	63
7458	6951	691.9982142	103
7462	13576	491.3580477	77
7469	4927	760.5342326	45
7477	9931	288.8327836	128
7484	10263	318.5393198	141
7486	14024	932.6834637	158
7487	8874	828.9933144	42.1285547
7487	12078	1040.953137	38.58293741
7489	1112	404.9640748	132
7498	774	834.3648523	82
7504	3047	2775.362781	65
7514	14643	2578.663501	56
7527	1929	681.3638486	81
7535	14025	394.4317318	107
7540	5937	239.9422423	128
7551	4729	299.0844604	174
7551	6133	239.1443371	191
7555	7821	1030.153994	97
7557	11238	826.9092393	23.79021103
7572	1201	368.921288	224
7574	15953	241.0618028	156
7580	9319	658.2516592	30.2968022
7591	2317	822.4236193	125
7606	3162	3040.286204	75
7612	13329	1138.559731	83
7623	11584	391.1163058	94
7626	3900	1411.068676	90
7631	15148	4849.437803	79
7632	5199	441.8972606	119
7633	7567	428.838381	116
7653	13368	2580.5232	65
7667	3511	2695.84141	43.0647448
7679	11549	345.3120512	150
7693	2082	523.9669415	89
7710	9866	434.6314707	119
7710	12127	508.0046106	119
7716	8836	778.9775317	173
7742	107	295.6045675	144
7744	3104	191.2773084	190
7749	7486	260.9331956	125
7750	7063	451.7014201	73
7753	15574	984.0816853	48
7771	15624	461.5224389	94
7774	14942	1730.086048	62
7775	7093	311.9925444	139
7781	5894	1074.795863	64
7782	4144	832.2134648	68
7784	3059	365.8223169	128
7788	7128	935.5682131	70
7790	15034	366.6523555	136
7792	3795	760.5559834	77
7799	7845	856.2745017	119
7807	3229	1658.580367	76
7824	10128	1446.871098	79
7825	4775	449.0430608	142
7825	4964	470.413163	138
7830	12549	203.0095514	157
7839	8714	1926.543038	59
7848	4836	1355.535058	108
7873	9828	2703.049579	46
7881	11933	336.7428334	161
7882	6454	1760.459975	66
7888	7233	675.2714031	68
7888	12672	658.0982388	58
7893	320	252.569368	77
7898	12529	390.5890989	137
7914	168	969.2616168	98
7917	13303	1657.413347	81
7928	1393	906.2257684	92
7929	5228	2576.477045	54
7932	14486	308.3195034	171
7938	2457	648.5760865	68
7970	7131	978.5236561	53
7974	8362	849.8054616	111
7977	8674	1167.460661	122
7978	709	342.6958057	133
7982	6506	350.2842208	189
7994	6538	197.6339743	202
7999	7569	986.973144	73
8000	15198	2496.957629	56
8002	5019	324.5017311	169
8014	10157	2283.15293	69
8025	7790	4977.668408	94
8033	10236	1578.821496	70
8052	8198	812.9402789	47
8054	1902	222.7632885	153
8058	7759	773.2835437	137
8061	9092	1103.72364	155
8063	10401	1166.209101	129
8068	8334	1045.636699	98
8068	12229	857.4126675	100
8068	13739	711.8320315	107
8077	3074	1374.074405	52
8086	3067	1305.368512	115
8089	14252	1020.90656	109
8102	8372	542.8769232	153
8106	10870	699.7456283	136
8112	11444	206.732423	219
8114	6818	432.9765665	75
8121	10124	1858.221603	72
8123	12884	1528.913304	93
8137	13507	1085.202384	93
8140	2827	2757.885915	19.95426572
8172	672	575.4673231	117
8174	9816	1865.071786	78
8176	1532	329.4931612	108
8176	10771	221.1608531	137
8178	7548	586.6128572	99
8185	5493	581.2445435	63
8186	7775	245.3282987	170
8189	5402	409.7487149	165
8194	103	924.0357083	104
8196	15898	471.8246781	153
8197	11748	903.1753778	108
8198	8928	429.5147565	127
8200	152	679.9499681	190
8201	11647	639.7787746	119
8201	13954	793.8601836	102
8220	3350	2434.070462	64
8228	8467	891.8593622	82
8229	570	1225.747544	160
8229	1066	1122.58876	156
8229	7760	1103.376806	157
8229	9176	789.4725089	174
8229	9419	1153.566052	167
8229	9993	1229.908569	160
8229	10023	1269.164144	150
8229	13020	1030.230427	151
8236	2570	723.3872207	113
8237	6808	14888.74493	34.5675579
8242	5523	689.6437426	95
8261	14500	403.2720239	149
8264	14514	1389.890726	69
8266	5705	2487.235928	58
8277	14607	855.7534694	105
8278	2254	1876.126148	33.81608925
8284	9138	664.3177662	71
8287	1098	1076.788602	30.2968022
8287	5733	837.7530513	39.44033602
8289	6578	1010.793706	96
8301	1303	1264.973324	63
8308	13942	701.2090487	66
8312	7008	469.3067777	150
8320	561	2516.884676	66
8327	4136	632.4556261	82
8345	3688	1085.140825	69
8346	5331	1954.060478	69
8382	11965	1158.282812	17.87759777
8387	2892	909.4971082	41.21271655
8395	7226	800.8266128	58
8412	8746	825.9266979	114
8435	13043	192.5441857	130
8446	2317	826.5842753	124
8450	6425	588.9055156	94
8450	9448	626.0056162	91
8455	12621	1076.371819	96
8460	13816	885.1574832	89
8463	15194	289.6689022	64
8490	14128	478.0961197	98
8504	2656	242.3979409	145
8507	12098	707.0991669	111
8537	3747	2993.098183	60
8540	10722	839.0136542	127
8558	3366	450.1431978	70
8560	617	812.0182227	113
8560	3986	658.1691413	122
8560	10409	765.5821436	113
8560	13691	565.98951	128
8561	6091	268.483193	110
8566	6131	1256.800487	80
8579	14397	320.2407323	106
8580	11425	1317.194564	21.31433096
8583	11895	772.137692	53
8587	9767	309.8193011	83
8593	42	461.4454198	105
8597	3903	1683.037795	70
8612	4659	1706.998141	74
8627	12156	186.468101	251
8638	6117	1668.720662	79
8647	5777	1133.411129	146
8659	3013	739.5768577	152
8659	4251	769.8128601	153
8669	177	1181.253837	79
8674	13197	2609.868467	68
8679	216	364.3525633	130
8687	6881	501.3249369	137
8688	13041	1205.814579	76
8692	8040	627.8918879	98
8693	3061	337.4768957	177
8694	1930	1341.720657	62
8715	4300	2158.009489	92
8745	541	291.3660864	73
8747	1776	459.1613794	115
8757	8511	644.993958	86
8765	12442	2866.355592	83
8769	6369	3139.604688	84
8774	5963	1101.108182	62
8783	7393	1813.737933	77
8784	8302	451.5095639	120
8796	9832	938.3943135	97
8800	15558	2168.997077	61
8804	2995	627.8902918	139
8815	11576	2383.055056	85
8818	9530	392.670352	59
8821	1215	1592.173981	76
8839	7598	367.6655701	121
8842	8699	189.1892864	294
8851	8075	192.547974	162
8858	11958	414.6905233	152
8864	2390	202.3128481	390
8897	9570	438.5580155	124
8899	10214	521.3807837	116
8906	11099	300.7462357	87
8913	15876	3499.227154	57
8923	11372	913.8845904	88
8944	6562	202.9338451	217
8947	7068	411.4581582	86
8949	3354	10694.27052	100
8962	4878	188.5613808	158
8962	7466	249.8451798	164
8975	6528	411.949036	121
8986	5883	2348.740823	85
9010	11063	432.1356294	109
9014	4156	1246.820752	98
9036	9526	226.6844241	117
9049	8493	833.4121476	112
9070	7494	260.7545955	136
9092	5189	2313.899706	98
9108	9098	231.3324786	136
9142	11549	316.5707848	158
9150	7382	3120.069382	68
9169	9816	1875.59458	84
9171	12884	1337.540324	94
9180	5120	840.9681359	130
9184	9191	1009.474297	83
9189	9642	860.830983	158
9202	437	2095.83918	48
9214	5043	541.375334	126
9216	7240	702.133347	33.08095687
9221	3420	608.6443024	106
9223	9402	784.4857009	37.7441779
9226	8027	859.0393101	99
9232	1666	3318.319947	40.31678793
9245	5947	804.18976	99
9260	14772	893.0547377	89
9261	4624	495.6926416	115
9268	8083	248.3049215	90
9281	7770	1073.798823	73
9296	3901	532.8065713	122
9302	2318	578.7287282	148
9305	10349	734.6829601	124
9305	14652	795.4281205	114
9305	14754	611.9948805	120
9306	9192	504.8981013	112
9310	542	389.0248337	122
9311	11636	206.9295046	184
9334	3951	1426.934248	59
9334	7355	1263.771695	52
9363	7663	884.0606527	88
9375	14245	305.9709784	131
9378	5804	1165.636474	86
9389	4897	545.1386451	76
9390	1097	472.4264003	115
9404	10941	2620.462304	30.2968022
9407	10176	1042.079531	11.26827626
9407	10649	1038.659393	11.26827626
9429	1153	232.1218579	143
9452	14153	366.8785496	132
9472	15107	2080.389933	20.85097594
9484	5491	306.0722752	75
9496	13950	192.7708066	161
9499	14609	3208.760731	94
9513	2296	2875.562318	26.5536902
9528	1188	223.6923352	109
9536	7062	524.4625206	91
9541	7932	782.0942746	135
9584	6548	255.8681841	126
9584	8800	254.9661305	129
9585	444	1444.543635	57
9586	13407	328.9711693	142
9606	6231	216.4300659	129
9622	10001	693.8733246	79
9630	8858	1173.381247	94
9644	11496	1093.130863	30.97006447
9651	6474	449.0128331	102
9653	6959	704.6848732	118
9661	2043	229.692346	171
9662	14514	1334.605599	77
9674	15948	532.4854533	70
9683	2273	184.9786618	203
9689	15015	326.1833419	101
9690	11101	1155.913255	83
9698	14999	1617.196537	118
9705	8358	3369.250493	72
9707	1327	514.0045565	128
9707	1953	433.8499841	135
9707	3844	305.6153103	133
9707	9278	501.4064543	127
9707	15163	617.0217594	130
9715	14205	212.9828488	146
9716	8529	1434.173282	99
9719	5122	203.6048731	125
9725	13687	359.2410351	137
9741	7912	280.263635	161
9743	15668	1307.031792	103
9744	709	326.7360474	157
9756	1941	383.6161284	142
9756	7612	357.7216902	124
9757	2549	202.4614922	63
9758	11767	488.445619	118
9762	7023	426.9419321	70
9776	10056	1989.768126	108
9777	14525	2258.070247	106
9778	6225	875.2529703	99
9780	14397	319.1451742	102
9796	15380	822.9667412	116
9806	7696	671.9118205	88
9818	9123	222.4553215	179
9818	11585	277.2655061	172
9818	15891	214.1203613	176
9832	6137	382.2251759	106
9834	9851	2845.27285	33.08095687
9835	15457	2167.79939	70
9841	1900	1178.637446	161
9845	6927	445.6842545	111
9850	12857	375.7430585	124
9856	15399	1799.458428	66
9857	14823	211.2419572	179
9858	6760	3074.919854	75
9861	6645	486.8527166	113
9868	15194	246.7968214	77
9883	4404	1420.835504	47
9886	900	629.5969403	88
9901	6825	2032.845194	70
9935	15875	2854.105426	38.58293741
9940	3360	1570.282092	90
9946	15018	3234.388897	84
9970	5199	622.5979112	109
9992	8838	732.4953651	104
9997	15649	386.3640139	121
10000	5972	953.9872239	91
10007	14130	270.5068652	151
10009	14556	503.9457751	146
10013	11252	559.6723725	124
10031	8295	1270.551416	82
10034	15069	2379.506532	69
10040	4685	288.5056856	127
10056	2258	1058.413568	121
10058	5307	509.6791891	94
10066	14347	1326.132012	64
10088	14490	424.5568633	129
10099	15194	286.8980751	70
10112	1262	219.9358386	171
10119	13099	2890.473634	74
10138	3085	184.9244801	203
10145	5859	246.3715484	176
10157	5772	354.3805978	97
10171	5595	5583.859725	37.7441779
10196	9689	1800.094039	47
10197	15934	473.305632	81
10207	2634	2126.576096	77
10207	2877	1906.643216	83
10211	6893	3184.207377	83
10212	8849	1772.218006	108
10234	5842	1846.694339	68
10238	119	737.1321362	108
10256	8407	980.9579441	100
10278	13245	2730.772034	43.0647448
10294	13422	1683.455238	80
10314	6206	1287.418774	90
10318	12778	301.8348381	110
10326	8378	540.3151228	140
10333	6181	2835.761501	34.5675579
10341	10349	737.8389732	126
10341	14652	822.6972464	108
10341	14754	530.7541339	124
10345	2240	691.1557983	75
10350	4586	864.7601527	87
10363	14607	692.6481524	111
10364	8102	252.9514617	163
10364	11078	245.1027072	176
10376	2746	518.2770393	174
10381	922	1518.203785	72
10394	1616	1023.400339	123
10397	9014	1288.679594	111
10398	3470	1225.255747	84
10410	582	1097.299296	83
10415	11860	1966.067461	89
10419	675	551.0642877	106
10447	6333	230.4814401	155
10447	12664	265.1360154	160
10447	13999	242.6302485	160
10473	5155	380.3166709	75
10477	14190	637.7295635	116
10479	4028	441.5150549	160
10481	13450	975.2891938	39.44033602
10489	10269	349.2968623	157
10496	11245	216.7964213	280
10500	6150	587.7437511	93
10513	8760	470.4109013	113
10517	15360	3084.610504	50
10568	2333	652.3775648	92
10574	1117	1870.827368	75
10579	13718	540.666103	118
10582	5307	718.3987867	74
10587	7858	454.4445498	99
10592	4301	2775.184822	74
10603	3652	267.299653	109
10611	8471	1042.02287	72
10614	5976	369.278453	115
10628	11830	239.8404276	141
10633	6435	1405.633512	57
10638	3316	207.3505186	108
10649	2588	820.447214	106
10653	4743	638.5552147	95
10656	3180	718.6002813	107
10658	11429	575.2711983	126
10664	1444	780.5683964	49
10665	5653	1240.790697	117
10667	9037	728.4270352	95
10684	13984	3947.318378	66
10689	2621	188.5032107	214
10699	1327	300.3335472	147
10699	1953	375.042206	126
10699	3844	235.764981	145
10699	9278	270.3389917	155
10699	15163	365.6522904	145
10716	296	284.0256875	185
10724	15434	286.1857679	187
10737	2972	969.782491	93
10746	3458	723.147142	63
10754	15194	242.9992043	76
10759	3573	326.6223765	126
10763	9926	501.4557037	108
10775	14490	436.0046473	120
10782	1093	388.6454863	76
10785	9198	1591.666215	14.99500512
10791	4952	1642.842611	58
10793	3587	762.6780233	87
10796	2680	585.9945771	105
10803	13001	2577.710382	77
10824	6966	3507.502508	51
10847	11859	703.8736247	113
10871	9776	490.1473845	107
10872	8047	206.7974625	118
10877	6129	413.3342052	144
10881	13913	208.2396659	134
10893	5212	255.9459714	204
10894	8463	441.9632477	66
10908	11658	1036.316476	40.31678793
10914	6024	736.5998379	36.1209642
10919	7008	507.7983265	139
10926	11146	716.296934	115
10940	14902	708.8357029	109
10958	1750	349.6878962	132
10971	14831	1558.704338	108
10972	8284	197.0365006	142
10985	1355	213.8347408	211
11012	123	269.9044492	252
11019	3064	870.8046017	128
11023	5983	345.5961332	93
11029	10722	732.51272	120
11035	9101	1299.595432	46
11045	8767	610.8125907	121
11082	12566	890.0262499	51
11091	11533	4132.86888	76
11102	9367	4556.722737	56
11108	13665	2932.405896	83
11123	11332	231.7135765	189
11128	1312	284.6287675	113
11138	10942	468.6062689	79
11147	12341	324.3789494	90
11156	12577	1128.762296	93
11161	10272	508.4582442	127
11169	11046	1571.474469	60
11170	8742	303.8950787	172
11177	8787	1471.469902	36.1209642
11189	6904	2519.688396	57
11194	3366	610.3881131	59
11195	12124	1591.560162	139
11223	6362	225.0252657	218
11230	5445	900.4016555	170
11245	7396	298.6042487	120
