6	8826	819.4481676	92
6	15364	879.5582741	84
8	12335	641.1986636	117
9	7600	1781.16645	64
25	7047	598.8699078	96
28	16183	246.4015865	102
34	13211	193.4578883	235
39	15867	374.2344376	114
44	10630	1583.520594	58
44	18263	1696.898985	60
46	1537	1985.455078	92
47	688	1958.423965	60
47	3739	2030.283244	58
50	10140	2279.143164	49
50	11863	2254.580073	47
60	4274	340.5092035	93
64	16451	903.2611379	113
74	7255	201.9899255	237
75	4091	487.7177783	144
83	14735	5685.933045	35.33572585
103	17512	1232.755055	49
104	19334	773.5169649	107
108	6404	2844.483048	91
109	4278	1765.939264	111
109	16067	1754.086233	108
110	3902	306.2558643	133
114	5444	931.9729267	69
116	1817	957.1955378	113
116	3365	951.7729185	106
122	6416	961.8182906	121
122	7296	1112.315465	123
122	16645	1086.553169	127
122	17651	1100.417638	124
122	18337	1096.892322	128
124	4044	2220.178118	44.02173913
131	3576	856.8427733	98
135	4884	537.8381311	78
140	12608	2051.236081	60
141	3356	1173.036846	33.81608925
141	18463	1271.59406	28.36356641
142	19139	850.1157404	64
147	11498	1252.092591	55
156	3713	635.6823565	151
160	12907	306.2989959	212
163	8413	1060.79341	93
169	1670	1622.925061	81
172	17750	3339.719567	20.85097594
194	17330	1719.603628	94
196	9739	1820.926397	149
198	10187	630.6554705	101
212	4598	232.9136476	164
213	10581	3066.014215	30.97006447
215	1550	1037.692139	63
215	5903	965.7910987	67
218	3090	1020.70737	105
227	1727	1431.927038	24.31888239
233	16147	442.8670703	102
233	16322	443.312825	99
235	2108	1815.299873	108
238	17308	1916.368075	139
252	269	1760.142309	9.245909209
252	1812	1729.152577	10.0955712
255	11091	227.7784124	135
258	487	1336.207691	116
263	17610	1527.348092	118
269	5822	1278.638857	55
284	15132	1245.051883	114
284	19627	1222.645114	117
290	8567	947.1745592	99
290	14048	998.705674	90
294	15694	1249.237934	148
297	11899	924.2139362	62
320	18555	1161.744386	96
332	7953	1696.375478	56
332	8718	1638.114274	63
338	1280	2279.174711	35.33572585
338	4036	2284.379686	33.81608925
340	5756	728.3161455	29.63817606
344	2617	2734.870629	31.65828812
357	15068	4413.541271	58
361	2541	954.6524309	109
365	4633	362.4123893	177
365	10115	235.49406	204
367	1093	2328.690069	45
372	4183	3389.327665	102
375	9929	2555.02743	37.7441779
378	18087	690.8907722	81
382	1673	195.2598359	191
384	2085	1571.715638	72
384	9046	1599.733744	71
384	14019	1601.770841	71
397	5807	1307.659799	53
401	2612	461.8769242	109
403	11724	2370.973722	48
404	5049	2240.804368	74
406	10870	320.188681	107
408	11415	1180.99372	99
410	5449	578.8082104	90
410	15656	592.3229028	89
410	16341	500.6959519	103
411	15125	942.668405	133
415	19468	1509.570243	58
418	11450	263.8528639	182
428	909	1216.847508	94
432	8198	186.6043181	215
436	18637	242.982575	278
446	11377	1520.97791	61
446	16040	1548.857796	62
446	18680	1420.666399	65
451	1347	525.8346727	109
451	4553	585.3331241	94
459	16185	600.4051452	95
461	7756	1127.902037	54
464	19019	346.3382655	99
466	14859	480.7788596	142
470	6416	1371.303015	126
470	7296	1721.075159	123
470	16645	1639.754108	120
470	17651	1690.310548	125
470	18337	1777.905345	124
474	6134	1516.08415	104
476	1371	1116.073793	73
478	2456	1874.554314	145
478	4794	1795.778345	150
478	6433	1957.149499	141
493	15188	342.0582917	209
494	5228	2234.895612	132
495	18581	3016.447152	36.1209642
500	9931	650.6227736	108
509	17638	541.0989337	115
510	4028	221.1080179	153
513	3057	1805.088215	70
513	12643	1702.707367	74
514	5045	2720.057141	77
531	8430	3889.985281	54
546	4568	1725.631531	115
548	8555	414.9230764	115
551	638	3840.410957	20.39769385
556	2104	332.2149045	69
564	9315	1390.976833	72
567	12862	342.716628	111
569	17455	1940.625437	50
578	14945	2532.907402	68
580	6435	568.6952947	112
593	3992	1940.979713	41.21271655
594	6374	1303.678226	49
594	12174	1455.161302	50
608	18044	624.2622681	112
611	12665	811.4927463	169
613	3338	5683.881401	30.97006447
618	8956	1049.084577	70
624	3765	3764.751404	67
634	8547	2965.560368	69
636	3010	312.2205453	152
643	10696	931.7390827	28.36356641
646	4009	935.4989427	34.5675579
649	10208	1006.880556	61
658	8646	890.7017625	86
658	12622	886.9325929	84
658	15714	882.8103473	83
664	18756	1659.671597	71
665	18799	368.1397675	122
668	4082	1041.500906	99
672	13798	357.4956252	162
675	8927	2600.219882	84
676	630	1237.434586	148
682	6499	1803.569653	6.224921831
687	17467	667.4542882	105
688	2961	979.2497113	136
694	14796	1884.296695	72
701	14125	1888.673445	78
709	16037	505.5327401	155
709	17896	547.1808653	146
718	9545	371.4994759	176
722	3513	3214.953544	20.39769385
722	6027	3227.92537	21.78798276
728	4798	1106.25513	33.08095687
728	11538	1131.337826	30.97006447
728	16052	1146.858342	30.2968022
733	15664	181.1800086	290
735	1053	291.9943016	140
737	3164	2447.319325	50
742	9935	1335.03246	112
748	14486	195.2083854	124
761	2950	374.3712391	123
762	7369	2173.423168	62
762	8611	1950.684563	63
763	4588	1028.672975	144
763	9590	775.6480008	151
763	11890	742.9072315	153
763	13446	1050.90604	139
763	17839	1109.399979	138
766	136	632.8139091	27.74696714
766	16944	568.3187895	31.65828812
790	19442	492.0185079	134
810	15947	272.032452	234
811	6624	315.0190607	127
814	918	583.19965	106
815	6367	465.6850955	92
823	14619	227.6007466	305
831	17763	363.3503593	57
833	4459	1802.984642	87
837	12495	1518.297827	77
838	1388	659.4475706	105
838	3908	509.0289794	105
844	3919	681.5397124	173
845	15713	463.6038766	126
847	15057	731.7949577	117
862	7598	1275.17604	107
862	15019	1299.598722	105
864	11426	916.837974	28.36356641
867	3672	596.4712271	96
867	17647	621.3241414	95
870	793	699.5411559	105
873	8479	183.2236353	250
877	1378	204.130523	188
877	9340	362.8931124	182
887	9818	1017.953967	73
893	17632	2986.968278	79
897	16152	3139.778295	84
899	7675	1863.872434	74
905	19673	1270.845816	85
907	8480	2637.026894	71
908	5784	1090.193929	116
916	1226	1865.416952	40.31678793
924	12501	1134.928477	51
936	6442	2543.654101	50
943	1878	1749.664614	128
946	5	403.5400749	120
949	5669	1848.054829	77
953	8148	336.6298115	185
964	629	406.6410066	107
966	3893	4026.412572	83
969	5175	2703.76901	69
970	15397	1779.68199	52
977	17505	3051.211814	37.7441779
989	4124	725.3802881	41.21271655
989	6779	718.0345623	42.1285547
1005	2814	4634.740739	60
1009	5508	1454.361929	60
1015	4461	198.1540746	216
1019	17128	2913.899048	53
1020	14894	915.1077326	68
1029	4766	1903.885835	59
1034	11705	1807.13596	93
1041	4123	606.3484209	118
1042	16449	3020.783219	31.65828812
1046	15727	686.9401989	88
1059	549	222.7203768	191
1061	5772	1764.797028	48
1062	5942	639.8590831	91
1065	4315	1531.939516	87
1068	2685	936.3171874	128
1069	16423	1735.935995	94
1072	212	1345.44988	17.87759777
1076	1721	428.453307	139
1076	5510	433.250006	140
1077	3540	1043.364568	39.44033602
1078	3022	184.035902	193
1086	9050	2417.982053	42.1285547
1087	523	1598.881382	85
1088	14227	602.8988837	73
1090	3090	1018.873536	107
1094	7378	5180.975956	64
1099	17849	438.0082163	159
1105	18245	1786.322901	44.02173913
1113	12730	2399.535639	41.21271655
1113	17204	2339.866426	43.0647448
1114	5140	1086.011013	180
1120	404	281.8753205	331
1130	5625	3358.475095	36.1209642
1133	19228	226.2877083	228
1148	17920	445.0592617	106
1154	6951	1033.23098	54
1154	9447	1182.658744	48
1160	19396	272.1842914	98
1161	9813	986.2323983	116
1167	4759	1247.627877	109
1169	7847	814.1226454	46
1171	9394	1552.729236	54
1173	3899	1221.668858	96
1176	7367	517.3640431	129
1177	8539	593.0297832	96
1178	8215	676.1229546	105
1180	2630	507.1417748	110
1181	18557	765.3733782	83
1188	236	2311.225168	37.7441779
1188	18274	2007.171414	40.31678793
1189	3969	2584.049535	42.1285547
1189	7626	2578.318651	43.0647448
1190	2493	752.8922995	94
1192	1331	282.1400636	202
1192	1501	367.4809304	192
1192	7521	246.8372782	230
1192	10276	344.7319712	201
1192	18573	319.8215412	196
1195	9354	1270.5193	135
1210	6469	306.4097771	80
1225	6908	900.2444175	187
1228	4425	584.8186541	94
1232	1564	2654.641527	128
1241	15854	608.0621541	60
1245	18793	2485.169057	75
1257	19375	2171.516834	67
1259	11400	190.4362946	228
1262	3330	3594.53042	25.41173093
1262	4655	3611.639918	24.859302
1262	7297	3491.362685	25.97643606
1262	10784	3618.940421	24.859302
1262	11785	2832.019565	25.97643606
1262	16343	3600.445558	25.41173093
1265	652	1691.794252	80
1265	3842	1854.682628	74
1267	5198	1050.637246	52
1270	17680	482.2259136	69
1276	9936	933.1331452	116
1280	7880	477.8111308	61
1285	7044	1920.137389	68
1295	17390	413.8504822	122
1298	9229	3474.203852	55
1298	13468	3357.168579	59
1305	4390	1156.545087	80
1309	660	364.6687952	153
1313	3198	242.4756875	135
1313	6877	210.4626009	144
1314	907	1391.965618	59
1315	17115	197.5261568	277
1320	16758	246.5146293	220
1324	7855	342.0227628	124
1327	11436	2289.682327	87
1340	16271	479.7067452	100
1349	1581	1496.921846	77
1349	7830	1493.446676	78
1349	19663	1371.085656	68
1355	5533	597.5114639	166
1362	3953	1633.036652	104
1364	19644	309.3349494	144
1366	16894	1668.469153	75
1367	2290	1417.281128	36.92365229
1370	856	1555.838469	115
1370	6129	1576.546698	112
1388	2785	636.5610615	72
1389	2865	1484.481506	50
1395	755	3954.716021	36.92365229
1403	19318	2121.108639	84
1407	15577	2178.927697	54
1415	13440	1084.798746	67
1415	19634	1121.034531	58
1424	275	403.3980763	144
1425	4029	290.3009921	86
1429	1245	444.509259	113
1429	11464	462.0975602	118
1432	19646	497.3626305	129
1437	13645	734.7049138	158
1438	4453	473.6403975	170
1438	5816	499.0604165	171
1438	8031	471.2170827	179
1442	17391	3345.342569	54
1446	16695	293.948981	127
1450	5119	3368.922929	78
1450	8824	3395.72728	78
1453	3532	1189.360906	123
1455	7819	221.1961816	283
1462	1424	277.5133643	162
1462	17790	255.7108867	157
1473	10969	941.2249101	107
1479	17684	220.5805494	243
1491	8081	1197.669344	48
1491	17908	1134.350497	51
1503	8399	495.4318349	63
1503	10063	562.4390869	57
1503	14502	604.0102073	52
1504	10678	1813.125462	20.39769385
1505	18620	1473.869685	58
1506	4548	1180.784171	70
1510	6416	1407.596603	114
1510	7296	1579.629886	130
1510	16645	1619.440578	115
1510	17651	1636.249907	126
1510	18337	1759.717053	119
1513	744	390.1996328	83
1516	14155	245.5130131	89
1517	8292	1003.384663	150
1517	12312	934.5219224	150
1518	13020	1356.926417	70
1518	15289	1410.810074	65
1519	17745	197.7631465	210
1520	3266	1631.20834	116
1521	19330	278.9999418	97
1523	1574	261.0979242	158
1523	11365	247.0466006	151
1526	9747	994.2933924	145
1526	16363	910.9332432	142
1533	18136	1237.53031	146
1535	8810	539.8091608	113
1535	19187	510.1481969	123
1547	19275	632.3879549	64
1556	9582	1072.858174	144
1558	5087	1197.856383	43.0647448
1561	15053	1952.315771	48
1573	5766	1285.755298	100
1582	7066	286.6761388	138
1586	12382	725.232107	104
1592	992	460.3196876	112
1593	5514	818.3884085	82
1594	11640	1587.346612	58
1601	4069	339.3831962	154
1601	9812	290.697156	149
1601	16166	328.4565077	159
1601	18884	410.0146466	141
1606	9817	964.3487849	135
1626	1469	992.4757868	114
1641	7261	1692.818082	112
1647	9450	453.093875	84
1648	13751	582.3149893	64
1652	7883	228.7869918	220
1654	9373	393.1477425	212
1655	11318	386.5340581	84
1655	14292	245.2008663	93
1655	17562	322.3159564	97
1659	16248	1823.168681	93
1667	10680	425.9474571	94
1670	2777	2702.485645	74
1676	14556	789.5723876	69
1682	9473	682.0641639	90
1682	16050	692.2974736	88
1684	6871	782.87853	88
1685	11907	492.2721896	145
1688	16712	3488.295546	66
1690	3162	1810.700946	24.31888239
1691	12100	2073.149123	66
1707	8239	234.9238154	165
1707	14798	213.4536077	178
1709	10069	1487.889914	59
1714	19486	656.0889182	113
1723	3631	2278.357851	107
1731	17617	1783.013772	89
1733	11842	1663.269999	40.31678793
1739	17123	1521.706927	91
1741	7157	379.2775432	166
1747	10506	594.362984	93
1749	18455	446.577782	173
1752	4491	975.8875301	140
1755	12768	485.5279752	111
1755	13746	519.3539454	110
1760	17176	2923.902306	62
1763	10978	2048.547082	62
1763	13921	2076.562174	60
1764	12923	977.7076106	33.08095687
1770	16368	3262.730871	36.1209642
1778	19367	500.5583885	122
1783	15960	886.4181227	61
1806	1687	1180.666339	80
1807	17397	629.5594354	110
1816	13072	1895.054493	99
1823	13022	1458.16956	75
1823	18430	1551.917133	71
1825	14550	987.7202718	52
1826	14190	1329.79739	36.1209642
1829	3867	1012.607403	121
1843	4347	3155.407215	32.36180563
1843	8524	3184.984706	31.65828812
1847	16557	489.0947627	111
1857	19668	2647.974743	57
1858	7436	617.6029026	107
1860	1519	192.1750529	296
1861	1940	1446.747945	59
1862	16421	739.9652968	110
1872	12576	1256.667227	149
1874	433	699.8252723	80
1874	3643	697.2062463	80
1876	10948	540.8673606	124
1876	14425	542.1462506	119
1878	5371	6403.590528	24.31888239
1882	14586	2862.006424	68
1884	11387	1665.533208	40.31678793
1887	15425	1092.445288	80
1890	5690	207.4314745	214
1898	16078	1169.332364	73
1910	3482	1068.961857	71
1912	2017	1975.262751	23.79021103
1912	19394	2495.454781	23.27303253
1915	17479	1496.568236	90
1916	4192	1896.585254	86
1919	15318	223.4178949	128
1924	11851	2534.592313	68
1930	480	1045.461882	123
1930	4275	1253.39957	119
1931	604	307.2176645	227
1931	7593	214.0432979	210
1937	3041	480.2914487	170
1938	7301	726.4580598	133
1943	15795	480.1876316	134
1962	11219	578.451485	102
1969	13344	2476.550991	19.95426572
1971	3905	300.7780491	42.1285547
1980	3012	795.4777786	85
1980	11151	831.0815817	81
1980	15093	798.479046	92
1981	19083	374.9387253	168
1984	19701	332.7193249	147
1986	5663	693.7914602	111
1990	3291	2382.228844	69
1991	2467	3120.759155	25.41173093
1991	6362	3104.895027	25.41173093
2003	11300	733.8179674	35.33572585
2003	16161	695.2968921	40.31678793
2016	4962	3767.972916	86
2019	13385	1754.037963	127
2021	11546	858.231478	63
2024	16788	1541.599282	87
2028	336	2765.218307	141
2030	13573	1052.526479	140
2034	13620	573.1475393	144
2037	9855	516.9585857	64
2046	11032	1415.624892	92
2052	8709	3255.454491	110
2054	5905	1077.770192	117
2055	15816	761.3535488	96
2063	3126	1374.725542	52
2064	4534	439.3133571	122
2067	5209	357.7043363	103
2068	4866	400.9861625	110
2068	19399	449.2479008	101
2077	10607	696.7889385	82
2079	18175	1375.562756	33.08095687
2081	14535	562.5945994	110
2084	4264	1040.607794	40.31678793
2085	10907	471.3165833	99
2086	6379	885.40107	143
2088	4489	493.5321233	51
2089	3224	1661.221133	79
2094	11983	727.3204197	129
2101	7486	789.9689913	54
2110	14139	585.6322693	75
2113	6976	1006.28181	106
2114	3568	1369.452774	16.73683012
2115	4914	656.2865023	62
2115	6801	651.1896383	63
2119	13082	1106.702576	49
2124	19598	3521.930017	24.31888239
2125	3179	1215.874986	78
2129	9015	1026.632116	161
2130	6949	594.1459079	49
2130	15347	604.3087897	45
2131	16514	3427.817346	36.1209642
2133	10931	2121.093355	95
2136	16041	1189.689317	61
2139	13659	2006.189525	68
2141	16829	464.7350771	71
2143	16519	1995.066479	98
2145	7024	477.8067414	72
2145	13536	551.7121196	61
2157	14753	388.5794281	107
2158	11036	2216.690286	61
2159	14480	947.8135654	106
2166	3678	426.1726964	133
2167	8813	1051.628751	118
2167	17188	905.4504184	127
2175	11315	1135.369604	63
2175	12602	1199.577192	72
2176	15374	702.5644661	112
2178	15825	944.1598133	92
2181	7887	545.8040384	116
2187	4967	238.9893114	95
2187	18607	216.7218162	98
2212	364	198.6783601	177
2214	9781	1262.809272	69
2216	5521	926.9231528	46
2218	2643	1598.680484	69
2225	1950	4703.787526	55
2225	9021	4867.996254	53
2227	14376	3978.271192	106
2232	2610	260.0995873	199
2234	10135	223.2767672	344
2243	15089	3378.177678	36.92365229
2245	15733	589.0765943	118
2263	16927	1453.925963	117
2266	16126	589.3946683	95
2268	6287	239.7294664	176
2275	9153	1981.886781	76
2281	18300	465.1268749	91
2285	6771	2573.557692	41.21271655
2285	13320	2591.460234	41.21271655
2287	12974	526.3549187	110
2292	10236	466.5745387	72
2297	6390	1652.920651	44.02173913
2317	9704	4913.77111	48
2318	2903	1003.83627	86
2318	16493	832.5231229	92
2320	14787	212.3763548	107
2326	18309	224.2321785	223
2341	425	203.6501081	239
2343	15710	611.1223119	65
2344	12285	2511.040073	66
2345	10129	2059.269251	17.87759777
2350	6583	1628.889292	55
2350	16988	1515.565004	60
2360	19594	3401.658492	77
2364	4891	1888.154582	95
2367	18609	549.8545668	106
2369	8584	685.1175726	103
2372	17594	775.0558399	93
2373	17600	1114.799345	21.78798276
2391	18684	3660.033326	52
2395	8258	2190.556657	59
2397	7501	1098.105854	99
2397	16881	1178.511876	96
2403	213	730.0964458	129
2410	4609	671.6234043	92
2412	8146	636.5975084	133
2413	8448	631.3717821	113
2415	5104	2032.815936	60
2416	13692	1223.246467	55
2422	533	1237.774491	73
2437	8702	1970.591472	61
2438	16746	534.7389545	121
2444	8107	876.1775413	107
2457	19737	239.3630661	141
2467	15776	322.1121151	103
2469	1331	288.4370906	187
2469	1501	354.3105885	186
2469	7521	271.6641735	199
2469	10276	337.1125554	181
2469	18573	268.5685131	203
2470	4180	1562.379875	59
2470	8600	1170.59313	67
2470	13495	995.5836254	92
2470	14316	1207.099382	58
2475	1594	284.5680754	86
2482	14575	781.1942603	112
2483	18606	1241.519634	94
2484	9568	779.4490549	62
2484	17026	722.6908735	62
2485	1912	219.5636179	214
2490	12604	1351.928456	69
2493	6717	939.7206419	144
2509	13141	1254.883618	67
2513	10053	808.4772459	43.0647448
2515	9604	739.3544243	83
2515	9928	494.8626078	68
2517	861	243.5436911	149
2531	715	3025.562059	68
2538	9551	1542.057597	78
2545	15370	404.4346342	150
2546	14896	1929.527628	62
2546	16389	1913.344252	60
2551	8923	1624.128777	94
2551	11930	1695.889876	89
2551	14726	1695.554369	93
2554	14959	200.3954977	157
2570	19228	188.6492578	233
2572	3496	2145.157749	64
2575	5360	323.6127397	121
2578	10286	585.5865647	141
2582	9244	194.1503999	261
2583	5048	510.2522459	100
2585	18971	1025.501697	36.92365229
2586	11950	251.0256158	192
2586	19683	202.4769847	206
2589	11213	2754.671486	42.1285547
2593	19601	1481.437861	69
2603	14278	1228.937087	57
2605	10765	3033.290495	19.09611913
2607	2801	3902.148677	94
2610	7429	862.3885636	83
2610	13231	830.4633481	88
2610	13441	866.3973157	85
2612	7472	375.440399	122
2621	3379	551.0709809	156
2621	18020	655.832929	148
2624	13044	320.6147476	109
2624	15658	264.4199624	124
2637	9267	540.02979	145
2639	9318	1761.098236	120
2642	2248	515.8739271	114
2642	9116	513.254843	122
2642	14602	529.9973102	123
2646	16820	1657.168946	91
2651	14203	970.9435868	80
2651	16297	991.1674924	78
2657	3817	1336.871298	65
2657	5926	1362.506593	63
2662	16600	871.4132397	104
2666	8741	298.0235924	181
2672	4946	1252.227602	139
2674	10292	1849.094661	61
2680	12864	1598.67384	86
2686	3989	809.5273113	203
2690	5846	1484.040527	146
2696	2668	428.5950709	124
2696	7386	396.9449153	127
2700	16027	2268.415842	95
2703	8449	2215.634492	77
2705	8387	496.861292	64
2707	16424	1557.118465	74
2711	1903	521.1087811	30.2968022
2728	8585	382.156419	196
2737	14985	2706.179463	86
2741	7518	2936.979923	91
2742	6697	1478.886853	89
2745	5780	2468.492638	52
2745	15180	2442.011437	55
2747	17206	578.837688	71
2749	17160	656.2417704	95
2759	3149	862.0503809	131
2759	8120	907.5723007	132
2759	13045	905.0789748	127
2759	14532	934.750991	126
2759	16974	744.8902081	141
2759	19085	818.0282531	133
2761	15374	526.6929309	115
2765	1862	630.4698114	118
2769	19015	1173.403385	110
2775	1251	1095.054261	7.260242512
2775	3370	1070.207905	7.260242512
2780	17339	196.0566006	295
2786	13303	941.0175951	102
2790	19232	589.3301671	137
2795	4867	2248.080937	29.63817606
2795	18308	2198.995857	33.08095687
2796	5317	200.4206769	337
2799	2604	1610.933304	65
2800	13431	2235.143379	90
2801	7480	873.7608141	121
2802	8344	257.0097033	287
2809	6532	2459.66323	36.1209642
2810	1159	213.5228616	168
2810	19231	244.4424047	171
2813	5358	839.9355525	93
2813	10633	934.7599773	95
2817	16929	228.0614037	113
2818	13736	411.6500477	87
2819	18689	853.4841024	154
2821	10172	784.2083153	108
2821	18319	650.3738709	115
2827	12788	2096.70636	68
2831	1175	3502.339421	103
2831	9697	3483.7349	102
2836	1283	204.3807677	148
2840	3371	190.5932364	219
2841	6104	1015.092114	83
2855	15522	793.6663847	63
2856	4449	738.1053146	107
2857	6226	474.1993596	144
2863	9113	3013.736352	80
2868	7398	289.4095921	126
2868	14625	419.9528438	99
2871	2854	1059.027952	106
2871	10122	1000.159499	105
2871	16149	1075.809634	103
2871	18779	1112.576666	97
2874	741	901.1315486	172
2874	9094	985.2771654	168
2885	3231	2292.833542	42.1285547
2885	15645	2341.802678	41.21271655
2896	3774	3261.408247	17.87759777
2910	9479	218.1733022	141
2910	14758	213.3882508	146
2912	4600	551.6223246	93
2912	9579	526.916113	98
2913	17275	809.8368116	116
2915	16855	2658.332278	68
2920	1725	3934.877916	8.848282679
2934	3377	2258.262437	115
2936	14741	253.2712829	119
2937	9946	1531.64862	66
2943	11882	788.6730551	125
2944	10956	613.0799555	134
2950	7411	1900.518101	106
2950	17894	1867.786313	109
2954	14909	1354.889561	36.92365229
2961	19661	2675.783688	38.58293741
2962	10659	2861.370873	24.31888239
2962	13414	3496.015568	24.31888239
2969	4887	877.638537	34.5675579
2970	12306	1303.260295	100
2974	5165	730.3654772	109
2974	12762	672.3178861	120
2974	13450	690.0281646	114
2979	1040	927.0103541	139
2980	12547	1477.519769	39.44033602
2980	18231	1492.727835	40.31678793
2988	6723	454.3395399	145
2991	16655	254.2362501	153
2994	17842	593.717154	49
2995	3804	900.9523473	17.10875968
2995	15907	828.9550835	18.68098611
3003	12114	199.4730479	290
3011	10570	2522.513701	109
3013	4684	1631.375808	66
3018	17473	1573.46782	56
3019	3135	1538.176844	61
3020	15515	2327.119268	115
3024	4747	776.4342914	98
3026	11337	817.3445094	113
3036	16200	504.8689211	145
3045	18806	2623.189241	89
3049	5770	550.3162143	126
3049	8460	566.9754183	120
3049	12379	581.7842954	125
3050	10173	742.3409373	173
3051	10500	612.1263282	145
3055	19155	660.6540584	87
3056	5923	1267.315445	114
3056	6384	1287.15219	113
3056	18851	1343.629206	109
3070	4995	2715.730714	78
3075	11702	435.4595005	163
3079	18261	287.9043645	150
3082	381	1043.334185	17.10875968
3082	1529	1020.887735	18.27487772
3082	2744	1008.100774	19.09611913
3082	3016	1020.109933	18.27487772
3082	3235	1020.926642	18.27487772
3082	3616	1019.435183	18.27487772
3082	10354	1032.890817	17.10875968
3082	10886	1029.22102	18.27487772
3082	12191	1042.918634	17.10875968
3082	12444	1013.820331	17.48895434
3082	18354	1019.435183	18.27487772
3082	18616	1020.926642	18.27487772
3082	18940	1019.435183	18.27487772
3083	15531	1378.416395	83
3093	14829	2745.224201	61
3100	15775	347.5654246	110
3101	12339	1882.526637	61
3106	5525	296.8030876	98
3106	19398	325.315042	88
3108	5230	878.2249368	116
3109	12653	1520.709024	81
3112	17277	206.764179	171
3114	1862	436.4440786	133
3117	5366	291.7021691	144
3120	19251	334.7936136	109
3120	19698	358.5695674	117
3122	7603	2736.934632	52
3128	18317	1953.451665	89
3137	1315	872.6170391	116
3139	15203	2223.815331	32.36180563
3143	13989	605.960389	135
3143	19166	418.0919608	133
3144	15373	3511.981898	39.44033602
3153	11422	343.693057	78
3158	3299	237.0792119	192
3164	5666	1771.023539	113
3172	4330	9261.997406	49
3174	5996	2276.579132	70
3175	11438	395.344803	278
3175	15573	296.694858	278
3177	11206	252.8234295	213
3177	18673	284.2341653	214
3184	12398	496.7246196	92
3185	17939	3323.635912	84
3187	17605	722.7725924	96
3192	3311	5124.49123	61
3197	3706	330.0784531	157
3200	6981	1582.527677	37.7441779
3210	15106	1198.926076	147
3210	19360	1298.504998	149
3211	14581	417.3751124	302
3218	13648	572.9700647	84
3222	2729	2634.168504	61
3223	17460	234.999245	163
3225	1751	666.9308869	50
3225	4443	645.9666942	54
3225	10511	627.77654	58
3236	1500	870.3014681	57
3243	16458	892.3650245	18.68098611
3244	9424	1590.11689	7.421581234
3244	15492	1606.082072	7.421581234
3245	2644	2231.469233	65
3245	3037	2274.279306	66
3252	566	720.2172417	142
3252	5553	709.6400381	131
3259	3986	521.0999501	105
3263	11061	188.9590006	273
3278	1326	1018.750557	75
3281	14497	954.9916902	66
3281	19150	1260.55005	57
3289	6350	1026.886385	93
3289	16889	1063.741052	92
3292	14137	1305.910912	106
3296	5840	441.0900296	107
3300	12256	895.9009003	136
3306	18143	1045.936528	73
3308	16434	1079.623096	75
3316	4675	797.1253922	93
3316	9774	871.1711087	91
3320	2341	680.8365068	88
3324	1303	313.7151785	160
3329	18499	248.0780682	120
3336	13379	848.9316912	87
3354	1948	842.5270545	121
3378	3480	283.2399533	112
3387	18596	2269.479402	30.97006447
3388	16949	2622.783664	107
3394	2036	1203.362128	90
3396	15827	1131.312322	44.02173913
3411	10316	1632.906386	123
3414	15238	2764.403815	56
3423	4133	1289.430988	22.76709704
3423	9994	1232.705825	27.1437722
3423	19059	1264.408805	21.31433096
3436	6640	2844.897252	37.7441779
3443	18910	1315.660981	85
3444	19031	846.5328534	93
3448	18568	1106.897907	50
3452	12933	1153.088665	78
3452	13355	938.1244304	90
3453	2898	4703.279178	55
3454	11953	185.8149869	311
3455	19249	603.7553338	88
3458	11941	733.7420431	90
3458	17799	776.4064935	82
3459	3900	7320.551629	63
3460	4334	337.5971537	178
3464	2414	458.2575569	127
3469	12051	1548.323082	87
3476	12079	8056.231985	45
3481	11608	251.9113649	102
3485	4650	3272.634272	21.78798276
3486	11507	1324.781965	100
3491	3907	2670.260431	63
3500	660	193.8489336	170
3505	8123	708.7984011	109
3512	1066	521.4716468	127
3522	10606	629.3843165	106
3531	794	599.2548206	125
3532	17861	1680.964811	66
3537	8591	1059.696883	49
3549	3394	1368.656978	147
3558	18620	1152.471535	63
3559	6240	717.11094	86
3561	17245	1944.044311	91
3564	3969	2281.790777	48
3564	7626	2244.168995	50
3570	17075	518.0742389	118
3573	18995	2309.996047	32.36180563
3585	13409	2762.948726	73
3586	4843	1041.357448	44.02173913
3586	7868	1046.627033	44.02173913
3586	8241	1184.786742	36.1209642
3586	17893	1173.1834	36.92365229
3592	15794	203.4439107	170
3594	3945	1160.73897	89
3594	6616	1144.234474	90
3594	14214	1105.877636	93
3596	3519	1094.931394	128
3604	17235	411.2809547	101
3611	9033	327.2172738	83
3615	19483	229.9693687	122
3620	13084	3753.040837	73
3628	7089	244.8463499	144
3641	11825	835.9862209	131
3643	10944	200.9230159	182
3655	6873	648.8124882	104
3658	913	329.045657	86
3661	2716	1239.973922	110
3667	12858	489.5127075	145
3672	8573	1187.262993	105
3677	1971	296.400277	137
3684	2371	416.5279249	189
3687	5722	2261.444359	110
3697	17389	630.4615832	131
3699	511	358.3571702	130
3701	9456	368.3753288	127
3702	7112	2020.348778	75
3702	11073	2023.320287	76
3703	10022	2024.76312	51
3706	17239	209.8396718	240
3712	3579	1775.015175	120
3713	18914	290.6344449	95
3715	3704	1146.62911	99
3725	12794	1216.032631	24.31888239
3728	15457	1640.985304	49
3737	3445	1006.13096	82
3744	8960	1592.602208	66
3747	15498	423.2671633	51
3748	417	198.5944766	195
3748	15189	210.3091046	194
3750	7038	2675.087325	33.08095687
3755	19415	2835.436135	84
3765	5853	1044.414142	128
3772	4123	780.6942143	126
3773	18068	359.9585971	140
3777	7131	4881.187866	69
3787	8278	236.7848363	162
3793	548	1409.568957	7.421581234
3793	15011	1405.876036	7.421581234
3793	19359	1420.386214	7.421581234
3796	1858	321.5117927	143
3812	15342	1644.421754	102
3816	1761	193.251323	143
3819	5895	272.8244233	158
3821	9912	705.5687385	73
3826	17507	831.7743863	46
3831	16212	369.0291845	154
3833	2491	204.1707148	153
3836	3938	1213.587618	56
3839	12507	3309.912484	53
3839	18323	3613.416666	52
3840	8327	935.2932343	44.02173913
3840	13276	956.4306047	39.44033602
3843	6243	493.1962134	169
3850	1728	1415.847679	58
3852	11121	2039.215861	64
3866	11403	433.5822794	143
3876	13789	360.2609072	132
3877	10782	194.3832197	289
3878	12166	2035.600198	58
3884	17180	252.7379894	158
3884	18353	282.9082377	148
3891	5000	1128.100538	112
3891	6267	1063.820817	112
3892	6681	927.8831252	117
3900	18659	1748.710397	64
3903	13580	400.4014774	90
3903	17982	374.9091342	90
3903	19303	367.5009402	92
3908	8237	1403.799881	55
3908	13668	1423.20012	54
3909	11448	2884.437718	96
3913	17514	940.0053206	112
3920	18567	192.3342264	229
3926	545	4308.117469	65
3928	9564	189.84479	229
3941	19218	245.669506	139
3942	12686	1147.769555	51
3946	15601	2788.050392	59
3948	16113	3375.604701	90
3950	10339	1413.187744	54
3952	1539	1749.95608	66
3953	14921	1989.526268	56
3957	5412	1626.049798	80
3962	16893	2046.009304	61
3967	12484	984.2905164	131
3986	17003	921.2375341	48
3986	17301	897.0703551	50
3987	9061	600.7348964	133
3988	7007	609.3180888	70
3993	10995	3791.077789	23.79021103
3993	17050	3841.724179	21.78798276
3998	2353	790.4149235	69
4008	17663	225.5175631	294
4012	8166	569.662385	192
4034	9063	1552.248199	50
4034	14578	1465.75437	52
4054	2010	935.829518	129
4064	1179	206.2793528	165
4077	6423	511.9291754	36.1209642
4080	9329	1103.379303	37.7441779
4084	10987	543.1320193	103
4085	15374	801.7459931	104
4096	2037	696.0958201	107
4096	16836	643.4656356	107
4107	10605	346.1441806	180
4108	16707	1987.205889	82
4109	12847	2382.135998	104
4115	13802	1648.048595	12.85669654
4115	18771	1657.506709	12.57720313
4116	250	429.3496493	107
4118	1406	1416.37419	75
4119	9326	3814.697673	65
4129	16899	561.5845392	148
4133	7017	1059.416174	72
4133	12648	1055.960675	75
4135	7103	1046.876652	99
4140	8614	1107.292993	152
4146	4864	4956.391469	64
4156	6525	245.6801514	152
4161	585	255.8552595	145
4166	292	3826.817728	70
4177	17181	3933.063577	36.1209642
4179	2704	1533.871955	56
4188	3917	1075.884882	77
4193	15204	1552.223275	112
4198	17196	221.3122837	220
4203	5529	2615.451412	36.1209642
4203	16436	2636.157969	35.33572585
4207	4332	9019.84649	65
4209	11077	193.7953019	218
4222	7942	1587.791077	89
4222	11733	1530.211393	92
4225	10829	3113.436175	43.0647448
4226	11207	1337.980743	88
4232	61	3135.138687	76
4233	9430	1446.472819	81
4243	11850	1218.260714	56
4248	11776	1565.163109	113
4251	3118	791.2891949	88
4252	2012	757.2398251	72
4255	583	1026.195741	42.1285547
4255	3732	970.3597275	43.0647448
4255	18350	1066.488922	38.58293741
4256	2147	1150.84114	73
4258	2947	220.9910044	156
4274	7338	2922.790579	53
4280	17863	311.1325961	183
4282	11250	1109.267184	40.31678793
4291	5909	924.853814	114
4293	2945	322.2625643	93
4293	15875	375.7486345	77
4294	429	631.1718752	102
4304	3111	649.1353117	63
4305	364	189.9038584	193
4307	10230	338.1921874	97
4310	17569	994.5439471	131
4313	14819	1677.627174	52
4319	4219	1540.407582	68
4322	3877	463.7923429	111
4322	11508	424.1217292	110
4324	14039	8153.050149	77
4331	2075	823.4062064	22.27216015
4331	4408	807.293077	25.41173093
4331	4738	831.4547621	22.27216015
4331	4922	813.1437985	28.36356641
4331	18801	813.1437985	28.36356641
4334	12465	584.1044921	119
4334	14294	591.8436525	119
4335	19678	218.5207656	163
4338	4555	602.4338013	54
4338	10020	772.0863367	49
4354	3448	502.9387728	124
4359	13457	678.3683216	92
4368	1228	1018.580909	57
4373	2848	404.1934568	183
4373	15953	243.4550548	199
4384	2193	280.7419886	137
4387	15029	1217.246197	57
4390	4543	3924.2672	76
4390	13425	4008.970682	75
4391	9654	305.8228274	149
4393	2466	533.3126855	126
4396	3042	989.9988881	69
4402	4355	1098.860947	69
4402	11266	1162.913366	66
4412	2720	605.2367879	104
4414	18272	439.1007694	108
4418	5493	2930.815242	15.32822746
4418	6988	2930.921033	16.01705151
4423	4972	2956.492824	54
4423	15178	2657.299536	51
4425	12057	2867.076878	73
4426	7898	895.9058663	39.44033602
4434	11306	181.6431842	186
4445	5266	1091.259277	66
4448	7275	353.2148711	51
4449	30	3816.021974	64
4451	3578	448.4042586	138
4454	12364	476.6820021	158
4454	15814	409.6376305	168
4457	19635	982.6877795	105
4461	11985	1133.165356	75
4461	12807	882.9589553	73
4476	4098	1296.110086	94
4478	4464	683.5349335	120
4478	4569	555.7793492	125
4478	19609	507.5105963	127
4480	18812	525.0734018	144
4486	6262	310.7260925	123
4487	14732	1040.974857	156
4494	8918	694.2805947	88
4494	17342	679.7970345	82
4498	11264	286.1173991	193
4505	4921	205.9104021	95
4507	1669	1127.852817	38.58293741
4512	491	413.3509076	168
4512	1394	322.0224398	174
4524	13567	239.5475381	223
4525	16653	1968.502265	90
4528	8910	1212.426959	103
4532	7091	617.8559348	137
4550	11227	227.1354674	283
4552	853	1637.938332	43.0647448
4552	8233	1665.135475	42.1285547
4552	12453	1681.028204	40.31678793
4561	11005	654.7750321	81
4563	1119	230.1480312	117
4566	7370	949.9331521	94
4566	12322	892.8126812	90
4591	5381	2014.051273	51
4594	564	1168.221955	31.65828812
4594	13984	1170.905701	30.2968022
4601	16597	986.5652644	111
4604	12143	1506.541353	79
4605	8311	5190.001385	58
4613	3798	1810.160437	122
4613	7780	1998.29214	121
4613	15730	1928.0426	125
4615	3552	252.1306393	151
4618	14949	833.005856	88
4621	7221	229.5139406	198
4622	7492	2041.301331	21.31433096
4624	8372	257.8865664	161
4630	2313	772.1947266	80
4633	14266	197.129276	69
4635	4218	224.4278292	300
4636	18502	611.0427282	85
4644	3782	1110.833519	105
4649	5672	1355.475195	47
4649	7217	1220.16616	52
4653	15624	415.6801059	79
4660	12205	6218.44117	35.33572585
4662	14336	1470.134729	134
4664	6259	1194.508626	113
4667	11709	1301.299934	81
4668	12603	1883.110986	99
4669	11322	1588.104184	15.66885474
4671	723	309.0067546	140
4673	10160	944.6068654	63
4677	6522	1102.415853	97
4681	18952	1133.497371	110
4686	14641	1874.186676	71
4694	7505	500.8171811	87
4694	13649	572.6860779	79
4699	4378	2989.372339	36.1209642
4712	5666	1623.972649	116
4713	10431	1340.722347	34.5675579
4713	18524	1302.70806	36.92365229
4720	2040	2682.21271	47
4728	7794	225.7920747	123
4730	19724	884.8865282	44.02173913
4732	13563	192.5509734	243
4745	17179	6322.350689	127
4748	16718	730.2342898	101
4751	14962	1711.672208	52
4752	767	2263.897306	81
4752	7175	1942.611456	76
4757	11829	711.8462817	134
4761	7612	2068.026815	99
4763	11440	1221.638876	50
4771	11517	1674.944256	66
4782	1452	1016.288755	114
4790	10880	430.5561318	177
4791	1479	1751.515275	72
4798	16865	736.1469733	75
4799	16586	944.9561236	85
4802	17604	884.5649772	72
4804	5818	2208.271936	106
4806	8696	731.3216001	93
4810	2459	2895.270087	32.36180563
4811	2667	464.912535	136
4811	5927	470.8522696	135
4811	14089	418.6250726	126
4844	6710	841.9100092	66
4846	11427	2048.553486	33.08095687
4854	2479	535.8187658	99
4854	9797	537.6960606	96
4858	13983	1673.276031	16.37298599
4859	8	2084.270285	59
4864	6374	1690.470903	42.1285547
4864	12174	1816.402599	43.0647448
4865	11512	1935.888365	55
4878	13797	750.985015	80
4879	18913	3148.361671	85
4883	19669	1524.981782	134
4892	330	210.6620875	236
4892	10923	188.0532573	229
4892	18476	186.9873786	217
4895	11011	1820.699356	134
4896	15487	1626.430976	88
4904	3780	440.5287801	85
4904	7407	438.3576191	89
4904	8094	443.6226966	79
4904	13571	450.703101	86
4904	17942	397.1557085	86
4908	18166	1799.498744	38.58293741
4911	12901	230.3584342	190
4930	1381	1076.431106	82
4932	15092	200.0755538	122
4933	957	597.1124236	135
4947	10906	1460.976832	82
4960	12143	1663.732756	76
4962	9383	1209.365343	67
4963	1132	3033.509802	13.73299768
4963	4187	2937.660401	14.99500512
4963	4841	3093.245184	14.03817541
4965	13913	595.3533072	112
4972	18549	422.4049014	108
4974	19173	475.3239843	205
4976	15342	1259.686699	114
4982	7757	1479.716313	84
4982	14062	1477.671832	84
4983	7751	409.6042522	141
4984	4568	1415.136647	112
4986	19089	834.4995829	41.21271655
4997	7383	1260.952653	78
5006	12367	2887.182744	69
5017	7854	3219.395647	29.63817606
5018	9122	2196.522877	90
5018	12168	2192.504818	88
5018	14272	2187.818143	90
5033	10730	365.0712925	101
5033	15698	389.7371327	112
5038	13095	196.5049855	190
5042	8034	454.3678323	130
5042	16060	362.7174722	124
5043	8105	1824.022294	91
5051	2251	233.0108976	109
5055	13218	1020.947384	100
5055	16431	1093.190226	98
5056	2477	1091.220765	67
5056	6817	948.7724127	72
5057	15746	3927.35892	96
5060	11494	1629.604995	96
5063	8532	1241.820892	160
5064	12667	196.4809766	237
5065	1331	224.3721539	178
5065	1501	329.5842834	193
5065	7521	188.5084977	199
5065	10276	231.1593482	205
5065	18573	185.6710278	198
5078	9234	203.4333856	311
5082	7374	1129.192336	94
5089	15707	1046.37161	124
5090	14443	491.616472	88
5092	7170	1934.370944	60
5105	14489	1247.305284	54
5112	10281	1179.416039	177
5117	4299	1025.028989	70
5122	5043	933.3586455	77
5131	14880	465.702453	106
5133	7160	713.0415195	92
5135	17546	675.7564714	53
5137	19428	2842.58118	29.63817606
5143	648	509.241987	126
5143	11321	559.503731	124
5143	14339	529.5963112	128
5151	17295	1090.783768	36.92365229
5152	7035	6517.336689	45
5159	4527	814.4390952	92
5175	15874	1766.152615	86
5178	16306	224.082395	270
5178	19154	199.0557149	277
5179	17280	1211.349215	104
5200	6721	3040.93336	104
5204	3838	486.2797404	124
5213	10461	803.1924933	107
5214	9874	2441.687435	44.02173913
5215	15269	1645.172755	84
5221	147	485.4280928	121
5221	7456	416.2430619	128
5225	8026	568.535794	125
5225	8099	439.8105642	134
5225	15348	450.9670552	133
5228	984	2324.140043	55
5230	4185	871.7385158	100
5237	1636	1124.302067	105
5238	1060	229.1174832	108
5239	17579	1238.818692	101
5242	9438	344.3590926	70
5242	18221	278.6256602	90
5250	12650	4528.997308	36.1209642
5256	1579	4131.79828	36.1209642
5258	14482	1515.859724	74
5264	4856	368.276545	164
5271	647	251.4737461	177
5274	15327	655.8063177	85
5278	3062	425.9869721	141
5283	9689	1112.739728	46
5283	17184	1108.877874	46
5286	14594	530.926215	61
5288	13036	995.518819	94
5289	13444	189.6290403	316
5292	5589	720.1182872	61
5293	13664	262.5119096	221
5299	12664	4084.500591	60
5299	17337	4219.038519	62
5303	8333	723.0550958	54
5308	1581	2162.416724	65
5308	7830	2224.860925	64
5308	19663	2104.800682	58
5309	5364	3478.505582	53
5322	6948	186.4774951	324
5339	15668	715.096747	150
5341	17193	1298.71445	114
5353	2135	1076.561276	112
5355	7601	1722.60625	92
5355	14655	1696.637586	91
5357	1784	1785.304601	131
5361	10955	189.4710185	256
5367	6250	326.5495955	143
5372	14689	290.6533043	94
5390	3477	354.8226197	135
5390	14309	452.7345875	120
5390	18292	461.1739377	127
5395	16365	282.5485544	222
5395	17216	319.8195975	204
5411	17848	2581.404584	48
5414	5906	1287.7615	78
5415	7449	388.6826294	111
5418	9374	370.9393783	124
5420	19491	1183.087926	39.44033602
5425	13370	1194.731096	64
5430	10332	1940.566561	38.58293741
5434	13205	4302.653419	49
5434	13773	4259.20138	49
5440	18377	252.3621309	134
5442	5548	336.7756321	215
5444	664	1540.574118	49
5446	6619	603.6212735	56
5447	18149	1040.296229	89
5448	5716	543.5797335	150
5452	524	3535.197992	94
5452	17425	3472.848967	96
5456	16916	1315.353441	41.21271655
5457	2682	946.9928657	42.1285547
5457	5814	912.1177203	43.0647448
5458	19194	499.024693	75
5462	160	822.568068	83
5462	17700	1033.823579	68
5463	3756	3312.337757	97
5470	13038	2379.186874	86
5478	19107	623.0379389	43.0647448
5483	6405	388.74213	86
5486	16723	185.6115184	191
5487	302	1239.513604	102
5490	733	1183.932513	62
5493	4729	800.8335346	130
5493	18712	772.6552048	129
5495	781	552.0883993	132
5496	12064	6104.088461	87
5502	5858	526.4587404	129
5504	4685	3684.87531	80
5505	5879	1201.662915	96
5507	3389	1080.247342	124
5507	14110	1196.382066	119
5510	17016	291.0011644	201
5512	11333	1883.679501	127
5526	2662	3456.32926	22.27216015
5528	15977	492.3410099	145
5530	10437	5974.358384	49
5533	4452	678.8026214	161
5537	18974	1925.466487	47
5544	9986	458.5848692	131
5550	16213	3948.235795	65
5551	9847	424.5505686	164
5556	10019	1101.348299	51
5566	2261	3157.285586	49
5568	14159	3694.337693	93
5568	16483	3447.229844	95
5569	5819	219.772574	148
5573	15288	2015.89389	57
5582	5213	1324.072415	43.0647448
5582	6242	1441.814357	39.44033602
5582	14026	1442.088574	40.31678793
5585	7674	196.9200782	129
5587	17695	3483.845238	89
5591	15786	187.4309232	148
5598	561	438.3342688	167
5599	1839	1443.22202	98
5602	9711	1630.016694	54
5608	12791	969.1088283	141
5613	7425	688.6341648	75
5613	16764	552.0497442	80
5617	1966	376.748728	66
5617	12120	386.170821	68
5618	4222	3760.797072	19.95426572
5618	5285	3962.151937	19.52047734
5618	9692	3919.184434	19.09611913
5618	11240	3952.351925	19.52047734
5618	16009	3769.607053	21.78798276
5620	15122	2068.662153	28.99386789
5621	1453	880.5904795	44.02173913
5622	11683	264.4327373	242
5626	4463	202.7478709	254
5636	18538	292.5671998	173
5637	451	839.0421079	51
5644	9246	523.5464249	80
5645	14487	298.8098051	130
5647	11739	2215.91374	95
5656	11053	1133.411888	142
5661	13439	510.7004458	201
5682	11728	601.8927854	163
5683	13484	529.5796679	144
5684	384	876.7080311	48
5690	7775	230.2304532	267
5692	520	1053.403769	27.1437722
5692	3493	706.5672689	31.65828812
5694	18819	4022.949854	72
5709	19393	394.2688549	125
5711	4048	647.5621557	129
5718	3816	563.2574867	109
5721	16986	2429.73314	93
5721	17452	2130.795389	97
5722	6348	545.9289443	138
5722	16800	597.3361521	129
5728	516	388.0748327	163
5728	7622	375.9682607	149
5728	9961	379.8851114	154
5728	15606	433.9125368	153
5728	17028	345.9039968	160
5729	33	424.0499627	108
5729	12836	475.0833631	116
5732	8417	942.8762793	103
5738	15229	482.4437736	43.0647448
5738	19670	459.0144845	47
5738	19680	420.7847298	51
5744	9526	4266.445042	84
5758	4001	592.9552692	50
5762	17345	2575.71402	53
5763	4180	993.1502216	93
5763	8600	1019.096794	81
5763	13495	979.989412	89
5763	14316	1023.59972	76
5771	10688	1157.410827	96
5785	7732	5360.060362	64
5798	9227	1658.410242	107
5798	13009	1511.052017	110
5798	13963	1692.05711	111
5802	11613	1271.035725	81
5803	3802	860.6878706	92
5804	10455	192.0289572	215
5805	19168	435.0085378	108
5830	6124	1691.953947	82
5835	16936	2985.368939	103
5837	1925	3709.973786	52
5838	16038	251.9981378	189
5839	4447	264.8081619	111
5843	2779	908.4776752	43.0647448
5843	13523	1041.293229	47
5846	113	1466.527833	94
5846	11361	1549.526224	100
5850	17817	796.5386921	91
5859	7164	304.9264816	99
5859	9656	274.0213753	117
5859	11468	307.7343737	104
5860	16794	520.7850757	125
5862	931	567.9294386	178
5881	14666	527.4576139	129
5885	13465	503.8461344	96
5891	12658	931.1215278	93
5895	4998	265.981338	147
5897	4971	1638.913429	64
5897	7154	1751.283289	59
5897	7981	1594.121808	66
5897	11925	1699.349502	61
5897	17704	1713.581765	61
5897	17822	1547.330364	67
5899	2410	3082.020436	81
5901	2647	1214.228069	50
5905	12572	393.6283845	128
5916	287	3235.734473	47
5920	15958	1188.820176	169
5925	160	763.243847	85
5925	17700	815.4928904	75
5926	13241	1198.985814	127
5937	19588	2520.666886	70
5941	16968	186.4965273	226
5946	15226	828.6573065	83
5950	6019	182.8152065	265
5960	10341	797.8513203	67
5963	19386	1382.49295	72
5965	8892	1483.79703	36.92365229
5971	6925	595.4710129	134
5979	11375	321.6820231	130
5991	11203	375.5000469	157
5998	14763	565.9503743	68
6001	13265	435.1397692	150
6003	16591	4264.322835	26.5536902
6009	5649	182.510179	277
6012	8337	2590.250074	101
6013	8394	1742.024077	54
6015	14285	1400.800527	23.79021103
6016	1331	369.7186867	166
6016	1501	314.064881	186
6016	7521	290.6626451	198
6016	10276	285.7252776	213
6016	18573	353.4071806	182
6028	14057	827.0951082	60
6028	17523	840.4743847	56
6038	12505	2288.71667	88
6038	14722	2295.070956	87
6038	17096	2348.854208	89
6040	8299	832.7066509	107
6047	1367	1406.697904	16.73683012
6047	17077	1588.340507	14.03817541
6051	19546	799.7933835	126
6055	5072	3727.814318	63
6057	5308	848.8940107	110
6058	4918	1034.797774	141
6059	14696	2838.269104	75
6060	5357	836.6531565	142
6061	14363	203.2821188	243
6066	17038	676.2783751	121
6066	17217	536.6610966	128
6066	19146	596.2431084	119
6082	18858	1374.002358	78
6085	9794	1000.809212	133
6095	5064	2397.828866	41.21271655
6095	16684	2450.665954	41.21271655
6095	16693	2297.125155	45
6098	9921	1201.322409	87
6105	5854	677.5957624	110
6112	14965	1920.272112	55
6117	548	1442.26885	6.649207039
6117	15011	1438.560399	6.649207039
6117	19359	1393.205743	8.283674685
6120	17963	1248.430423	103
6122	3325	2269.183344	108
6127	16143	2448.109134	67
6141	2061	765.688527	69
6141	8259	806.553595	63
6141	18553	777.5498421	67
6144	4523	1590.276539	22.76709704
6144	17917	1307.586151	21.78798276
6148	5102	544.5947996	182
6156	6035	1827.483853	96
6159	13172	673.1117345	91
6181	5357	662.964921	154
6182	4799	617.1433855	99
6183	15050	1924.227938	81
6186	5551	245.9965693	177
6187	2923	1640.010746	111
6188	6905	1709.452191	120
6189	12950	896.4024051	134
6195	2089	505.4940291	116
6197	3050	768.0067645	88
6213	7882	2367.954825	39.44033602
6216	12912	533.5707221	133
6222	3476	433.4261203	106
6228	14717	2825.555773	86
6231	5579	1859.512365	68
6232	10987	719.1268437	100
6234	10667	1287.810242	84
6239	1955	192.7012231	229
6243	8329	867.8813977	113
6244	3978	977.8637269	105
6257	4472	194.5511839	110
6259	4121	753.2155005	142
6261	7974	356.2815561	206
6267	1348	349.6201766	142
6267	19211	267.7923304	154
6281	7238	1703.366454	69
6284	3014	3833.693856	71
6284	9557	3267.171571	74
6297	7681	860.5002136	160
6323	8104	756.4286976	62
6327	7731	1636.338817	110
6333	5731	224.7599057	134
6352	11006	2460.364031	69
6352	15724	2867.510348	72
6356	9706	882.775735	165
6356	16775	865.7819134	160
6369	3509	200.8229428	225
6373	5692	754.3377988	69
6376	6648	706.3498602	131
6376	19320	704.1594488	137
6379	3566	1122.398827	103
6379	3684	1088.014056	106
6385	15208	4861.332765	55
6389	704	2647.560169	60
6393	12449	789.3797477	100
6397	19247	5048.455046	47
6398	7372	5467.261905	65
6402	8417	1043.703883	95
6403	6316	1128.848449	28.99386789
6405	2375	3301.75909	59
6405	15191	3687.862312	56
6408	5419	573.7141253	128
6409	17874	2141.296636	48
6410	18472	1408.381334	90
6412	153	1933.222684	57
6416	568	1639.468356	88
6417	5438	1254.408709	84
6432	15493	277.9273558	236
6439	14546	1070.590673	70
6442	3071	804.3840476	109
6452	1326	1567.78212	66
6454	9798	717.5148275	100
6455	10345	1160.796275	97
6459	2486	749.7683234	57
6464	16109	998.9014892	54
6471	1259	4516.320064	30.97006447
6471	10658	4676.695744	30.2968022
6471	12452	4424.57801	32.36180563
6472	18456	603.8231917	88
6499	17008	1600.506976	51
6507	848	998.2789849	133
6507	17356	969.8344097	134
6507	17807	982.3187399	128
6512	9512	1131.908371	93
6520	5850	1230.060868	73
