2	4672	1216.947574	87
5	9170	609.9693626	115
9	4683	1309.364474	79
11	7997	394.3031482	130
12	2093	391.0904444	207
16	4028	9654.736442	46
20	9659	1374.325054	66
22	680	2032.096448	102
26	7456	2019.870496	78
27	8320	704.470019	63
30	698	1274.623509	32.36180563
32	5467	754.7812261	133
33	9758	2499.388433	39.44033602
35	8735	930.7034923	154
36	2480	1346.882105	141
38	5379	1626.861553	117
41	8586	2178.77566	61
43	2045	1345.095871	107
44	9479	821.0031794	96
49	2569	3120.264792	75
54	2948	1829.526748	95
56	3896	998.5866676	59
57	4637	4149.885615	41.21271655
62	5434	184.7882877	172
63	844	947.2529761	130
63	6412	1100.544293	121
63	9678	987.9045388	136
66	3141	826.4076889	65
68	2211	2945.650203	28.36356641
69	3708	3485.879285	65
70	6587	414.1619444	169
72	7732	1059.364303	87
74	2602	4443.976684	40.31678793
75	4345	1230.337642	54
76	562	835.8815283	64
77	7193	2521.197435	81
79	9751	188.9505542	308
80	3981	904.9686616	107
82	6399	471.830174	112
83	9284	406.8456875	91
84	3672	592.141624	69
84	9159	548.0923947	75
85	350	4819.980832	34.5675579
87	9480	733.3364636	90
88	8865	2407.590631	48
92	8093	294.3277866	134
93	3473	219.1398543	174
95	2121	787.3522972	91
96	5479	1903.270796	60
97	9012	1594.618559	95
103	9801	3017.776231	59
106	9438	390.1574028	125
107	8750	696.3681468	104
108	4373	2717.190626	56
109	5735	2137.885814	81
110	6988	2453.058039	36.92365229
116	8264	877.4391338	137
118	4834	1972.154446	35.33572585
120	4469	3641.613237	11.02331373
122	6655	1780.899842	72
124	1225	1785.413878	72
125	6912	1103.03153	102
128	336	2079.001752	57
129	4007	441.3252816	99
133	7413	1117.495439	43.0647448
134	4572	245.2567003	116
135	6570	1090.558799	40.31678793
137	2610	987.9445655	23.79021103
138	8414	1653.611425	61
139	5318	2967.77699	86
141	4414	218.5187921	103
144	5779	4951.23623	77
145	9642	2468.036683	44.02173913
146	5203	2322.978284	24.31888239
147	2970	952.1872829	114
148	9222	1547.255856	152
154	8299	676.1495598	108
155	6921	726.0367668	95
160	1557	4441.12583	13.73299768
161	1599	992.8434432	58
162	4326	3480.235929	68
165	7637	1912.486228	94
168	9141	1495.966473	62
170	1112	2160.21802	103
171	8998	1313.821713	85
172	1743	227.4488208	226
173	3930	3762.68699	43.0647448
174	5127	408.2863642	108
174	9277	349.8258253	104
177	3187	1242.69995	81
178	9869	1549.531033	81
179	2952	329.5779618	70
181	3651	638.2615951	83
182	6027	608.8927564	126
183	6662	3521.648009	26.5536902
187	8186	682.7385914	92
190	952	483.9683467	104
191	2074	1415.578364	22.76709704
193	3290	396.8298735	97
195	3896	1019.516381	62
196	292	570.8825758	113
197	2804	205.3084935	104
199	6442	621.3792123	95
200	1239	1623.077763	57
201	5208	1011.375468	117
203	8056	890.9945443	135
205	8210	2135.696899	36.92365229
206	2595	1038.504505	98
207	6992	200.1682872	243
208	5774	1593.786493	63
211	1374	5061.558311	54
212	2151	1157.608411	68
213	8300	805.3902611	118
214	9189	685.0138854	81
215	1281	235.248198	149
216	7274	235.1834348	107
217	5459	214.524393	140
218	4859	2644.281464	40.31678793
221	3568	1318.532244	96
223	630	1335.059966	97
224	5077	3626.367248	48
225	7167	2731.984281	53
227	2587	431.2803944	180
227	4125	388.924431	184
227	7894	462.2610406	167
229	2781	521.6523681	117
232	5948	5419.685254	45
235	4675	723.9976334	76
236	339	189.5404341	175
237	1843	437.7528412	120
240	5062	766.3073428	62
241	1491	2543.653053	67
243	8457	357.1119055	197
245	1735	481.9301121	95
246	9395	1268.966303	56
250	1260	1333.15653	89
252	5036	1209.024793	65
253	3962	2355.749996	33.81608925
254	33	434.6996851	116
256	170	191.0340635	143
257	8425	1383.901924	123
260	544	222.6567051	214
261	1378	1908.846904	97
262	8896	420.1348124	175
264	8879	664.4915163	54
265	8018	485.1158192	94
267	2971	4091.634664	18.27487772
268	2053	366.7635093	172
269	7375	916.7655702	71
274	8560	487.4424735	61
275	7589	1414.800411	13.1424009
278	7055	580.0855402	68
279	7934	665.1880623	148
281	8565	5733.006432	37.7441779
284	1436	1332.602032	139
285	6497	1139.894541	76
290	1191	482.7305435	180
291	4348	377.1954492	178
295	3433	941.4332419	56
296	2055	1955.644633	67
299	9221	1161.054544	110
300	7217	916.3316538	58
303	7794	1944.927214	83
305	9536	5284.145797	88
306	7132	995.9802232	155
307	422	3026.579102	24.31888239
309	3859	1127.17773	82
310	9567	1315.55827	74
314	2783	1759.100358	88
315	1402	2694.814968	89
316	3294	984.4284144	122
317	5054	2429.70516	61
318	4733	1034.970639	136
324	1920	302.2761895	112
325	8702	310.3552035	126
326	7617	1816.314716	72
328	3879	1230.492424	122
329	5522	283.6303601	115
331	1903	1328.669694	53
332	6770	13872.48014	39.44033602
335	7073	914.7065852	75
339	3821	4378.154221	56
340	7324	1067.696434	95
343	2140	1603.974346	99
344	7640	1076.135347	93
345	5402	2325.808178	78
350	7949	3131.410688	76
352	6630	2659.897387	52
356	4823	222.1013248	177
357	2070	602.7215338	123
358	9305	692.2522009	78
363	3685	2542.493667	33.81608925
364	9497	2826.968006	47
365	5688	658.0109714	90
369	746	305.3291659	125
372	5855	666.5838502	176
373	3150	2280.907921	33.81608925
375	2449	1329.701417	64
377	9154	2300.131536	62
384	4549	1306.975083	25.97643606
386	9711	1221.262291	56
389	3938	1136.87866	61
390	8711	362.8231813	67
392	9692	2980.242767	24.31888239
394	6178	4531.155577	37.7441779
395	1896	439.8181369	116
397	7980	540.1488972	124
402	6283	2202.150405	69
403	4030	3999.657573	71
406	7501	1160.907874	72
409	5168	1564.059886	88
411	4130	452.7232449	122
416	3167	838.1788782	44.02173913
417	6218	345.8920056	154
417	8588	282.3934996	154
422	1753	1182.43572	88
424	6577	2724.091862	65
428	5471	1568.881445	49
429	3479	867.6460232	59
431	451	463.3997644	122
432	3279	237.4384137	159
432	4896	398.7913395	139
432	8971	398.6326754	130
435	7284	4598.428239	36.1209642
436	5477	1345.663838	82
439	4740	421.6527185	109
440	4281	1553.98662	66
441	7470	502.7354534	84
442	7128	480.7059426	114
443	2048	1278.95241	36.92365229
445	9263	1452.73774	147
446	7203	580.0242114	92
449	2075	1658.335701	74
450	1724	3584.540088	46
451	6633	4199.45091	30.2968022
452	2306	1645.985516	31.65828812
453	7614	1322.637513	92
454	4214	1568.598971	48
456	5071	1754.682548	71
457	4519	3166.357453	78
461	622	5522.184304	43.0647448
463	6329	933.8390073	102
464	5733	1067.420387	118
468	499	2530.541073	37.7441779
470	9427	1866.740876	120
474	6564	820.0481352	70
477	5045	2363.617511	51
478	7557	1461.673842	32.36180563
479	3005	1074.397158	95
480	1588	1079.694803	67
481	8965	610.9901797	87
482	4076	6004.658167	53
486	4697	1075.195388	75
487	360	683.7590382	115
487	9588	724.0725581	123
488	1481	481.238673	179
493	772	335.0182384	132
495	2879	5860.118123	75
502	7992	337.3923426	148
510	5917	907.0698666	113
512	2544	1612.880202	69
514	6134	595.1123896	116
519	6940	599.1336275	87
521	3478	2169.864531	86
521	5070	2085.788046	87
521	7869	2474.015642	81
522	2809	765.3922853	120
523	100	1031.967484	117
527	5083	1319.805957	137
534	8090	1722.871204	92
535	332	1160.824155	70
537	1685	2071.741863	70
537	4797	1904.066605	70
537	5078	1720.352308	71
537	6738	1871.901757	72
540	8959	829.5256932	57
541	7043	761.8541909	147
543	4466	1490.588411	135
544	681	1289.686344	106
545	9007	993.5446681	65
547	7785	347.7056235	79
548	4320	3329.970633	25.97643606
554	4173	2222.850149	78
556	1621	1874.749483	5.957214891
557	4593	2024.051982	62
557	5534	2244.868062	61
558	9726	952.6190271	64
562	3066	1833.858495	70
566	8776	2517.826784	48
567	857	846.2784551	73
568	2521	608.6313361	153
571	6774	5356.567042	17.87759777
573	5614	1419.466174	86
574	2714	770.810228	154
574	7692	793.555066	153
575	7523	5411.485086	51
576	7283	1609.289241	66
577	3667	1355.478227	23.27303253
578	6235	252.6089487	218
580	7968	1492.061086	48
592	6086	3335.717857	36.92365229
594	6638	829.0795263	83
597	4035	387.4649119	103
598	1997	3079.593148	64
599	1836	452.1631301	99
601	8130	864.9895533	113
602	7159	1618.650337	85
603	3358	1222.749548	86
606	3172	1986.830377	28.99386789
607	2460	328.3078335	96
609	2141	2284.397283	65
615	529	302.8636666	110
617	4940	1413.054143	81
619	2676	1360.535252	95
620	5658	461.4732582	128
621	2066	659.5274024	93
622	2484	647.8250743	116
623	7190	790.4228702	66
624	5849	1192.243826	70
628	8698	468.7601527	124
630	1019	237.7612358	88
631	7839	1625.701589	64
633	394	347.2069904	126
636	6950	1181.414423	119
639	3218	2687.7667	76
641	7956	2060.631938	46
642	1295	1127.723249	80
643	7338	6414.184583	24.31888239
645	3004	743.9314885	162
646	1971	1788.100639	43.0647448
649	5261	246.5081894	211
650	7514	1405.756422	95
652	2566	345.0593281	167
653	676	2190.959834	82
656	6357	2800.421007	98
658	4771	976.6544487	78
660	7714	2913.878639	50
661	2608	1880.417711	25.97643606
662	3108	383.9081965	180
664	6450	3705.851243	46
667	4424	798.9370273	87
667	8682	821.0610673	75
668	124	1299.377799	56
670	7256	906.3631814	151
674	4246	3931.616147	42.1285547
677	9586	1198.656552	116
678	9587	755.553648	105
681	3696	1133.655027	85
683	6064	600.9724018	111
687	7260	3050.197179	89
688	6543	1815.716212	15.66885474
692	5085	1631.624612	76
693	56	626.479766	123
693	5717	585.137928	124
694	5957	1666.692709	95
697	9120	1022.335686	95
701	3560	1227.152009	115
701	4863	1292.148828	112
701	8192	1126.146008	125
701	8859	1340.535046	112
702	5222	408.3744043	98
703	5404	2216.519624	89
708	1609	1275.504281	33.08095687
709	601	983.5529224	119
710	8173	660.8026286	59
712	2023	1378.017566	114
714	9237	2232.964171	19.09611913
715	6242	1309.345695	104
716	8142	246.9534113	112
717	6390	2197.857456	54
718	3913	1114.562693	75
719	155	1760.523563	91
721	2146	640.2847308	71
724	3101	1978.580943	80
726	167	572.3517257	132
728	4932	1101.179679	69
733	7999	502.4158265	106
734	9567	1295.675013	73
736	4051	2426.828896	39.44033602
738	5817	1446.782399	55
743	6995	1380.157311	118
744	1737	1189.884881	85
747	7452	1093.498837	26.5536902
748	2957	1725.48262	143
750	4420	809.0498025	90
752	1857	1561.249618	92
755	9557	1890.846936	58
757	785	586.139881	115
758	8912	626.7885961	79
759	3289	2668.955678	21.31433096
762	7215	573.3015735	40.31678793
765	7750	770.7365101	33.81608925
769	2019	2950.904863	67
772	8648	3586.539645	43.0647448
774	2297	1002.482777	115
775	8188	1535.113984	47
776	9262	1540.093663	57
780	9644	319.5341363	72
785	5839	1192.907169	118
785	7123	1170.642311	130
785	7315	1140.624815	124
786	3109	2651.938083	61
787	6849	2087.473896	68
788	1135	307.3632979	211
790	9057	4649.366082	19.52047734
794	7509	893.3268834	62
795	8175	534.5808964	80
797	3136	1262.199961	94
799	6740	1924.201291	68
800	7360	901.4227154	60
801	1202	3844.23106	23.27303253
804	4811	1431.978994	12.03631207
805	8944	1302.108914	106
806	7479	860.9335189	91
807	3073	396.1908998	149
808	5897	1233.701608	51
810	628	440.5109843	54
810	9397	397.3990559	69
811	7168	425.2862148	120
812	3488	577.6815267	36.92365229
813	749	525.3034749	95
814	9628	1054.471319	31.65828812
819	2829	4824.347281	56
819	8285	5035.145282	54
820	3657	1065.0098	59
822	375	267.7901838	136
823	6120	4597.423875	40.31678793
823	6172	4780.503237	41.21271655
826	4124	1339.394094	96
827	8974	1724.268037	44.02173913
832	7822	1006.804288	122
835	4166	3276.887992	126
837	3729	411.6298326	79
838	2583	774.8895984	107
839	2122	2338.346266	24.31888239
840	2672	2536.436852	52
840	3392	2392.314826	54
842	7266	929.0277763	78
843	7333	962.1446825	142
847	2027	2420.919689	39.44033602
848	5687	699.3139085	144
851	8564	3321.956221	53
852	506	1576.225839	50
853	3685	2507.874281	35.33572585
856	253	4508.117145	45
859	9317	1563.597202	90
864	9627	453.2432429	144
865	2568	4258.903607	28.36356641
866	9530	1956.233547	73
867	395	3405.316677	23.79021103
868	6931	291.6611779	145
869	2930	6139.079096	42.1285547
872	7661	227.8962902	105
873	4436	609.0496164	125
874	5347	1452.366444	87
879	7773	408.9344779	34.5675579
880	7521	407.0993986	112
885	6127	464.4443178	112
889	9698	2390.426636	31.65828812
890	8294	1144.130804	113
895	126	1779.630995	122
896	4122	606.9389764	99
899	5115	717.8328099	25.97643606
900	189	1220.603347	91
902	3767	661.4228559	136
902	3824	449.1141304	167
902	4622	593.459466	163
902	7361	433.6725633	172
908	2785	583.926507	155
909	4126	259.9821084	178
909	4453	230.3280385	183
910	7621	1699.821298	118
911	2613	1490.05191	114
913	4448	2423.770303	62
914	2152	1621.823913	21.31433096
916	3523	430.9547615	122
917	8138	3568.077179	28.99386789
918	7435	2484.581389	29.63817606
922	6083	929.1376141	101
924	2683	317.7255062	133
925	1846	3866.65241	19.09611913
926	2351	869.7004966	108
928	8244	736.6235647	25.41173093
933	1336	1329.451058	175
935	7320	466.8572964	72
936	5468	2378.473803	96
936	6151	1926.579393	103
937	8984	1797.607169	95
938	8458	711.2587213	96
939	3891	402.9689229	95
941	9889	1289.856356	127
943	9412	1509.678746	84
944	6500	370.5704413	128
945	2571	926.096609	112
947	7039	2165.84984	43.0647448
949	748	1123.032338	91
950	9388	289.9911438	130
951	3627	4038.515243	53
952	8137	663.6681475	83
953	9776	1879.998515	50
954	1578	328.409768	123
956	453	304.5489367	153
958	344	528.2733728	111
959	7499	471.4545691	139
963	9604	602.6773175	111
967	9849	882.8651413	125
968	4172	996.7825647	79
970	4063	826.746547	112
973	2080	2694.248303	81
975	6909	1333.495735	65
979	3562	1404.847373	90
983	2262	211.7093038	171
984	55	1944.532844	83
988	7730	447.5900886	45
989	360	664.2772409	109
989	9588	755.3567807	113
996	6255	682.4179816	126
997	5448	1940.608644	49
998	9805	973.6621364	79
999	3313	1848.849134	77
1001	1125	2622.052216	33.08095687
1003	1305	1531.790167	100
1005	6668	2271.480174	31.65828812
1006	4848	2461.609244	46
1007	2380	999.6205682	97
1009	5754	1349.906458	7.586505262
1010	5915	958.6226506	116
1013	5153	433.8629625	146
1014	7245	939.8819532	93
1016	87	1901.44453	56
1017	957	345.5035302	75
1019	1179	2237.087265	50
1026	3767	684.8059	145
1026	3824	418.8259024	170
1026	4622	608.7709927	156
1026	7361	448.823489	164
1029	7437	226.6961687	107
1030	1487	854.3675003	105
1032	3739	1321.399327	83
1032	4362	1374.596696	75
1032	8115	1241.173557	83
1033	9451	711.1033846	83
1034	2812	2801.211357	85
1037	119	1182.454606	127
1037	8757	1400.458138	118
1038	4417	189.9291884	173
1039	7516	268.5811898	158
1039	9891	568.8297042	148
1042	8494	642.1837315	62
1043	7904	239.760607	118
1044	7321	2234.230584	100
1045	8989	1736.95096	79
1047	3349	371.7886758	126
1050	9881	1213.022698	120
1052	4944	412.5040073	103
1055	386	283.2095025	213
1056	9520	2340.239587	69
1057	6247	1878.644128	122
1058	2798	410.8926811	75
1060	9013	1369.379085	89
1061	542	1768.725808	90
1062	5491	3274.990547	38.58293741
1063	3494	2572.347598	57
1064	344	585.516026	106
1065	2174	607.7983246	126
1066	583	1263.114934	35.33572585
1067	6211	217.2650831	222
1068	3236	354.4996894	103
1069	1088	1304.773951	93
1071	9371	809.9023701	111
1072	4880	647.4397146	89
1073	1075	2894.353385	70
1074	5022	1195.806901	69
1076	4077	2304.268929	83
1079	6795	2062.842069	32.36180563
1080	3499	1367.744787	60
1083	3064	2239.041816	89
1084	3485	1080.727004	92
1085	6691	437.3777657	58
1088	932	2146.131271	88
1089	7679	736.7191161	29.63817606
1091	4512	617.0224425	103
1092	5518	1553.007201	72
1094	9201	3624.581308	88
1099	3583	378.1693292	166
1101	7924	1568.557662	65
1102	5144	474.7459045	155
1106	4339	986.8822287	99
1107	4290	1579.988359	65
1111	5317	1161.127498	103
1112	9196	258.6794612	73
1114	7648	2273.305984	69
1118	3007	577.1743465	104
1121	3835	2638.528859	65
1122	3273	1024.073447	48
1123	9479	788.0902527	98
1126	5653	1194.361498	108
1127	9445	269.0753758	179
1132	2009	2691.370881	39.44033602
1133	291	704.9856338	77
1136	9575	1505.301689	96
1138	312	1691.190074	27.74696714
1140	1857	1575.046947	90
1143	7134	1336.502955	50
1144	5982	909.925169	50
1145	3388	3389.117127	36.92365229
1148	4270	1863.953106	103
1149	1388	426.7761916	105
1153	563	2804.39242	43.0647448
1154	9621	2316.859011	86
1155	9117	3226.313644	30.97006447
1156	490	923.8872336	66
1160	261	714.5131282	112
1162	1550	946.9726515	130
1163	7457	703.6549006	47
1171	7201	415.1057304	102
1172	6520	1259.165588	45
1176	3054	3052.881412	94
1179	4557	1865.735723	86
1180	4336	950.3493046	96
1182	7052	911.9333214	91
1183	1988	1153.694095	51
1184	2725	2016.970477	82
1188	8784	785.9692989	116
1191	9026	1341.935781	94
1192	3336	1605.124941	70
1195	5069	648.0520341	79
1196	3528	2144.752612	67
1198	3046	1014.461565	24.31888239
1200	3897	4176.253912	48
1201	4361	3102.485591	54
1206	4249	181.389063	163
1206	4311	206.2758556	150
1207	2576	914.235179	155
1216	7759	563.8028479	85
1218	7702	1624.318581	93
1221	7678	3099.416739	27.74696714
1222	3784	902.9994564	46
1223	6816	484.8614604	159
1225	3752	990.6542112	97
1228	6304	476.2767175	125
1231	2280	364.0568869	154
1232	8844	599.6100165	113
1233	7749	1257.704292	49
1234	2227	528.6212793	94
1235	7697	1608.715683	68
1236	620	826.6426295	97
1237	8224	5032.31206	71
1238	9479	727.7577284	92
1240	1569	1792.59353	44.02173913
1241	5822	778.4717529	67
1242	882	496.506743	115
1243	1418	377.2248378	165
1243	9447	467.9978666	143
1244	3423	3409.235089	16.73683012
1246	6801	2972.248539	150
1247	4436	686.5995725	114
1251	1047	650.1111959	117
1253	4406	708.7640535	42.1285547
1255	7059	3298.259042	72
1256	9325	802.0612788	77
1257	6367	1452.794366	82
1259	6576	716.9835741	140
1261	1469	1012.099603	126
1261	4296	1346.65704	100
1261	8322	1427.983511	96
1262	8477	1491.38851	3.080943466
1264	5951	786.4458608	68
1267	4913	389.1468776	123
1269	221	6697.92834	36.1209642
1270	9806	2165.861415	65
1271	9654	693.6590032	155
1273	9880	3491.968733	94
1278	2056	673.9633186	103
1279	8952	667.9198651	61
1282	9482	673.8676533	119
1283	3029	1552.47237	30.97006447
1285	8261	4628.669228	53
1289	7084	1618.353178	57
1290	4600	687.8501495	146
1291	6100	228.4500853	170
1294	1585	2744.703465	38.58293741
1295	7570	809.4518959	61
1296	7935	1274.900189	94
1297	69	811.2510703	107
1301	1320	3456.97622	73
1302	7807	2577.46148	58
1302	8383	2658.654331	56
1305	5573	1428.35279	62
1309	8992	1346.314222	95
1313	242	939.0827575	64
1314	6021	656.9852077	103
1315	4464	4139.899475	41.21271655
1316	1688	2067.002593	59
1317	6584	4799.213654	64
1318	5371	482.7432332	127
1319	1016	1118.788864	96
1320	3229	248.2968414	113
1321	9018	854.2161198	32.36180563
1324	341	1262.2736	74
1324	3948	1359.263262	63
1327	8695	3280.586594	106
1331	8001	2805.469307	36.1209642
1332	2660	1574.646088	85
1333	4392	2053.562526	71
1333	4689	1793.628409	71
1336	1441	1184.559899	60
1338	9479	727.7776608	84
1340	7774	2292.129895	22.76709704
1341	7442	1098.372806	29.63817606
1345	5644	584.1559664	50
1347	3797	729.0110075	103
1351	6354	487.3312224	123
1355	8304	930.1265093	140
1356	3110	1266.866999	78
1357	4821	1098.513409	83
1358	5453	1953.475106	42.1285547
1360	4066	301.4605527	143
1361	3083	2606.966397	34.5675579
1362	8105	1923.058505	109
1364	1420	260.2648557	98
1365	9915	1821.841252	61
1366	1378	2044.525655	99
1367	2689	231.5242337	171
1368	7634	3001.18876	14.66902675
1372	8958	646.8372352	112
1373	8245	546.0582963	106
1376	5281	1821.024044	89
1377	2498	8176.386385	27.74696714
1378	9887	4974.471855	24.859302
1380	1046	2442.899058	41.21271655
1381	6176	675.1605543	65
1383	5233	1903.429463	86
1390	1728	867.813744	85
1391	1874	1227.813724	124
1393	8085	1095.884475	69
1394	1886	2671.275482	52
1397	920	2236.091661	94
1398	1055	2282.385159	92
1399	2067	1780.83684	65
1401	179	774.7755471	62
1402	9390	2983.947097	47
1403	4796	2032.405077	93
1406	78	1279.445634	93
1411	9326	368.5306492	55
1414	6225	453.6347162	131
1415	2934	3201.450869	23.27303253
1417	9310	342.8565551	113
1418	6061	903.0956431	67
1420	4375	331.3155723	73
1422	785	622.6901394	118
1424	9709	639.0698159	56
1425	3145	1367.60559	63
1426	2476	2834.544505	48
1427	3279	250.3330081	163
1427	4896	385.9241966	136
1427	8971	379.2725707	129
1429	9826	1520.357731	68
1430	2687	1439.700865	61
1430	8697	1623.510465	60
1432	30	513.8358706	98
1435	4993	1082.406878	140
1436	1171	1802.636416	70
1438	4300	1127.277589	52
1439	6262	787.2890804	143
1443	4644	4272.807551	62
1446	7681	673.3943183	109
1447	4039	602.7411279	120
1447	4640	734.2103564	104
1448	4237	2668.361812	130
1449	4206	878.550181	91
1450	5165	363.7178194	130
1456	561	3151.703201	79
1457	2776	548.3084051	103
1457	4956	583.2618839	111
1457	8626	697.326212	95
1457	9330	524.0443581	106
1458	3703	1824.472842	64
1459	7031	2085.675123	43.0647448
1460	9567	1253.264435	72
1461	886	1395.58996	90
1461	5512	794.8788974	100
1461	6360	1194.750842	95
1462	5889	844.6527344	90
1463	8231	787.003616	107
1465	8744	655.3100561	66
1468	3510	996.6248132	30.2968022
1469	9591	674.8177958	81
1470	606	1382.259657	77
1474	2284	735.7149777	109
1475	6632	3539.303143	31.65828812
1477	1673	700.7359994	106
1479	3483	1331.929491	113
1480	8838	963.2141264	61
1481	3619	1096.64088	32.36180563
1482	1470	2350.453007	61
1482	9633	2693.804293	55
1484	4309	2908.524839	95
1485	2895	2937.711223	31.65828812
1488	5693	411.5653685	127
1489	9390	3021.124209	47
1492	2035	2648.289668	45
1493	8635	904.5145353	138
1496	5043	1916.754413	51
1497	7787	414.3420271	130
1498	3007	552.8387213	105
1499	2619	1147.9637	52
1501	570	2127.433946	37.7441779
1503	1414	991.4746319	100
1504	1792	346.867328	112
1506	9207	622.0964763	80
1507	5547	1278.896382	151
1512	7861	1198.749424	92
1514	2666	920.6015546	95
1515	4536	1183.215609	46
1516	2549	917.5196355	71
1521	9418	749.9693212	144
1524	3242	2670.410146	49
1526	8913	1314.619142	55
1527	9390	3161.917804	44.02173913
1528	5972	2277.214	24.31888239
1530	3698	469.5151277	103
1535	1412	595.3047083	36.92365229
1537	4436	715.1277314	122
1538	5400	1298.95484	48
1540	8961	430.6990577	128
1541	6979	1114.847689	68
1544	9154	2246.353186	62
1555	7079	2843.908889	94
1556	7009	1805.133277	37.7441779
1557	6939	6843.63391	63
1557	7886	7403.578536	56
1558	9658	610.1031362	98
1560	7395	938.7884205	123
1565	5853	3000.172174	21.31433096
1568	3287	2655.148007	52
1569	1354	6258.975283	65
1571	306	4028.653264	91
1573	6943	964.4464552	98
1575	5656	1621.496284	28.36356641
1576	4482	761.0315373	81
1578	2621	696.4497086	122
1579	3111	633.1458717	119
1582	3607	239.5466198	120
1584	6897	3419.699136	49
1586	9126	1455.350497	50
1588	2988	1283.785673	67
1589	828	737.0989993	114
1590	961	2517.935832	53
1591	487	1553.831647	78
1595	6144	1920.805647	82
1596	19	485.1245575	144
1598	7998	863.1465295	52
1601	116	587.2721182	65
1603	4381	1876.861921	79
1604	9432	2229.996223	60
1605	7974	997.8344878	109
1606	5565	1605.92662	66
1607	5628	3704.795876	89
1608	203	1160.627728	35.33572585
1608	388	833.9734084	45
1611	7172	505.2277975	103
1613	3839	197.617059	232
1617	2582	4669.461716	27.1437722
1618	6892	627.1008518	48
1619	3908	817.399014	70
1620	6297	1141.38478	69
1622	3341	2073.544303	69
1624	5473	2458.704128	52
1625	3224	1995.417257	82
1627	5690	658.5509598	105
1627	7276	624.0679732	98
1627	8349	516.5296094	120
1629	7714	2925.378923	52
1630	952	581.3053241	95
1634	1385	507.3409515	79
1637	6502	805.5515287	89
1638	8024	542.0335437	97
1641	4210	4450.676055	74
1643	8310	473.10536	88
1644	442	2437.451566	56
1644	9804	2430.17055	56
1649	6845	349.8455738	166
1652	2962	523.9677512	83
1654	9061	457.038991	141
1657	120	661.8092594	101
1658	3874	2087.342242	65
1661	6740	1739.898046	73
1662	1556	918.7989451	89
1668	3696	1022.792037	88
1670	9432	2093.103599	60
1673	3298	1409.806396	48
1679	697	700.9192478	65
1680	3512	654.9102977	130
1681	7240	2185.221567	63
1682	5250	1843.751619	69
1685	8014	338.2316291	124
1686	3311	2380.020445	52
1689	2398	742.1499448	61
1690	3486	1574.989579	90
1692	5939	321.7197739	98
1697	4516	1076.006396	89
1699	6772	199.8869606	152
1700	952	592.9828545	102
1704	3056	982.4565479	80
1705	4949	1488.215509	109
1707	118	569.4506799	118
1708	7785	320.8338592	95
1715	2299	3821.575761	51
1716	2054	956.0625317	93
1717	73	863.401166	124
1717	2224	836.634834	124
1720	600	2829.184089	36.92365229
1722	554	432.257254	114
1723	6898	240.4496272	174
1728	6246	1631.447519	131
1730	2270	282.6811566	148
1731	5011	849.3741331	139
1736	167	558.0363287	129
1742	8414	1411.385558	65
1747	6215	4117.458815	98
1748	8606	799.0465518	57
1750	8165	1275.279009	61
1751	1939	966.4276262	51
1752	7788	1382.288925	50
1755	5445	2080.623536	56
1756	2486	2747.978901	45
1758	3132	1311.311126	23.79021103
1760	9680	3143.744589	50
1761	8786	1085.973231	51
1762	3750	848.0043853	95
1763	6208	1836.840528	56
1764	6096	1593.183376	63
1765	6166	1977.427501	41.21271655
1766	6101	5867.466798	57
1769	3545	520.6987932	137
1774	1524	1283.7258	111
1774	4023	1504.494259	101
1779	3763	1163.800756	57
1780	9248	3490.962474	65
1781	837	4369.323372	35.33572585
1785	9903	1800.92046	65
1786	9187	2633.214743	60
1788	7220	456.5232376	65
1789	5949	2729.056857	41.21271655
1791	3918	270.2014124	98
1793	5151	2452.983233	58
1794	1288	397.9288384	103
1797	9396	1044.663812	56
1798	5325	660.9007503	98
1799	1902	1952.578957	36.92365229
1800	219	1803.470702	44.02173913
1802	1648	2934.874826	26.5536902
1805	5200	3230.583638	67
1806	7223	725.1268589	123
1807	7652	455.2427524	136
1808	8453	2745.729217	36.1209642
1810	9467	615.5167212	117
1811	5330	343.0394605	76
1813	820	1443.425743	67
1815	3454	3228.651732	41.21271655
1816	9033	563.6723621	163
1817	4630	1792.479675	67
1819	9125	4187.16383	58
1822	3999	2281.430718	32.36180563
1824	5994	1166.108415	94
1827	4436	770.512166	116
1828	9072	967.3378601	68
1830	3953	513.4748209	117
1831	9267	1853.196379	46
1834	4728	742.5553532	100
1836	8337	661.7735602	78
1837	429	1582.484263	76
1838	6825	2648.273507	40.31678793
1840	9258	866.958767	66
1842	238	512.7491901	125
1843	1905	2296.804049	64
1843	8561	2055.614593	75
1847	1152	377.6808339	120
1849	8043	2046.917111	112
1850	4027	270.2578823	166
1852	1393	2773.942067	55
1854	53	1212.938618	36.92365229
1855	9093	6029.787176	58
1856	7722	549.1979685	103
1859	993	1330.372459	49
1860	1056	4325.84649	30.2968022
1861	8551	226.1981477	109
1862	5282	4126.007876	49
1864	7771	1073.523145	84
1864	8921	949.0823192	95
1865	320	1102.394397	69
1868	5783	538.3687259	145
1869	7802	763.7490096	42.1285547
1870	15	2074.451534	72
1871	4064	2043.635057	46
1874	3190	193.4124283	273
1878	1004	2388.290052	38.58293741
1879	4231	301.0360066	148
1880	5433	1083.803818	119
1885	3939	3950.304409	39.44033602
1890	9136	993.3356364	78
1891	8889	1506.940899	78
1893	9360	755.7160316	100
1894	4775	5037.616997	51
1897	3087	2261.496435	42.1285547
1900	7071	296.0943237	118
1903	9049	3721.603467	25.97643606
1905	4798	1985.070644	55
1907	5825	230.8011427	161
1907	8531	184.6269347	180
1911	8902	974.417259	98
1913	1338	10093.38029	64
1917	1532	315.4999461	114
1920	8412	897.4928076	136
1921	8034	563.7235461	46
1923	3613	547.9572648	104
1923	6987	718.2693084	95
1931	2062	400.9393534	80
1932	3620	558.5986933	139
1934	8089	4475.593443	39.44033602
1939	6844	1469.126495	65
1940	4620	683.9033305	38.58293741
1941	7920	1716.475131	54
1944	6483	560.4273744	81
1951	3704	1897.332446	104
1952	9652	1112.310076	115
1955	7346	1292.748058	64
1958	3279	307.2777999	136
1958	4896	415.0254066	127
1958	8971	385.4302396	122
1962	7891	1005.843296	114
1962	8284	914.2149242	122
1963	4095	2132.926555	54
1969	6188	1379.30231	62
1970	1649	390.7011908	88
1972	997	2940.085126	60
1972	3284	2643.792473	61
1975	2769	2473.124567	68
1976	4276	213.1266632	132
1977	4819	299.6830468	131
1978	8835	899.0099059	145
1980	966	793.1837043	127
1981	7486	911.4666209	41.21271655
1982	2241	3391.461389	73
1985	551	2745.350003	47
1989	9708	636.9824934	111
1990	1073	1102.780742	100
1991	4659	208.1195697	168
1996	2664	2647.189635	42.1285547
2000	8877	2207.034519	28.99386789
2001	1750	1617.267094	97
2002	9792	234.0391897	230
2003	6865	812.5629166	86
2004	3842	1963.778163	113
2007	5025	291.0209905	158
2009	5823	321.7400727	52
2013	8871	778.0661767	85
2014	6535	2202.107574	34.5675579
2019	9246	389.4965124	101
2020	8618	1137.822958	116
2023	4808	520.3583126	108
2025	138	1754.233943	76
2028	4085	3914.837243	68
2029	809	363.1044572	138
2029	7474	450.7204849	138
2030	7075	2321.757868	64
2034	4947	1208.120076	82
2036	8558	623.0636831	82
2037	997	2928.499089	61
2037	3284	2509.489183	65
2041	9507	1829.194019	55
2044	1133	2450.019377	69
2046	3230	701.0801536	98
2047	9004	348.4172478	109
2048	3774	3011.276633	51
2049	5973	540.1622359	120
2051	8581	1940.892918	43.0647448
2052	819	518.9216601	85
2053	5902	647.4342197	45
2054	5771	391.4812717	62
2055	1992	1042.261189	74
2057	8599	1891.661931	95
2059	6889	2214.790936	34.5675579
2060	2118	2580.619717	67
2061	1731	1026.266467	58
2064	3682	747.0616283	102
2067	1703	3277.03779	61
2071	1477	3086.063418	40.31678793
2072	4074	3562.285856	28.99386789
2074	5053	689.72133	128
2076	4887	896.8198246	79
2077	5140	1187.683698	50
2078	2718	2481.287684	35.33572585
2079	4225	1337.144647	69
2080	8861	1130.246964	34.5675579
2081	1755	892.532571	41.21271655
2084	9340	1682.017031	62
2090	9767	271.8866676	152
2091	2183	1116.155707	56
2098	5149	1368.821206	30.97006447
2099	6205	1179.997372	92
2101	5651	4052.682005	26.5536902
2102	5975	1130.202945	120
2103	2856	284.8522084	163
2105	4304	1579.903336	74
2106	7945	207.474019	84
2108	8405	1020.118678	93
2110	5844	1603.103589	58
2115	4423	648.1417585	130
2115	8223	622.0838114	143
2117	4244	498.8552433	121
2119	2399	683.6052422	106
2120	2136	1764.372049	66
2123	4858	1305.716961	50
2124	442	2059.859632	63
2124	9804	2052.113987	69
2125	8225	676.7991143	110
2127	5316	484.1329568	119
2128	4400	402.0869394	180
2130	7459	826.9457219	110
2133	484	1097.295469	16.01705151
2135	8714	3468.683315	26.5536902
2139	8009	1742.667089	87
2141	3841	328.1826439	58
2144	5676	2901.3169	48
2147	594	713.5172131	35.33572585
2148	5507	1957.496493	41.21271655
2150	4472	851.0799964	135
2151	3566	465.9013859	171
2153	6171	5670.902044	58
2156	3311	2409.483802	53
2157	400	283.9560351	155
2160	6910	2493.769741	65
2162	7363	4283.533291	56
2165	9721	1852.875625	118
2166	7556	250.1530454	80
2171	5128	1016.877166	63
2172	6802	901.3259645	55
2177	5920	3623.079153	35.33572585
2178	8641	2706.396854	38.58293741
2180	5291	1998.668311	60
2183	3767	690.9457209	152
2183	3824	460.6556029	172
2183	4622	589.1373754	160
2183	7361	462.4835701	160
2185	3767	614.6477103	141
2185	3824	521.9026928	141
2185	4622	615.2652243	143
2185	7361	479.6276889	151
2190	8942	886.8646171	153
2191	6615	3815.011212	50
2192	3043	1056.464479	62
2195	6155	1491.404386	59
2196	3311	2117.468796	56
2198	2780	1328.982974	17.48895434
2201	5272	3113.572484	46
2202	8737	2497.371362	67
2203	924	1018.125729	125
2204	702	1143.523286	2.074282994
2204	6621	1131.252931	4.996670636
2205	8265	2730.214176	76
2210	7735	861.8734435	77
2210	8915	807.4861304	85
2216	2346	1071.36275	80
2216	2392	1219.939689	69
2218	507	667.210671	105
2220	9289	405.2620936	133
2222	1469	1015.769397	130
2222	4296	1263.026711	109
2222	8322	1452.428193	100
2224	9814	4602.509479	55
2237	9910	1634.20009	22.76709704
2247	3255	428.2609681	109
2248	6002	1941.235682	61
2249	8112	1085.929046	102
2251	3258	2160.689156	117
2253	5672	421.135584	104
2254	5424	608.4918158	113
2259	8797	359.1891919	38.58293741
2261	2680	6066.317069	45
2266	7198	891.2628698	103
2267	9657	524.8564537	145
2268	1231	2237.602906	96
2268	2285	2360.826234	92
2268	4366	1698.027901	98
2268	5162	1903.263716	96
2268	6460	2318.497437	95
2268	9086	1636.608288	104
2269	3721	1541.639332	78
2270	8864	310.9522305	145
2271	5997	2181.677455	101
2273	6645	1867.942292	65
2279	4929	872.1870742	110
2282	2741	3313.862773	60
2283	7734	409.0522415	135
2286	3902	1390.488837	85
2288	2386	3918.078019	55
2289	8130	1099.918194	105
2290	7771	1077.797017	87
2290	8921	994.1746707	94
2292	360	622.6879277	123
2292	9588	818.5611729	122
2297	7916	707.8611622	91
2298	1306	2613.188945	58
2300	9793	1052.041394	84
2301	8811	1515.338603	47
2303	7047	857.4726071	114
2306	6361	606.2188958	139
2307	167	441.1982944	129
2312	2204	1413.497654	60
2313	9067	683.4451666	34.5675579
2314	3007	564.8555323	106
2316	6377	1290.816594	30.2968022
2317	3291	1666.768967	49
2318	8930	1110.30934	94
2319	635	346.7699395	121
2324	3253	398.9198311	88
2332	3869	1160.76109	80
2332	7165	1238.624649	89
2339	101	690.1356221	68
2341	6763	321.5405944	74
2342	9319	1127.680255	73
2344	2945	1668.529173	88
2347	2410	2698.841583	68
2348	853	518.413983	132
2349	7600	923.9705285	67
2350	4542	1408.393841	121
2351	2216	755.1569211	101
2352	4699	2283.703543	49
2355	946	793.9236833	115
2355	7111	806.9900921	114
2356	7110	1008.23929	50
2357	7481	324.7787016	122
2359	59	1407.989317	70
2360	9879	2006.901739	123
2361	6620	2291.079766	88
2363	5653	1099.522932	118
2364	3867	797.8405209	90
2365	2478	451.1947034	24.859302
2366	3050	2593.205932	59
2368	7726	601.722982	36.92365229
2369	898	2431.088703	73
2370	3077	2917.389452	46
2372	9089	1906.86918	69
2375	995	456.4841239	111
2375	3134	458.0171324	105
2376	4394	1305.509353	72
2378	3847	1516.721982	54
2381	6760	2310.044903	36.1209642
2382	6512	1562.444132	61
2383	4681	2746.17378	45
2384	2411	1407.957362	78
2389	4939	1096.70909	89
2399	4625	2054.387627	81
2402	4832	273.2455786	72
2403	354	585.5337688	114
2404	2287	1697.385295	80
2405	7867	711.110614	96
2408	6850	1901.182352	46
2410	7405	785.0489057	60
2411	501	3216.55127	36.1209642
2411	665	2999.733195	39.44033602
2412	9045	1480.343088	40.31678793
2413	2064	699.446844	75
2416	962	1222.002073	73
2417	1001	3225.472246	18.27487772
2420	4393	1496.10324	75
2421	5503	1809.392786	73
2422	4515	467.9937498	77
2423	8467	268.2109633	133
2424	9154	2117.573789	67
2426	5152	257.4160483	187
2428	1413	3222.029144	50
2430	886	1480.248877	88
2430	5512	888.9651014	93
2430	6360	1358.960209	88
2435	4593	2165.732127	59
2435	5534	2298.344355	61
2443	4089	3430.664539	41.21271655
2445	9240	312.0857779	137
2450	5671	3547.886946	50
2451	3464	735.5186494	96
2452	4217	183.0076686	242
2453	7174	1249.088862	8.655928707
2454	5037	866.2298755	86
2456	5273	1755.851985	133
2457	6939	6567.484249	62
2457	7886	6436.24252	64
2461	7216	508.9893591	162
2462	8720	338.6088617	155
2464	4934	991.410365	52
2466	3189	400.359634	84
2468	7349	295.9426068	66
2469	1013	676.1742564	39.44033602
2470	4945	2551.528748	50
2471	1017	3722.85051	41.21271655
2475	4772	1447.796011	33.81608925
2477	1150	474.1133815	133
2480	890	1079.695119	36.92365229
2481	8884	869.4088916	111
2482	1378	1937.910054	96
2485	9653	683.9679985	68
2486	2593	1286.02317	71
2492	360	716.9372919	113
2492	9588	770.2719898	115
2493	4301	486.5408691	175
2497	2876	2897.542326	61
2501	6930	765.3695907	73
2504	1163	1816.527431	28.36356641
2505	2797	1037.119217	96
2509	7342	818.5609582	62
2515	8685	398.0498823	101
2517	6728	494.6803316	148
2519	9837	2030.921578	86
2520	8699	1362.141203	118
2523	6345	1567.746545	49
2525	4332	1465.748772	48
2529	6524	341.6459554	133
2530	9476	1020.173128	129
2532	1271	9668.374261	104
2534	2593	1337.705803	67
2535	5097	1310.691508	83
2536	5890	1276.014588	108
2537	4153	779.93756	108
2540	9761	777.2586267	92
2541	2862	1357.176752	97
2543	1231	2159.241536	97
2543	2285	2149.06754	101
2543	4366	1581.59562	105
2543	5162	1957.441718	97
2543	6460	2243.718636	98
2543	9086	1720.557173	100
2544	4412	391.1155588	128
2546	8523	964.3430185	90
2547	7754	806.5556556	121
2550	6006	4284.451095	61
2551	1081	276.4283983	124
2552	7535	1496.413238	74
2553	1375	997.737272	83
2554	2830	909.5637043	88
2555	9465	1009.91874	22.27216015
2557	5040	1118.107202	96
2559	2840	2587.427536	47
2561	7451	1203.622216	56
2562	2108	842.5853643	32.36180563
2563	4436	638.41211	113
2564	6244	818.3656035	115
2566	4729	3614.248805	30.2968022
2567	9211	768.3912054	85
2568	4610	2494.41357	85
2569	333	230.9482705	90
2575	2746	1316.554127	89
2575	7683	1221.17428	91
2575	8403	1225.748794	91
2583	6456	2906.570933	88
2585	2030	1372.864815	112
2586	5331	185.8896771	330
2587	6267	1883.28789	88
2591	1536	1006.232814	98
2594	1098	1954.434726	65
2595	5133	814.3770482	110
2596	4268	512.1203792	102
2597	5047	1121.498341	82
2598	5264	4076.475773	16.73683012
2600	986	757.9684387	125
2602	3385	528.9250983	117
2602	4663	672.251323	104
2603	7531	2151.614358	27.74696714
2606	7819	856.0328318	58
2607	5604	864.6218889	83
2608	688	1955.858982	51
2608	754	1795.172882	48
2609	6964	225.4229763	133
2614	4233	343.8700531	73
2615	1245	1347.089002	91
2621	6058	1798.966023	48
2624	3965	850.8902471	112
2626	8343	3320.985573	31.65828812
2628	1818	1196.695667	81
2629	346	274.6559448	61
2630	3621	640.9539408	101
2633	1837	2660.232728	107
2636	7300	1966.462247	43.0647448
2641	2874	1015.684283	122
2642	4967	4137.288738	39.44033602
2644	1918	1520.088478	119
2644	5344	1102.512619	126
2649	3304	3017.970746	59
2650	5469	725.1456917	63
2651	9020	968.6136144	58
2653	4016	4127.808098	56
2654	1813	537.2632395	126
2657	2674	897.7580164	106
2659	5756	3546.473927	73
2660	1009	1080.561658	38.58293741
2661	8032	943.8480501	107
2662	2186	211.4752175	168
2664	1398	666.6869509	71
2665	8019	184.086349	229
2666	592	882.3521608	93
2670	5440	3140.606476	18.68098611
2671	2512	2919.427557	30.2968022
2673	5631	1582.835598	97
2674	9762	1790.422352	65
2675	5242	634.0984277	108
2675	6997	596.474939	115
2675	8506	622.7410199	101
2676	2640	568.2279727	120
2677	4844	944.2537911	140
2678	2528	1842.863324	30.2968022
2684	6203	2385.220774	74
2686	357	448.3159825	133
2688	91	422.6309269	142
2690	1676	2080.315393	78
2691	3435	1756.784075	87
2693	1136	1462.592565	112
2697	8347	1993.05182	120
2701	8370	1995.228767	59
2703	5898	546.6770803	113
2704	9156	649.6109829	97
2706	3647	3241.837093	98
2707	1678	1997.449328	24.31888239
2708	4647	694.8332403	70
2709	9894	1175.157171	96
2710	4723	2587.132232	57
2714	3872	741.7679399	53
2721	7795	473.3801655	130
2722	4315	309.403484	117
2728	7221	803.4546144	99
2729	2460	341.8256673	109
2730	360	680.2677574	117
2730	9588	686.1229795	123
2734	8023	3330.668481	54
2736	7711	322.1579021	74
2737	1410	702.6499533	57
2738	5579	268.2128672	204
2739	761	2150.518017	68
2739	3364	2186.7522	67
2739	4805	2276.419625	62
2739	9559	2123.407217	69
2740	7847	3525.143747	19.95426572
2741	1662	3727.777909	67
2742	7987	1607.614428	47
2743	6243	3115.519547	63
2746	161	1962.102234	80
2746	4732	2049.122879	79
2746	6152	1740.247716	91
2746	6160	1935.872477	81
2746	6726	1760.030197	86
2747	8092	288.1536153	140
2748	8564	3388.074938	50
2749	9308	3479.009292	66
2751	4444	2651.052969	111
2753	2869	2296.675788	28.99386789
2754	3781	1006.437289	57
2755	4204	6138.227283	39.44033602
2756	2371	6926.811631	22.27216015
2757	7320	424.9661387	87
2758	3350	1103.357752	116
2759	2076	2202.672173	73
2759	3920	2143.879295	70
2760	5261	340.7465655	194
2761	9667	595.6903703	120
2762	1581	378.6036255	114
2763	3451	996.9753271	108
2764	4657	1080.350592	70
2766	9735	709.5701056	147
2768	7976	763.8859713	171
2772	6146	1148.648831	98
2774	6517	2026.240058	25.41173093
2775	4902	2099.849785	36.92365229
2776	8700	979.690342	68
2778	5760	2009.799561	64
2779	3365	599.2430282	61
2780	3685	2510.771766	34.5675579
2781	4877	577.101118	95
2786	5578	4091.753591	31.65828812
2787	6776	2150.052546	28.99386789
2792	9256	3321.536495	27.74696714
2793	2824	527.7894696	221
2794	1491	2243.097442	71
2805	4492	998.838738	41.21271655
2806	4916	213.9496234	129
2807	8989	1964.541688	73
2809	233	1708.890026	56
2810	3658	1829.103688	55
2810	5206	1748.596914	57
2811	5120	1615.814477	56
2812	1869	3273.565683	79
2814	284	528.5583204	93
2816	3279	303.0906013	146
2816	4896	328.6940682	135
2816	8971	400.6163517	131
2817	2743	195.0268282	122
2820	3262	253.7513941	92
2821	7002	1587.727568	150
2822	119	1093.644854	124
2822	8757	1264.457833	120
2823	5788	3209.60198	33.08095687
2824	4332	1795.327932	43.0647448
2825	323	613.0773001	92
2826	2071	351.1445722	82
2827	678	302.9004178	99
2828	659	1803.840991	98
2828	2255	2216.499847	93
2834	3665	1012.214503	89
2834	6612	947.0889931	90
2836	9651	515.5418191	187
2839	458	2035.436089	53
2842	8169	483.5309088	118
2845	1173	1522.257133	38.58293741
2847	6232	1521.319232	107
2849	4205	1914.476662	16.73683012
2851	5722	3276.027768	116
2853	6697	1795.798848	47
2854	7972	697.4319512	86
2855	8945	2717.435816	51
2855	9722	2538.853152	55
2856	5163	2089.616064	74
2861	9144	1749.355911	88
2864	1684	2590.876433	95
2865	6933	1383.704472	55
2866	840	1317.505038	99
2867	4751	2084.426456	50
2869	1167	536.3979702	110
2870	1983	814.762244	67
2872	2731	284.7823985	81
2879	6706	450.1681236	137
2881	2599	532.690865	112
2883	6060	1722.14283	62
2884	9425	2165.276524	51
2888	2109	2079.645367	109
2889	9560	2279.120079	21.78798276
2894	6916	2419.753993	51
2895	2334	643.9945264	121
2896	5927	3296.539761	43.0647448
2898	4759	359.4157804	66
2900	9905	2394.561021	50
2901	2447	3432.928806	64
2904	7583	706.2419072	140
2905	554	468.7783309	116
2909	4737	2724.259558	50
2910	2724	2249.594204	63
2911	2574	1742.96009	26.5536902
2913	3355	1652.261045	77
2914	1060	1562.167729	34.5675579
2915	2634	1910.918604	76
2915	7331	1968.450467	74
2917	9165	3206.631485	67
2919	3888	1701.089602	70
2920	7690	2156.895415	60
2921	6902	507.9317525	123
2922	3375	1350.482384	55
2927	9275	1863.819089	30.2968022
2928	9431	687.7557822	33.81608925
2931	8547	5134.449182	28.99386789
2935	8266	2002.692834	88
2936	8463	514.1962947	114
2937	4193	1059.776526	34.5675579
2939	3475	260.4776037	161
2940	7092	1566.6671	67
2942	9423	213.4535746	180
2944	9016	5735.052666	45
2946	3989	437.7406518	26.5536902
2947	4535	1764.945146	88
2949	8177	1063.287804	100
2951	814	683.208447	82
2952	390	3813.933726	33.08095687
2953	5816	759.9041464	93
2959	2366	12346.49678	33.08095687
2960	5074	1024.951423	71
2961	4662	492.7902259	102
2964	7425	2692.180044	98
2968	6909	1350.141339	64
2969	6148	602.6182883	162
2970	3004	746.2129305	156
2971	2650	1032.525386	116
2973	8051	1293.591634	81
2977	9574	3081.44853	36.92365229
2978	6082	2730.970994	47
2979	6445	584.2966596	99
2984	1689	236.1431876	137
2985	7735	698.8583907	93
2985	8915	708.7294752	93
2986	5839	1292.339633	115
2986	7123	1361.899068	118
2986	7315	1287.751986	113
2987	1627	385.7752749	64
2989	3792	986.7982895	97
2990	3986	1408.390504	89
2991	2273	426.5920236	134
2993	1182	420.3308288	120
2997	9875	766.7799766	134
2998	2462	490.5642506	104
2998	6094	431.1224969	112
2999	3363	2179.313837	62
3000	7451	1225.964053	56
3001	1479	814.4644634	82
3003	1999	1000.324102	76
3004	9139	733.6493457	150
3005	2131	360.35274	118
3009	3565	2531.830502	21.78798276
3010	1469	1047.553474	118
3010	4296	1286.116504	102
3010	8322	1405.8642	103
3011	4559	540.3849794	100
3013	3992	537.4971225	128
3015	1603	3532.085455	61
3016	2539	889.6445476	156
3017	3441	683.1784656	99
3019	5153	498.8696512	141
3020	5215	4262.847728	80
3022	1947	1777.718666	85
3023	8465	820.4208826	96
3024	2375	588.9574238	80
3025	7427	1574.249312	50
3027	6860	865.1272088	99
3029	6680	539.6437478	107
3031	8748	858.2561548	105
3032	4704	1282.056013	76
3033	4678	766.3189038	46
3034	1827	1420.60108	23.27303253
3039	5223	5547.392405	79
3040	5918	801.5525758	129
3041	4249	248.7978763	159
3041	4311	266.5628235	144
3042	7206	874.4426973	40.31678793
3045	1107	352.4951535	97
3045	6925	398.5231853	89
3046	3205	597.1926735	90
3048	9836	1404.063531	88
3049	5996	4040.231956	51
3051	2122	2263.04369	25.97643606
3053	5408	510.9923245	38.58293741
3054	1905	2089.797281	72
3054	8561	1937.618135	80
3057	8705	478.8428797	85
3062	1182	464.6738774	114
3066	5190	1227.893559	95
3067	3786	4325.514891	50
3068	9430	1529.860816	66
3069	7015	274.856897	78
3070	7504	1058.985361	21.31433096
3072	1185	466.9166277	95
3074	5568	835.2349573	73
3075	1383	841.58659	122
3077	1835	338.3715884	140
3079	609	1332.42995	43.0647448
3080	5335	872.259843	65
3083	104	380.8309795	105
3087	1758	2063.721023	93
3089	1190	1694.281422	74
3091	1939	824.5715069	59
3092	3518	514.9958087	40.31678793
3093	1431	1086.873093	23.79021103
3095	300	1213.641957	66
3096	6072	382.6324824	109
3097	6090	931.4042302	84
3102	2671	2924.261107	83
3103	8612	3603.02502	57
3107	5848	695.1129766	136
3108	2974	1641.440537	125
3110	4958	517.0400292	95
3111	2310	376.7426023	170
3111	4924	400.2262965	151
3111	5490	394.9798696	146
3114	8818	2602.897073	61
3116	6177	996.5882954	95
3117	4381	1918.650693	85
3118	9185	822.0536591	49
3119	4354	380.5069961	126
3120	6149	826.268805	108
3121	2240	1906.215066	84
3121	3775	1832.165357	87
3121	5125	1949.605124	83
3124	3466	817.3526379	97
3124	4405	730.8501945	108
3124	9677	484.9939318	111
3127	9486	698.8379393	118
3130	1594	2696.822791	81
3131	1864	1108.42875	36.1209642
3132	1214	1298.425034	94
3134	8727	5576.891967	60
3136	3541	1553.385898	67
3136	6547	1587.113143	60
3137	6189	298.4640721	105
3140	246	818.1216176	91
3144	2270	360.0424995	145
3146	4881	1190.718727	76
3149	6363	427.8948175	133
3150	5376	551.1880846	113
3151	984	300.5505344	132
3151	7736	288.20452	130
3155	9115	462.9797663	107
3156	5046	766.7278078	76
3157	8007	1511.734205	86
3159	3618	1231.794775	99
3160	2263	1261.565811	67
3163	8209	824.5613373	118
3164	2323	648.0142668	132
3165	9024	1220.989105	77
3166	3649	2749.112975	61
3169	2214	3912.437586	69
3171	990	708.4718067	88
3172	8768	4792.665677	26.5536902
3173	360	674.8686745	115
3173	9588	783.2362593	123
3174	5246	444.061493	52
3179	3327	1766.898184	91
3182	4611	417.499728	178
3189	6201	1535.221589	123
3193	6447	1948.177406	152
3196	3600	1499.666205	84
3197	730	2081.210525	24.859302
3200	6342	1653.183164	36.92365229
3201	2777	1550.8597	80
3204	6774	5311.296296	17.48895434
3206	3877	943.9881326	103
3207	3685	2500.568686	35.33572585
3208	6458	866.3316206	100
3209	1769	2176.306238	66
3211	709	2642.585896	100
3212	6538	1420.528135	93
3214	6717	1835.543606	48
3215	7727	3595.194698	17.48895434
3216	8353	445.8129518	176
3217	3013	1545.346837	83
3218	768	1523.576312	67
3219	9313	1902.933065	40.31678793
3224	5140	1292.755616	43.0647448
3225	8713	1008.074931	79
3226	3685	2533.501048	33.81608925
3228	3906	1081.681186	85
3233	9857	768.3380634	95
3236	3579	235.9986453	152
3237	5569	546.4485646	150
3238	2126	292.2071329	168
3239	7095	1359.397319	59
3240	3285	386.9681382	36.1209642
3243	7830	192.9297554	215
3244	1240	1238.580526	34.5675579
3246	3095	3063.681715	57
3249	3114	1508.713921	38.58293741
3258	4062	2703.147598	68
3261	7771	1032.598611	89
3261	8921	947.6025702	95
3262	8713	938.8135251	84
3264	1087	1861.921541	85
3264	1891	1427.049328	97
3265	1492	3029.636086	63
3269	3477	937.4938402	77
3272	3702	342.5596558	147
3274	4543	285.6865435	132
3275	907	3289.692831	56
3279	9393	1457.906104	96
3282	1029	493.0103667	144
3283	7598	341.2199507	77
3285	8557	559.9811424	127
3286	203	1175.905115	33.08095687
3286	388	838.135189	42.1285547
3287	454	1056.270949	46
3288	4139	1045.134917	143
3290	4761	300.3426805	91
3293	9739	2390.46768	81
3297	664	319.1447514	152
3298	5963	437.6622872	119
3300	3610	918.8143172	106
3303	3829	908.1415532	57
3303	7410	656.6254819	73
3305	3922	592.5949916	122
3306	4009	3749.272978	41.21271655
3307	9317	1245.968992	81
3309	3958	477.1606153	88
3311	1423	1287.890549	70
3312	6259	1735.595646	85
3314	399	1086.006284	84
3316	9437	191.0038293	273
3317	8296	398.4641958	119
3319	575	1909.432587	52
3320	6683	2178.484485	76
3321	1070	485.4949126	115
3324	7883	12174.16225	82
3326	4006	695.8168701	51
3330	2383	4711.696106	20.39769385
3331	7105	915.1174577	67
3333	9544	920.2057511	115
3336	4726	1354.147825	133
3337	2042	202.9600547	163
3338	1617	2289.455003	95
3340	7872	400.2066149	19.09611913
3342	2034	2047.572484	63
3343	2505	943.7258644	95
3345	8993	1399.390689	60
3346	4370	4114.976715	61
3348	6023	526.7657618	97
3349	2116	1111.084106	114
3352	5562	4634.878471	61
3354	8267	871.5804605	70
3355	4286	675.0847573	107
3356	1905	2294.62213	64
3356	8561	2092.299584	75
3359	1686	341.5066994	91
3363	826	973.8531978	101
3366	8072	611.6235802	118
3367	3429	1598.097746	81
3368	8944	1328.26124	110
3370	1407	1971.192202	65
3371	5764	1810.131917	94
3372	3616	609.4013033	173
3377	5883	4475.691243	114
3381	7354	5444.336996	30.97006447
3382	6560	1248.530063	109
3383	8486	935.3166368	47
3384	7771	999.733819	94
3384	8921	935.5124329	91
3385	6555	360.6208449	207
3386	5571	1091.156859	106
3388	3889	2978.543276	46
3389	2922	636.9098886	101
3391	4973	4927.808833	64
3393	7943	1464.767779	108
3395	983	1003.434388	131
3396	5586	1237.080738	103
3397	2269	4727.37143	49
3398	4723	2610.727469	55
3399	579	3232.239625	42.1285547
3400	7318	1081.456662	86
3401	228	279.5200958	183
3402	2494	633.7349828	86
3403	5755	456.105188	123
3408	2852	427.3874385	156
3409	5797	3371.24534	77
3414	8241	433.0524209	148
3416	2637	376.3964954	96
3417	1482	2712.450339	34.5675579
3418	4553	2075.96263	80
3419	1242	1994.397797	89
3426	3826	1517.896175	50
3427	3301	2890.302173	29.63817606
3428	5700	1312.207777	99
3429	6877	1741.330416	76
3431	2191	447.523622	106
3432	6604	760.5374044	111
3435	2757	875.4450105	97
3436	3661	1657.712207	66
3438	6231	236.2562004	115
3439	9178	2328.728108	126
3444	5271	2983.544807	93
3446	2824	486.1660809	210
3449	8707	1502.701472	75
3452	3997	3452.051405	37.7441779
3453	5451	556.0237837	114
3455	212	1619.766964	61
3457	810	585.0160291	156
3459	4954	714.5645648	98
3461	7222	181.3757976	147
3467	897	772.6370514	121
3467	5882	575.3418896	134
3469	3809	701.1564221	101
3470	597	435.7115945	109
3471	3227	11691.61281	86
3472	7631	3489.150176	27.1437722
3476	7429	229.0932499	179
3477	2023	1518.513597	121
3478	884	7376.926605	68
3480	4436	609.7859455	116
3483	6322	3782.79414	32.36180563
3484	8204	1191.653873	91
3485	4260	3067.939275	42.1285547
3487	4769	595.382303	150
3495	3299	578.5489354	116
3496	9568	413.7570788	111
3497	6826	2145.350048	54
3498	6410	1547.285252	52
3500	2901	1598.073512	61
3502	466	558.0779754	129
3506	5350	467.9678105	114
3507	8601	1691.694759	83
3508	6515	1833.320794	72
3511	370	1119.820394	55
3512	1525	5635.64914	27.1437722
3515	6675	3217.734333	49
3516	181	688.7502655	66
3517	6682	968.3630573	56
3518	2959	2103.114978	28.99386789
3525	3878	2517.409951	88
3531	283	1361.406608	71
3536	1131	2157.16954	61
3539	6038	362.8284067	139
3541	1252	1910.337191	23.79021103
3547	9816	302.3520916	115
3552	8124	328.4771236	81
3553	3202	1204.010371	21.78798276
3554	7139	1303.460347	60
3555	8278	1384.597775	79
3559	6312	2072.236794	59
3560	6608	3145.241522	87
3567	7000	1909.288213	72
3568	7387	4464.472842	71
3572	1944	2476.338486	77
3576	8559	1662.673449	86
3577	7423	1217.079452	75
3578	1303	3238.09455	46
3586	7875	4294.917705	58
3588	8637	3112.636328	84
3589	1619	2276.416708	69
3589	7797	2182.676235	70
3592	167	447.9857928	138
3597	9884	325.029873	136
3598	4522	2318.427882	54
3600	4547	1162.7331	27.74696714
3602	4641	1763.156597	69
3603	9834	2480.995847	98
3604	9738	1064.835683	57
3610	9234	2078.244225	38.58293741
3611	51	655.0382545	84
3612	1710	303.9518064	77
3613	8770	4712.372045	26.5536902
3614	6602	730.0020775	90
3617	5009	201.6928102	292
3619	8595	242.6482463	120
3620	4160	270.8487704	102
3622	7408	564.2378069	58
3623	2157	515.6198838	137
3624	1429	2242.98968	102
3626	1022	1325.441678	64
3627	6216	869.0012908	52
3630	8410	876.6032119	167
3631	5371	399.066257	142
3632	988	733.5073004	127
3633	3812	2549.370116	33.08095687
3634	9840	944.0742856	67
3635	3226	713.5244848	129
3641	9573	7398.631754	65
3644	1593	1386.998409	50
3645	1796	647.3914553	62
3646	9029	1253.370446	85
3647	7169	2740.215614	52
3648	7451	1192.477047	57
3649	4701	2198.292439	65
3651	9118	3506.048222	12.30378567
3660	6939	6971.26046	59
3660	7886	7319.907599	57
3662	366	283.7471152	173
3662	586	662.7646694	156
3665	1819	3614.699671	75
3666	7187	2712.608416	76
3667	4995	2882.194128	40.31678793
3668	716	636.7480585	105
3671	9259	1939.773075	69
3672	3709	1367.643351	63
3673	6494	1040.992664	90
3674	5800	1307.048345	100
3675	7693	2527.428649	76
3676	8850	641.4710408	134
3682	5616	1223.169632	87
3687	9852	1852.728752	71
3689	1371	523.0551682	144
3689	8954	414.6519953	161
3689	9579	417.1525093	151
3690	9829	4007.322988	40.31678793
3693	8020	546.5075944	113
3694	9872	2923.892742	29.63817606
3696	7416	2459.278262	49
3699	6955	6045.504834	67
3700	5253	621.4752303	58
3704	9745	3555.329157	24.859302
3710	5945	1712.921342	75
3714	4440	2936.323243	81
3715	7445	510.6177148	70
3717	5698	4544.616996	56
3725	5926	285.9191466	128
3727	1394	4682.835321	56
3732	3201	812.8752777	46
3733	1221	965.9001093	182
3734	9538	628.4027648	130
3735	8438	863.7499934	87
3736	5305	247.7031651	205
3737	6186	1007.650182	138
3739	7330	4626.043264	24.31888239
3741	6133	1041.888809	117
3743	2906	4027.508651	13.43445426
3745	5246	523.6947591	44.02173913
3747	1169	448.9191497	122
3748	192	6023.51436	24.31888239
3751	11	788.6768169	102
3752	4701	2304.507864	61
3754	5742	2527.360296	46
3755	4027	233.3254822	150
3756	1841	3597.667224	59
3757	1630	384.1419089	131
3758	2090	2942.253108	45
3759	2497	1287.239742	65
3761	1788	1134.656974	103
3763	7307	850.9988036	80
3764	4	1575.471326	74
3765	3169	250.3774651	153
3768	6709	565.8610599	111
3773	8086	592.3852418	135
3774	2714	830.4845448	149
3774	7692	782.9571168	147
3775	3737	1504.757821	9.876102263
3777	4192	598.8447859	94
3779	6616	2518.413055	52
3781	9035	424.625261	141
3782	6461	1175.460889	72
3788	368	568.7784689	158
3791	8529	753.7401888	25.97643606
3793	6124	3079.448736	24.31888239
3797	9358	1693.445336	21.31433096
3798	5311	358.4144428	86
3799	2838	2830.080187	59
3800	7895	2624.140993	113
3803	6816	373.500405	156
3804	3203	397.6215808	105
3805	2404	414.7064166	154
3806	1317	1324.925898	59
3808	259	1030.937695	79
3809	3706	3442.230018	21.31433096
3811	9154	2194.044114	65
3814	7305	2222.128955	45
3815	7357	3381.554865	67
3818	2975	819.6008121	124
3820	6229	1315.964383	51
3821	8212	800.2576193	83
3822	3320	1396.158203	101
3825	6128	2127.376935	66
3826	3658	1837.690394	55
3826	5206	1795.821989	58
3828	75	2352.374036	30.97006447
3831	8603	1531.655138	102
3832	6939	6526.246043	64
3832	7886	7026.863058	58
3835	790	1769.060016	73
3837	1130	3203.68299	33.08095687
3840	630	1419.677383	93
3841	7765	250.5808748	135
3843	6406	2804.78808	60
3844	1616	1628.228417	150
3847	6734	4593.808969	83
3852	2649	1495.259962	102
3853	9896	800.2438505	13.43445426
3859	2891	2419.720414	30.2968022
3861	5770	2000.09285	20.85097594
3862	3560	1129.55523	128
3862	4863	1260.530262	112
3862	8192	1082.653799	128
3862	8859	1255.265098	117
3865	9015	1228.339678	107
3868	2097	1315.560115	91
3870	6067	976.7301949	101
3873	6187	476.8478243	121
3874	5745	3082.677081	46
3875	512	312.7380278	85
3876	2983	618.9552732	83
3878	4044	2510.767311	51
3881	2865	926.6191625	132
3881	9065	704.03506	151
3882	2725	1954.796212	80
3883	4223	2046.557218	45
3884	8806	1706.15056	61
3888	1031	1712.773703	76
3889	5416	1813.098328	93
3893	7484	1114.178474	116
3894	2065	565.478187	74
3895	1780	1366.256645	101
3897	3286	419.6489147	130
3898	4436	727.388142	113
3899	3911	2427.968966	43.0647448
3901	862	709.2396871	119
3904	1563	326.4064655	121
3906	946	779.3674868	116
3906	7111	783.8915708	114
3909	5058	785.0588369	102
3910	4183	14551.58499	33.81608925
3913	3191	873.3618225	60
3914	2617	766.6119693	103
3920	9154	2311.369933	61
3924	6413	1838.376661	74
3925	9457	329.4046676	105
3926	4158	396.5700318	149
3928	4920	935.1623032	28.36356641
3932	6712	261.9251111	114
3933	6059	690.9403345	82
3934	3212	2252.013306	58
3935	8167	2045.173031	56
3938	7093	771.2923477	131
3939	3655	816.9339002	75
3940	7240	1972.340488	68
3944	7700	221.7671289	79
3946	6834	636.1743452	117
3947	7467	1347.419483	85
3948	7980	445.2587828	136
3949	5838	268.9042899	136
3952	9781	280.6889615	175
3957	2440	2234.952155	33.81608925
3961	956	1407.3404	75
3964	3865	3886.570716	58
3965	8788	970.9190669	120
3966	9556	285.6448038	133
3970	6118	348.0870229	138
3972	3420	383.6419014	133
3974	2434	1743.108747	67
3975	2319	922.5145592	73
3978	2937	1482.169573	75
3980	4381	1783.782827	88
3981	1455	521.8844599	111
3982	2281	680.8200764	90
3982	3237	748.5973852	88
3983	9779	1465.725411	105
3987	924	1017.985212	135
3988	8006	1032.994105	79
3989	837	4310.899511	36.92365229
3990	4688	1011.340499	33.08095687
3991	9545	1610.438314	21.31433096
3992	3381	1931.670045	98
3994	4103	2015.985127	22.76709704
3995	2734	3105.107027	59
3998	6774	5362.275683	18.27487772
3999	4748	247.4045851	191
4000	27	1324.165679	95
4001	9338	305.1333082	136
4002	5173	1588.057952	20.85097594
4004	217	1954.3942	47
4005	4392	2273.80096	63
4005	4689	1861.352688	72
4008	2475	1536.643025	57
4012	7755	1129.962327	68
4014	1659	882.4600088	136
4015	558	1764.999686	79
4016	4612	893.1873133	122
4019	9213	237.3251082	103
4020	4574	1010.173034	97
4022	6319	3758.099943	26.5536902
4023	8671	846.1457881	62
4025	6562	731.6706885	118
4026	8598	1682.266239	51
4032	3697	1898.87215	81
4036	4979	1777.82285	36.1209642
4039	5842	799.1654946	88
4044	4467	1597.088439	53
4045	289	210.774832	165
4046	2677	1744.433224	82
4047	9367	2975.768558	29.63817606
4055	8413	835.6023939	53
4056	1596	586.0573171	216
4058	9343	2203.822848	80
4059	3400	339.5464553	71
4061	2479	4599.405088	23.27303253
4064	4436	749.717411	111
4066	9090	1231.952989	128
4067	5548	1885.345134	28.99386789
4068	3001	1322.96163	96
4068	8573	1599.406492	92
4069	1953	517.8394241	124
4071	2276	1623.99464	71
4077	4685	2029.815622	47
4078	6426	1182.817074	86
4079	6545	652.0224595	140
4081	4179	714.4444752	67
4082	2555	1163.494502	68
4084	5237	520.5137672	163
4085	877	1069.273696	48
4086	7622	269.6868696	123
4090	9747	532.3651573	102
4092	8526	2150.223369	125
4095	7915	472.562181	130
4096	2364	569.26205	90
4097	1212	1820.274838	75
4098	5829	1491.048774	79
4101	965	1072.86745	31.65828812
4103	1277	438.8567786	163
4104	8963	6835.774994	30.2968022
4107	1087	1953.795792	81
4107	1891	1416.754128	96
4108	3156	1991.844746	51
4109	145	3611.309128	33.08095687
4114	360	727.5071461	126
4114	9588	711.1413408	128
4115	7512	508.5137418	117
4118	8071	2830.524192	63
4120	9008	1475.519577	101
4121	5933	1314.862957	80
4123	162	3295.249192	19.95426572
4124	4584	3529.121614	41.21271655
4125	6046	284.667283	137
4129	6311	2455.308806	32.36180563
4130	7978	1857.651147	7.586505262
4131	1314	561.1330817	47
4133	2682	1342.032521	33.08095687
4136	3278	1237.626652	91
4137	1857	1635.319163	86
4138	7994	1807.183113	70
4139	3767	755.8775253	147
4139	3824	496.5955928	150
4139	4622	607.1772009	148
4139	7361	487.7806311	153
4143	1021	1163.921101	81
4144	8143	3629.737357	77
4145	6722	559.9392417	177
4145	9347	393.9014145	183
4146	3719	843.7839126	55
4147	9376	1066.504683	101
4152	196	570.619046	93
4154	1514	588.442921	135
4156	7294	184.5804829	174
4158	2755	2614.967337	30.2968022
4159	6191	233.4695701	137
4161	9806	2009.894357	71
4162	240	790.4982615	119
4165	2449	1429.945886	60
4166	3196	5212.599522	46
4167	2311	771.4760247	118
4168	6798	492.7983433	107
4169	8449	1501.763255	13.43445426
4173	404	1860.777782	94
4176	7060	1418.087604	52
4180	9463	3561.136776	6.796967195
4182	8648	3285.811093	47
4183	9746	285.2085793	190
4189	6582	1169.446115	95
4189	8632	1404.121008	87
4191	9669	858.4224219	116
4194	9260	1365.90742	77
4195	3122	4195.4992	54
4197	1468	2183.022706	28.99386789
4198	3983	894.9513486	128
4198	4673	735.7273422	142
4198	7112	874.9245623	131
4198	7142	733.8655133	130
4198	8420	865.0857917	138
4200	2350	6098.586677	39.44033602
4204	6824	2226.805718	66
4208	4149	310.2251186	161
4210	3765	2864.63955	49
4211	1076	1280.648676	79
4213	5315	282.1011002	84
4214	9859	806.3839663	96
4217	6475	486.7278869	74
4220	2514	344.2416389	93
4224	8408	1963.934228	68
4225	8512	469.0345601	151
4229	5087	983.1005151	44.02173913
4231	1668	651.8009147	88
4233	9034	2062.862025	68
4234	2433	662.5681816	132
4236	4392	2194.198176	65
4236	4689	1826.639891	74
4239	119	1220.500336	125
4239	8757	1336.837265	113
4240	7343	3461.963726	62
4241	7821	789.433097	54
4242	3209	298.3966443	178
4244	926	235.0349356	146
4247	3777	725.0212724	75
4249	7129	1059.690236	75
4250	6253	2166.592543	47
4251	4891	504.0757859	109
4252	1370	1139.409735	108
4254	1248	1373.669899	97
4255	9109	2576.284446	40.31678793
4260	2142	1195.049176	112
4264	4509	1714.004289	72
4265	4034	738.2341533	83
4266	6268	241.3866594	88
4268	1299	1000.150293	107
4272	3753	3903.312782	30.2968022
4273	379	1131.764099	70
4275	2100	2141.029188	63
4276	9190	861.7285551	84
4277	8539	421.3877294	133
4278	3685	2558.255582	33.08095687
4280	9390	2918.761499	48
4284	5587	2334.149501	50
4286	5198	1233.868815	98
4287	5243	2474.646425	75
4289	1943	2932.898301	99
4291	3762	1445.339261	33.81608925
4294	7281	1705.187718	14.35013486
4297	4510	552.2862408	85
4302	6828	2697.778495	109
4304	711	1200.768918	144
4305	1409	2340.876382	24.859302
4310	2903	2895.859408	34.5675579
4312	4838	1741.512224	49
4313	9511	5940.465557	56
4317	3311	2362.50179	52
4319	1227	1058.119745	116
4320	2068	1528.430512	75
4324	2396	205.6400532	187
4326	3047	2632.60928	25.41173093
4329	4167	5388.090222	49
4331	1815	2793.00666	99
4335	6471	701.3703429	52
4339	7282	14238.9551	39.44033602
4341	4831	2973.950964	158
4344	119	1203.291282	123
4344	8757	1317.399491	123
4345	9374	634.4858055	135
4347	5132	1709.796876	47
4348	1587	954.9553178	124
4351	1254	635.6926287	133
4352	2457	1081.518754	118
4353	3356	1016.890657	20.85097594
4354	5781	542.1210097	36.92365229
4360	9005	1752.754162	20.39769385
4362	230	467.3240821	101
4370	640	3198.285906	28.36356641
4376	2056	613.2407121	106
4379	2834	2231.948428	79
4381	311	4367.158656	57
4382	4477	2680.491375	58
4383	1342	2021.913192	67
4384	6179	1316.918735	68
4385	327	1911.494409	60
4387	3455	652.1730925	110
4390	7339	1086.338178	93
4392	7910	3184.958322	49
4393	1681	863.1955565	46
4394	5262	2645.498452	93
4395	2547	2702.940768	53
4396	3502	605.8282059	109
4396	8119	542.5207656	105
4398	7668	1327.669124	58
4402	3402	1837.118842	97
4403	1778	632.1129975	73
4408	8940	4334.92976	70
4409	1376	406.7651609	165
4411	928	555.4850291	104
4412	5718	3331.572279	66
4413	1820	4014.07815	59
4417	6020	1433.519288	73
4419	4454	625.5789134	105
4423	6867	1694.379549	71
4426	9775	1916.012805	61
4429	8414	1499.861504	61
4431	5016	2695.678202	50
4432	607	1115.892856	57
4433	9130	1389.986749	106
4434	8893	2759.53633	19.95426572
4435	258	1686.968442	64
4437	808	3349.739543	20.39769385
4441	1974	3490.93089	56
4442	7347	434.1150251	160
4443	4078	4993.152872	30.2968022
4444	9249	341.5260705	71
4445	2990	5682.154727	40.31678793
4446	9902	2203.684713	71
4448	1898	4271.910823	47
4450	9844	344.8094639	96
4451	7942	948.2978012	101
4453	4853	2343.949004	68
4455	7740	311.113098	177
4457	724	1182.402106	66
4458	6923	9583.462663	88
4459	8356	2808.327116	53
4462	8255	619.5896888	83
4463	3127	1715.926236	51
4464	1023	2258.628936	36.92365229
4465	1161	1524.231592	80
4466	4598	1165.967141	62
4469	824	4235.028392	43.0647448
4471	4299	493.6430161	118
4472	9888	1707.019525	78
4474	7461	1521.93757	77
4474	7562	1652.919608	76
4475	3002	539.1754019	105
4480	443	499.364121	166
4482	5936	2534.141308	113
4486	417	992.9262647	126
4488	2713	1683.626884	68
4489	3654	702.0872367	65
4491	9460	1510.416547	77
4492	6688	388.6814581	150
4494	8644	1784.22114	56
4495	2122	2176.345606	28.99386789
4496	3332	1023.04761	99
4497	1812	540.1542292	114
4498	6889	1922.985979	38.58293741
4500	409	1844.020103	58
4502	7131	3013.15551	76
4503	5110	349.2436393	114
4504	444	1105.216302	95
4505	436	333.3866902	90
4506	241	1233.757091	27.1437722
4508	1450	3236.719107	38.58293741
4509	103	559.9185325	171
4509	3772	462.3971398	178
4514	1323	1564.958306	94
4516	7061	3505.464279	57
4518	9552	881.8785112	113
4519	2056	801.5578393	92
4520	7775	3375.773834	46
4521	1452	1618.43554	70
4522	6292	1668.472414	67
4525	6816	568.3281341	146
4528	5587	2275.139716	53
4529	3933	4679.930478	60
4533	5872	10928.5258	42.1285547
4536	2248	692.9914084	89
4540	4825	276.9923611	200
4541	9607	648.600593	33.81608925
4542	6495	1134.025317	83
4543	7076	618.3447775	73
4545	5122	585.3027858	52
4546	927	1072.081658	36.92365229
4547	7726	674.1458534	34.5675579
4548	4642	200.7591885	127
4549	2467	1259.352041	62
4553	2012	1593.656147	69
4555	6614	4026.080769	39.44033602
4556	6809	3058.812143	94
4557	308	431.421242	95
4558	5304	787.0963146	88
4560	4381	1869.37487	84
4561	1092	8507.769413	33.08095687
4563	8555	1105.187704	115
4568	886	1372.111546	91
4568	5512	765.4002337	106
4568	6360	1152.329079	104
4569	6277	1161.178705	48
4573	5493	675.3267153	37.7441779
4574	4378	4774.672218	54
4575	5370	1479.753987	61
4577	1670	4617.466717	74
4580	7018	2808.458137	48
4581	8918	2367.519972	76
4582	8191	1272.959482	77
4583	3983	764.632934	147
4583	4673	716.2790874	139
4583	7112	831.589524	135
4583	7142	690.8888526	134
4583	8420	831.685236	143
4587	6961	799.8754125	46
4589	3693	1139.146444	92
4594	4436	847.9725213	116
4596	6185	497.1368031	115
4596	7758	555.7310681	105
4598	3515	1472.903725	48
4600	821	3734.34051	28.36356641
4601	2000	790.4019284	129
4604	452	924.8159349	103
4605	5938	827.9444214	108
4606	9684	2921.93198	65
4607	7053	576.8480736	175
4608	33	406.5359455	108
4609	922	325.7733152	153
4611	8673	890.4762114	115
4614	9215	919.9114882	41.21271655
4615	8205	3109.314339	43.0647448
4619	1907	1821.998408	56
4620	4321	225.0593446	91
4624	9873	496.5622458	93
4625	57	1440.745799	103
4628	8229	1071.824795	129
4630	121	1529.724722	88
4631	6774	5304.805406	18.68098611
4634	9095	688.2778417	91
4635	887	1095.48947	99
4636	2408	403.3677136	79
4638	5575	2424.21209	91
4639	7103	911.7773092	91
4640	8307	1088.756302	36.92365229
4642	4820	1592.274217	134
4649	5485	3594.448043	9.876102263
4650	4718	1484.386602	90
4651	3471	1095.285784	65
4652	8990	331.6606936	114
4654	3685	2535.852909	34.5675579
4657	981	602.7012951	102
4660	4126	189.96911	177
4660	4453	190.2456418	151
4664	6944	859.6792133	102
4666	3599	3349.337561	21.78798276
4673	9313	1878.131389	41.21271655
4679	4471	577.9376418	50
4680	1483	880.8260522	84
4681	1067	2119.396354	27.1437722
4683	5366	1622.25342	122
4684	7175	3937.25478	134
4685	2885	242.1566737	122
4689	6816	397.7117691	157
4690	3445	401.1997905	62
4691	8328	606.517267	50
4692	3312	1863.911919	51
4694	5944	2635.733754	42.1285547
4696	2032	1116.1692	85
4696	5560	812.588875	95
4697	9473	618.3844704	81
4703	4075	1318.36055	68
4705	1894	928.9043606	87
4706	4137	1740.846869	55
4708	2808	1875.848987	66
4709	2882	1372.161946	135
4713	4264	1132.27914	130
4713	5017	1088.005119	129
4714	7491	5373.44086	17.87759777
4719	4014	630.4121588	76
4720	1142	943.5345373	51
4721	4659	284.1243683	145
4724	1275	209.3226484	126
4726	3916	384.2304411	197
4728	2996	295.8663052	132
4730	1957	644.8955664	167
4731	7982	1490.244535	84
4732	5032	542.3128421	134
4735	1520	2032.871684	81
4736	3514	1977.238756	93
4739	1538	1027.217139	99
4740	2580	1625.09392	84
4741	3504	1487.273089	113
4744	1431	1135.95582	21.31433096
4746	5225	518.539811	114
4750	438	1124.356977	71
4752	9508	2037.451201	71
4753	2931	1310.435672	119
4757	3845	1750.972447	48
4759	434	749.9839803	76
4764	5450	1686.384433	26.5536902
4765	9155	1880.734243	50
4767	7486	698.0881485	55
4768	7977	412.1440663	140
4770	944	704.9914509	124
4773	8895	284.6425955	135
4774	9226	1444.14983	78
4775	8545	649.2322022	108
4776	6511	1737.565892	56
4778	8340	2258.906933	41.21271655
4779	2449	1362.024344	61
4780	2215	286.4603786	167
4789	47	381.8751226	118
4792	7156	916.724435	48
4794	1329	2439.1515	33.08095687
4797	470	2127.116052	45
4799	5314	841.1427633	104
4800	4862	662.765181	50
4802	5089	990.922323	77
4804	1005	1074.691507	128
4806	2904	824.3367097	117
4807	8084	594.5066164	97
4807	9577	722.34433	83
4808	1485	1846.720858	78
4810	6131	373.8340318	133
4811	2760	590.0387728	174
4821	3236	308.3097725	118
4822	2370	184.1262643	255
4828	3983	759.7201132	136
4828	4673	600.7812079	153
4828	7112	599.1008058	156
4828	7142	588.1140672	139
4828	8420	779.7255312	152
4830	2966	385.2460826	151
4831	5592	636.8952011	111
4833	3715	2541.094727	61
4836	4254	448.5032207	110
4837	6753	11171.61189	52
4839	14	800.6443767	146
4840	96	1718.891105	67
4842	4561	446.7401397	144
4843	8712	1194.933713	93
4844	420	867.9563309	63
4848	5185	322.5550969	169
4850	7012	1036.763957	107
4852	4980	2505.013822	73
4855	7748	1353.745623	54
4856	9011	1897.399107	111
4857	5381	1284.495683	69
4858	3492	253.0898654	181
4860	7878	2537.186858	46
4862	8454	1497.028795	25.41173093
4863	7089	4146.756599	48
4864	6811	448.199186	122
4865	6150	572.0546079	110
4866	7257	3946.472389	27.1437722
4867	6462	535.377478	96
4868	8517	3172.51625	27.74696714
4870	1928	735.9767898	87
4871	3854	1254.20961	60
4872	9819	440.0885908	113
4873	1456	776.051896	62
4874	7469	864.7461648	91
4875	2849	626.0425936	96
4878	122	1042.614509	124
4878	1373	1014.334775	121
4878	6858	1178.393374	109
4878	9727	1092.422585	122
4879	497	1825.114021	55
4880	83	8954.71466	54
4882	9710	618.0096246	145
4883	5596	552.5927077	90
4883	7238	282.9825759	104
4884	2706	1751.796309	37.7441779
4886	6592	669.2461339	60
4889	8153	2158.41593	79
4890	5251	554.6773068	89
4891	4427	1460.797793	103
4893	9138	4670.522573	49
4894	8664	815.2984174	147
4895	6417	529.9264224	26.5536902
4900	393	236.3759993	123
4902	4128	1182.270131	133
4904	4379	477.1608506	82
4905	959	1892.965984	94
4906	8944	1254.789358	116
4907	952	559.8386413	103
4908	202	1290.876583	72
4909	1384	2085.84904	46
4910	4930	2748.289169	74
4911	9618	4236.421413	43.0647448
4912	6735	3185.094988	43.0647448
4914	1905	2181.48178	66
4914	8561	2076.158377	74
4915	8483	1633.889953	114
4918	2986	3206.407354	59
4919	3256	279.0467292	135
4920	3785	335.8036559	96
4923	3896	1024.329577	62
4924	1727	1164.394968	76
4926	4346	940.1699764	66
4927	2047	645.7687072	128
4929	5483	1181.017151	42.1285547
4930	9353	1303.424174	114
4933	3926	2471.389972	74
4934	6557	938.0952152	68
4936	6582	1226.620169	101
4936	8632	1329.507007	91
4937	351	5771.413902	45
4938	1887	979.3198303	101
4941	704	2284.43594	25.41173093
4945	1857	1497.105572	96
4947	9169	1756.230358	123
4949	2639	257.1599183	139
4951	8302	1773.524086	77
4953	1205	562.9408	105
4954	4308	2774.27436	40.31678793
4955	2038	251.0723212	156
4956	8050	2850.137719	49
4959	9176	427.8594665	141
4960	3162	590.3382669	120
4961	4952	636.5158372	140
4963	6909	1327.971059	65
4964	930	201.7467216	180
4965	9188	4420.154703	49
4969	6491	2814.685646	77
4971	4802	2089.590784	48
4972	1730	704.5331226	71
4974	4319	337.9154011	154
4974	5265	445.9591985	137
4980	3685	2505.163858	34.5675579
4981	9268	547.6338151	116
4982	8055	1331.589388	63
4983	4922	806.8274614	149
4984	7136	3667.067649	0.5427547271
4988	6855	1493.847679	63
4990	5101	366.47466	112
4990	8614	299.6188866	129
4992	2929	1169.015581	42.1285547
4993	4212	2355.635477	98
4994	2593	1279.155396	71
4996	5906	1314.710659	63
4996	9755	1192.382076	66
4998	2018	884.3123043	58
5001	8497	1502.314252	107
5002	893	1979.876251	46
5008	8686	539.9430421	102
5009	4252	1941.334689	83
5012	6515	1751.649731	71
5013	856	721.2931947	55
5014	5591	343.2830149	122
5015	3861	4396.715857	14.99500512
5016	3089	860.7394375	43.0647448
5017	9337	317.381144	107
5018	6649	187.4015711	83
5022	8305	5967.060363	35.33572585
5025	3720	1029.32126	83
5033	3519	2763.604259	64
5034	3334	5287.966988	80
5036	4892	1406.967971	80
5038	3853	279.0169214	174
5038	9610	250.5049657	177
5041	6653	289.3967535	117
5049	1210	2483.242762	63
5050	9175	5261.037221	23.27303253
5052	34	1446.309627	111
5053	9832	228.6890929	42.1285547
5054	9685	841.0865534	50
5056	951	544.972607	170
5058	9477	1232.525338	18.27487772
5061	9533	3380.242064	47
5062	161	1980.100179	83
5062	4732	2105.071601	80
5062	6152	2017.83613	83
5062	6160	1953.868358	85
5062	6726	1824.506765	87
5063	2534	2114.883132	69
5065	4985	538.3515881	83
5067	343	1824.34257	39.44033602
5069	4196	846.944726	42.1285547
5072	2119	1739.422596	61
5077	239	3484.254704	57
5077	7133	3063.970352	61
5081	7584	250.3020063	127
5082	8073	3525.73718	54
5083	4098	1725.853316	117
5085	3393	1702.592294	103
5086	304	1463.410247	35.33572585
5087	7530	730.7421307	74
5090	7430	652.6275646	70
5096	2805	653.4228835	139
5097	2447	3464.282528	70
5099	7672	1081.477255	95
5100	9296	1104.293464	56
5101	1870	2472.702457	38.58293741
5102	4069	560.0774588	99
5104	3203	421.2529596	95
5107	9102	2165.943202	69
5109	8742	1929.334713	50
5111	3632	1344.132801	90
5112	7771	1116.49944	83
5112	8921	978.7683506	91
5113	3892	754.7997521	123
5113	6667	714.1071265	122
5115	8907	1106.482112	57
5119	3446	411.6974327	74
5121	3658	1754.973522	59
5121	5206	1731.457199	61
5122	3271	1418.691667	36.92365229
5124	177	516.8062489	130
5125	6485	1114.828122	33.81608925
5126	4176	431.6984555	133
5127	510	192.5126677	151
5128	223	725.2940682	100
5129	1635	189.8206487	243
5132	6057	906.9157976	84
5133	5736	628.4393555	107
5134	9146	881.8538263	94
5135	3635	2091.499241	45
5137	2217	1145.729695	107
5143	1826	2378.120694	59
5144	7837	1051.37618	52
5151	2283	1828.429702	127
5154	8876	1003.352592	75
5156	5758	1239.139902	39.44033602
5158	9901	766.5582996	75
5161	4392	2257.094129	63
5161	4689	1902.155868	70
5166	5158	662.1237223	101
5167	720	1854.571608	49
5169	692	1919.539075	47
5172	648	551.8677213	92
5179	31	834.8563321	34.5675579
5180	7647	344.4966163	195
5182	2761	1543.294252	71
5184	7836	775.2705859	53
5187	4467	1489.01195	59
5188	5	413.0040592	167
5193	5391	425.9496248	117
5194	214	1242.448398	146
5199	4987	1612.97849	41.21271655
5203	7438	931.3319148	62
5204	5140	1241.245644	48
5206	8904	904.0568526	92
5211	4714	648.14782	110
5213	1597	950.9905924	97
5219	6463	3143.83526	41.21271655
5222	9307	191.8907928	116
5223	793	1724.967663	75
5226	5740	771.778397	144
5227	6756	1436.354044	152
5228	6685	736.0328457	68
5229	6674	2077.594789	54
5231	90	916.6434207	98
5232	7247	2005.980968	130
5234	2707	699.6529113	70
5236	6932	2272.143403	35.33572585
5237	8004	2184.975711	103
5240	4360	491.5405929	139
5243	2403	1578.082366	17.87759777
5245	8890	8726.161295	29.63817606
5246	3825	3387.626424	20.39769385
5248	4343	793.2879267	128
5253	8309	1232.808599	58
5259	7923	719.0056081	148
5260	6364	3237.192354	25.97643606
5263	3272	507.7126055	74
5264	8659	2591.663452	54
5266	553	442.3841933	117
5267	4203	2623.771382	87
5271	8804	542.5071343	65
5273	9483	938.6980897	82
5275	1646	1030.407545	69
5276	4090	620.6621154	114
5277	5846	343.2638917	106
5278	2421	1397.100814	93
5282	6370	744.7759342	111
5283	4413	651.0142104	83
5286	654	1302.488621	93
5289	8351	2246.075149	34.5675579
5290	3593	1029.964995	80
5293	3015	1395.60863	101
5295	5598	1938.715423	62
5296	7107	1019.720452	101
5298	8094	4162.855078	63
5299	3277	217.7693008	290
5300	4398	7101.490757	40.31678793
5301	2736	1545.034938	60
5303	4888	4359.225576	52
5305	9398	1662.664381	83
5306	3354	3882.732368	25.97643606
5307	23	511.6315462	107
5310	9291	1883.120685	87
5311	7207	314.0091915	143
5312	1316	3471.345737	42.1285547
5313	1945	1571.371838	58
5314	207	1777.251051	120
5319	5714	725.0266158	120
5321	4905	1427.198756	56
5321	9864	1747.451047	47
5325	7960	1367.868362	55
5330	9541	397.3569678	92
5332	6676	336.1961822	98
5333	4178	1039.879005	38.58293741
5338	8752	491.6929289	123
5341	1469	1003.14358	122
5341	4296	1314.778959	102
5341	8322	1425.547951	96
5342	1839	1978.203689	67
5343	5909	1918.629859	58
5344	3961	1071.960725	36.1209642
5345	6358	1140.041815	141
5346	9148	442.0659492	43.0647448
5348	7298	411.2223227	167
5350	1793	1439.454613	36.92365229
5352	9622	792.9981873	83
5353	8227	774.2385641	117
5355	7258	1544.765033	88
5356	1447	222.9528405	192
5358	1779	3635.927576	19.52047734
5363	1351	2222.661786	82
5366	3399	1850.549892	102
5367	3892	786.5595116	119
5367	6667	734.9751107	121
5370	2651	587.5281067	86
5371	384	3359.652785	32.36180563
5372	5954	3720.648748	67
5374	1099	4815.538499	109
5376	9594	711.463548	112
5380	3994	2456.797624	78
5382	2400	186.6612505	197
5383	6556	4158.633328	93
5384	8628	1025.703013	80
5388	4096	3315.802144	51
5389	8543	1575.077934	52
5390	7899	6617.831025	90
5394	6289	2126.574648	40.31678793
5395	1543	839.1648962	80
5396	1337	1851.472582	62
5397	92	954.6129312	125
5403	5793	251.8224394	124
5404	8373	420.6248531	50
5406	140	3110.907355	54
5407	3822	1708.502001	90
5408	8039	3270.592897	63
5410	4483	533.9892413	66
5414	1061	2727.958643	30.97006447
5415	167	497.5468071	151
5417	3724	443.4868846	183
5418	9390	2795.016929	49
5421	9584	1860.379412	55
5422	9357	302.6654921	163
5423	554	445.3935308	115
5425	7417	1745.614843	74
5430	8791	220.18877	162
5431	873	496.5516145	94
5432	5213	2639.024951	82
5434	9416	2124.14363	29.63817606
5438	9650	1597.291588	16.37298599
5441	7407	195.0529647	118
5445	3783	251.6756138	81
5446	1824	1409.956388	54
5448	9206	592.0191762	75
5450	345	1652.118903	66
5451	6581	1381.563308	20.85097594
5454	4242	465.7402364	77
5456	5914	1090.016683	66
5457	1554	1980.126463	99
5458	4060	852.11254	31.65828812
5459	8372	2487.809993	56
5461	1497	497.8954775	103
5465	8313	588.9685134	107
5466	9123	661.8659696	97
5468	1568	643.2160404	130
5469	9180	3088.351606	35.33572585
5470	811	1262.800766	26.5536902
5471	8442	1323.326937	108
5472	4227	924.0614977	24.859302
5473	6213	708.2365408	98
5475	6004	1398.777566	72
5478	4436	583.7731977	117
5479	8968	608.7512434	85
5483	3557	1003.095795	85
5484	1680	2655.332257	66
5489	2111	219.5806196	108
5490	4668	1191.690108	66
5493	7578	788.823296	99
5498	4815	1224.15316	88
5502	4634	708.2533743	54
5503	3555	2921.857438	30.97006447
5505	3275	2503.885997	46
5506	6521	555.1667189	135
5509	2300	504.2761985	68
5510	111	1824.951365	32.36180563
5511	6678	1820.849552	65
5513	7728	5963.190467	51
5514	5419	544.9565619	59
5515	6398	3909.248341	89
5517	5140	1200.650891	49
5522	442	2441.730035	59
5522	9804	2378.345954	61
5523	834	285.7279016	194
5524	4251	1833.332145	62
5525	3869	1343.678616	72
5525	7165	1435.149902	75
5526	5133	751.8148408	113
5527	1500	442.0497916	84
5528	8983	559.9937355	109
5529	1232	188.8005879	199
5533	5403	1268.264503	131
5537	1404	303.9350491	172
5539	7240	2040.121997	69
5543	5884	185.1004975	112
5545	3983	551.8285464	137
5545	4673	499.3195839	144
5545	7112	564.4367657	138
5545	7142	491.5948247	123
5545	8420	713.7769852	128
5546	5743	2511.040163	47
5547	8397	1008.184421	82
5551	762	916.4607568	98
5554	2226	2160.611254	75
5555	3862	201.5785221	87
5559	5112	1332.888358	96
5560	5310	963.3180331	75
5562	556	1633.521219	51
5563	9221	1119.412289	112
5568	5398	1200.826206	72
5568	5405	1288.188971	68
5574	3645	489.8283028	105
5575	1143	2066.639382	25.97643606
5577	7581	731.1819291	156
5579	7041	2146.896808	26.5536902
5580	2120	611.1618908	88
5582	7327	3605.80094	66
5583	69	728.07159	112
5587	9191	1057.661968	94
5588	9452	329.0859531	133
5590	2658	5049.698986	28.99386789
5591	360	652.313473	110
5591	9588	711.9309169	129
5592	9502	6062.962493	53
5597	4323	1492.80453	128
5598	1923	2527.573877	29.63817606
5602	3322	356.6990625	131
5608	1415	1009.196831	53
5609	6044	908.043339	90
5610	9919	6262.572508	45
5612	6698	1904.234307	39.44033602
5614	8856	1785.159877	103
5615	9616	506.9310397	138
5617	9317	1266.052877	88
5620	8544	753.6978536	74
5621	5179	575.6256294	146
5624	1693	848.7452408	65
5627	8069	695.2692373	122
5629	194	513.5375275	115
5630	8914	838.2242939	100
5631	4617	482.4918764	93
5632	6421	555.916967	99
5633	1404	406.3222148	168
5635	4588	339.0371468	184
5635	6452	292.8978066	191
5636	7962	1520.747282	79
5638	3453	1597.102402	106
5640	4740	362.2188453	120
5642	4269	1296.386266	107
5644	4488	1227.398353	110
5645	133	1074.794061	152
5647	6977	1074.987013	55
5648	1885	471.930363	98
5651	8759	397.2963974	103
5652	3007	671.7355134	90
5653	662	183.880536	197
5655	7148	3355.817284	64
5658	2439	465.616405	98
5659	8082	2284.002991	64
5662	5103	393.3276638	75
5663	7731	886.4181582	78
5664	8378	478.2878559	113
5666	4962	749.4188015	67
5667	6474	889.8741833	71
5668	2349	3364.005178	63
5669	6765	2230.261416	58
5670	3700	520.1535263	78
5675	6434	2729.746248	62
5677	3061	1830.334537	78
5679	3199	1367.698417	15.66885474
5682	9716	392.2755008	84
5685	8311	2712.361606	41.21271655
5691	4917	879.3880491	65
5692	953	474.9593755	103
5693	5137	2408.910599	65
5695	2632	809.2473428	101
5696	12	946.7905709	72
5696	8605	831.5527635	73
5697	1343	357.5464076	47
5699	288	5399.616968	57
5702	3232	3246.963524	22.27216015
5706	5932	3662.172914	75
5712	536	431.765828	97
5713	1579	598.0173967	91
5718	8452	2985.844271	73
5719	7011	1044.396381	72
5720	1297	524.7632667	84
5721	9299	1578.761408	80
5723	9037	589.8131899	146
5724	1279	1188.26184	90
5726	3003	206.9366586	155
5729	5529	5905.137512	59
5733	4292	521.0667305	110
5733	6862	777.0862134	97
5734	5248	3043.199894	37.7441779
5735	3333	2203.651561	33.08095687
5737	4248	1689.465725	125
5738	3311	2315.881903	55
5739	8451	755.4921843	105
5740	5967	1000.458416	106
5741	7771	1085.894683	86
5741	8921	956.6065052	94
5744	3135	237.4064108	182
5750	705	457.5463037	91
5751	8943	1684.915215	66
5752	1388	404.2677541	112
5753	1220	1288.792313	71
5754	7933	887.6795019	77
5763	1033	389.3175826	148
5764	5831	694.2480558	158
5766	6736	529.7693888	162
5767	446	2218.520029	52
5769	5690	633.1593422	108
5769	7276	560.1422957	114
5769	8349	556.0211942	111
5772	1879	930.1965233	170
5773	8881	1303.364139	86
5774	8820	431.4471866	181
5779	1713	6812.362782	57
5780	6908	1472.124101	67
5780	8779	1566.019151	68
5785	6283	2215.932936	68
5789	7925	498.8863683	128
5792	5290	2395.204823	23.27303253
5794	2394	1192.379081	66
5796	6428	1095.115839	83
5797	2078	3021.079634	48
5801	3246	2166.052534	44.02173913
5804	8195	294.1747899	136
5805	1894	887.480689	99
5807	3345	765.1342881	138
5810	2955	1360.923827	59
5815	1197	2046.812125	54
5816	2947	1345.185583	67
5816	8540	1328.882344	65
5818	5212	1109.135079	148
5821	3478	2166.382649	86
5821	5070	2080.595027	86
5821	7869	2482.703027	80
5822	5147	1683.317146	116
5826	6168	719.159207	116
5827	1905	2375.668859	64
5827	8561	2212.838931	73
5831	8579	1079.436322	38.58293741
5837	2508	305.4525926	130
5838	2865	1140.45006	118
5838	9065	812.2624207	132
5842	912	1156.145421	91
5844	2679	856.7196897	97
5845	5256	1384.061797	53
5847	5013	1465.328431	15.32822746
5848	9073	1452.852778	95
5850	8474	1902.99388	113
5851	3376	1135.716928	85
5853	5803	1738.802559	49
5854	8224	5085.492706	71
5855	4691	2739.901445	89
5855	7184	2208.759665	98
5856	8437	1514.142517	77
5860	9441	259.9302679	124
5861	3658	1866.389098	54
5861	5206	1807.388621	57
5865	6657	2126.92644	64
5866	6324	1129.766014	71
5867	5146	2522.022727	106
5870	8346	1197.114969	21.78798276
5877	8701	2311.505557	70
5878	2449	1317.798058	61
5880	638	6995.669273	43.0647448
5881	2385	1146.257728	103
5883	477	1552.729028	57
5884	8099	1815.80974	93
5885	7194	2825.545224	62
5886	1518	1619.654582	68
5891	8367	5525.465594	40.31678793
5892	7760	541.2790468	43.0647448
5894	7772	479.7545853	70
5896	7034	678.2187057	59
5897	6419	4989.188395	71
5899	4631	1287.705394	62
5900	8203	253.4955672	168
5902	1838	1585.94241	100
5908	2449	1407.221908	56
5913	7396	749.4374766	112
5914	6919	1613.855394	68
5915	5689	1307.354805	89
5916	6946	908.0398759	111
5921	9202	516.8147281	74
5922	2232	336.6157547	105
5923	5127	430.4796011	119
5923	9277	387.0999784	115
5924	5842	720.3624726	99
5925	2652	300.22402	81
5926	4684	1291.493054	98
5928	770	1137.768405	73
5929	9294	1949.757131	77
5930	41	301.9373146	94
5931	6553	1165.314642	19.95426572
5932	6566	2259.50606	45
5933	6263	685.9292916	115
5938	4974	3864.983287	71
5940	5023	1683.247073	72
5942	7482	3714.593073	91
5944	8643	1471.962433	88
5945	3880	349.3300542	132
5946	2198	648.4912495	106
5947	1419	1094.874617	109
5949	3685	2521.651903	34.5675579
5950	2103	1136.472274	65
5954	1976	1085.399426	133
5955	3170	1007.667241	79
5956	1145	708.2536576	90
5958	157	2782.168992	64
5959	9401	402.5934997	52
5960	7155	641.4793522	119
5963	1527	512.7859344	136
5968	8708	1105.848147	90
5969	7088	2490.594194	50
5973	3220	535.2811834	131
5974	8718	474.2859523	69
5977	9523	2318.376071	94
5978	7930	1622.736793	46
5981	3184	576.7481753	112
5983	4476	2616.867595	51
5985	8939	2262.410956	48
5986	4422	1676.563237	87
5986	6159	1446.358898	91
5992	5888	740.9260486	125
5993	4303	736.828582	114
5994	7308	780.832454	40.31678793
5995	8765	978.4268406	104
5996	8344	1074.196345	93
5996	9580	1063.319848	97
5997	1129	401.6579441	101
5998	6909	1351.333691	64
6000	9030	753.8675216	117
6001	3790	2088.582831	56
6003	403	8894.060914	48
6007	6295	2969.381998	58
6008	1905	2401.951075	62
6008	8561	2251.114318	71
6009	5810	1009.590967	85
6015	1158	726.595199	117
6016	1933	1427.979939	101
6017	2474	207.9300774	143
6019	947	375.2549446	152
6021	4436	664.6587964	127
6023	3532	575.1753729	81
6024	6219	2455.390222	42.1285547
6025	42	629.5677125	104
6026	7566	2766.408052	75
6027	7832	2382.819904	80
6028	167	440.2478266	130
6029	8202	3144.927395	98
6033	3690	2091.697297	72
6034	2796	633.4873795	122
6035	8376	783.5429518	118
6036	1465	452.0369865	93
6038	3558	527.7689678	119
6040	2155	1024.370274	92
6041	5458	2784.852479	59
6044	7858	2741.727959	41.21271655
6046	5877	4855.871678	62
6047	8743	672.2296355	79
6050	7832	2205.690261	85
6051	7801	821.0972402	90
6052	6154	333.1450195	129
6056	7670	1620.964772	33.81608925
6057	1995	1595.085916	118
6059	6894	2877.17065	102
6060	1124	2772.219209	38.58293741
6062	8634	5275.241601	85
6065	4741	277.6239895	144
6066	5100	2084.219976	36.1209642
6069	8572	1451.268341	61
6071	6534	187.7103291	154
6072	471	3800.052888	20.85097594
6074	5157	1335.011336	57
6084	1352	241.0999866	87
6086	685	1434.979937	78
6090	9235	389.6165116	134
6092	3634	670.6151895	165
6093	1175	531.9545519	61
6094	4249	254.4679542	156
6094	4311	267.2135238	143
6095	6275	405.6912971	136
6096	9229	5517.244462	24.31888239
6098	945	1298.936791	38.58293741
6102	8140	1726.795856	126
6103	3192	565.8928009	90
6104	4526	688.7627176	44.02173913
6104	6401	573.3002325	55
6108	2292	1152.086939	35.33572585
6110	280	573.5929394	112
6111	4563	15474.31674	29.63817606
6113	5028	666.2558656	141
6114	5590	1626.787691	32.36180563
6115	1996	695.0018342	129
6117	321	1279.099931	76
6120	5351	2310.553904	104
6121	6448	1848.557292	95
6123	2424	428.7604058	106
6124	1380	2997.769286	46
6126	4325	2170.745883	49
6128	5357	828.7276184	79
6129	2130	2315.062633	79
6130	3577	1334.679635	85
6131	7480	839.1893968	119
6132	437	1759.457147	65
6136	9365	3578.632528	30.97006447
6140	1667	413.9576379	106
6142	9637	1471.488394	79
6143	7639	344.6178693	103
6145	3801	241.203823	135
6147	5947	575.9277754	134
6149	2789	2056.318107	101
6150	2883	501.4280331	138
6153	7209	1468.232255	78
6156	5235	1356.967637	36.1209642
6158	1476	212.4488674	143
6159	2725	1915.852391	84
6160	9386	336.2062565	120
6161	6283	2125.537334	72
6166	3241	4359.455534	37.7441779
6168	8111	1345.770661	56
6172	2676	1324.829456	103
6175	2436	1590.701471	23.79021103
6177	3779	595.1286916	57
6181	389	340.3935653	158
6181	9619	370.0123305	161
6182	6291	235.1817835	163
6183	4531	1161.872401	96
6187	3899	279.5634387	161
6188	5905	786.675823	111
6191	8620	599.473581	80
6192	8799	2065.615528	33.81608925
6194	1774	681.6607381	145
6194	7599	761.9794599	146
6194	9349	843.7819721	135
6197	305	642.7727597	103
6201	9446	1405.677533	59
6202	8404	1415.054223	52
6203	7399	384.9189964	158
6205	2622	4266.976036	14.66902675
6206	4905	1547.423955	57
6206	9864	1602.700903	50
6207	8352	808.8304398	51
6208	9407	1212.338239	109
6211	209	7506.56829	77
6213	109	945.241273	58
6214	7312	568.6826996	98
6215	3828	597.5489876	57
6218	5241	1199.523253	99
6221	8992	1468.016099	84
6222	7240	2032.238534	69
6225	8282	1499.367495	90
6227	1574	3456.472745	54
6228	3770	1234.058283	67
6230	1469	1018.055689	124
6230	4296	1314.017674	104
6230	8322	1472.082627	96
6232	1604	1106.875702	85
6233	6901	386.0194356	163
6235	8116	1086.455211	113
6238	2596	207.3347292	64
6239	3699	1812.508138	60
6241	8575	1049.235786	126
6242	7241	1413.606255	72
6245	1777	362.0896555	105
6246	6640	1648.209803	29.63817606
6247	3979	3956.05602	44.02173913
6249	2907	771.3990961	102
6250	885	1549.523775	89
6255	2165	2989.47491	70
6257	6832	1020.541291	27.1437722
6258	4123	2593.700639	52
6259	6224	933.4132383	84
6260	4708	2244.268291	59
6264	5094	449.4817757	66
6265	8880	2272.441287	60
6266	8944	1257.044021	117
6267	8566	1451.521236	50
6269	5856	1488.045766	95
6270	9403	2098.278099	92
6271	7800	1067.380552	83
6272	1873	426.2576943	145
6275	4839	3532.445046	29.63817606
6276	1241	1084.856228	30.97006447
6278	7090	573.9374482	103
6280	7454	3229.181958	97
6281	6657	2127.49627	64
6282	1000	300.4870801	121
6284	4340	547.0772011	127
6286	9605	1538.77048	47
6289	8387	2608.535292	70
6292	866	1786.75713	135
6295	1231	2022.814097	106
6295	2285	1939.605336	105
6295	4366	1607.028694	97
6295	5162	2008.547015	92
6295	6460	2262.447735	97
6295	9086	1753.664374	96
6297	803	789.6655847	43.0647448
6298	2004	894.0897666	89
6299	4436	702.6010775	113
6306	7212	1123.68508	85
6314	9620	1751.150675	53
6315	5583	1803.115872	53
6322	1541	1306.634436	41.21271655
6324	405	1389.046159	77
6325	7428	1194.876317	98
6326	3640	803.656576	94
6327	843	522.3099276	88
6329	5240	1840.974228	142
6333	2453	4430.175358	99
6334	4046	212.6497593	252
6335	9707	779.8341136	133
6336	6469	425.1308159	111
6342	7344	1961.203762	68
6343	4003	3158.170649	86
6344	9157	230.3845305	149
6345	1291	6575.149288	19.52047734
6354	588	2301.500658	70
6355	9612	1938.01205	121
6356	58	1586.521303	52
6359	6300	632.7269433	165
6360	195	494.5598216	57
6363	2152	1634.762389	16.73683012
6364	1324	3900.834489	76
6367	3437	1131.457832	94
6369	4372	764.2020414	70
6371	5670	4624.09572	40.31678793
6372	8519	697.9705991	110
6373	5878	742.9617777	84
6374	7676	1850.53484	22.76709704
6375	4861	540.7505442	79
6380	4027	256.5124433	155
6381	4365	1722.36862	87
6382	1502	251.87892	148
6383	7421	1379.493678	126
6386	3359	1947.521996	40.31678793
