15	15041	226.4128072	206
26	17431	987.5897167	102
35	9486	344.6766985	249
36	2453	671.2217376	201
38	14581	703.3821008	161
41	2787	1171.366159	108
46	7179	279.3779316	153
49	771	2449.417665	82
54	16366	940.1546068	132
54	16895	947.5163093	129
59	1927	949.0384049	179
59	9702	847.4098799	175
59	10498	934.8252997	175
62	14904	183.2815272	135
72	14372	882.634629	104
75	13350	813.0732662	79
76	8863	657.8228841	79
76	10138	719.1144905	75
76	10740	581.4763213	81
80	4879	311.5159953	159
82	2748	194.9286083	161
83	17914	239.8858345	134
85	6359	3440.53393	54
87	2465	622.7818494	88
88	2407	1904.437076	66
97	15616	1563.17256	108
99	7444	509.5807097	132
103	4049	1699.982699	81
103	9386	1670.948128	86
106	3399	286.4361309	169
108	776	1958.36638	78
109	11018	1754.008688	102
110	16380	1997.301317	53
111	11002	600.5223152	119
111	14983	549.3747137	126
114	9928	487.9477536	128
118	4976	1470.074584	57
118	10644	1403.162987	58
121	14899	3391.275369	65
122	4655	890.6150797	114
125	2667	1000.354607	115
128	10056	2060.59188	59
129	520	323.8240621	105
133	16086	1105.289837	49
134	4050	230.0129812	123
135	14278	1161.494336	35.33572585
137	4757	745.4495008	39.44033602
139	9940	2139.173052	113
145	15594	2272.61993	45
146	7401	1819.423092	42.1285547
147	15203	446.0101964	182
148	9725	1203.826686	160
153	6357	335.2200456	76
153	15199	394.3906317	66
155	11404	692.1480084	111
157	12214	1455.397517	50
160	17407	3885.442952	21.31433096
162	4568	3231.505679	77
162	14653	3224.526031	77
165	13274	1108.826059	134
166	2660	193.1146641	81
170	5474	1262.568603	151
170	11469	1139.563441	146
173	4120	2771.077673	58
173	14206	2746.99449	60
177	10618	1350.145835	75
178	2825	329.1805176	204
179	3343	223.1830711	97
183	3937	1004.182554	97
183	9150	914.3893995	106
187	3316	406.9561054	137
189	8479	905.7071034	103
191	2238	1206.383872	21.31433096
199	7846	531.0812426	111
199	8453	390.4404955	122
200	17132	877.3190403	86
200	17260	818.707756	86
202	17861	576.1485722	116
204	16724	832.5768617	105
205	7646	1936.832304	44.02173913
208	10591	1299.451894	68
214	3283	350.6018138	133
216	4605	242.9846934	106
218	10174	1852.262946	60
221	16194	1457.395081	91
224	863	2625.365785	70
226	13124	454.2888879	141
229	12620	438.5767639	172
235	9310	539.1631992	89
238	17604	291.5400624	121
240	2634	346.1862746	112
240	9633	332.3960489	100
240	10589	332.3960489	100
246	3560	827.0157591	80
250	18136	897.8374954	124
254	1800	371.5852541	128
254	5974	399.501044	128
254	18053	230.5785403	145
255	4729	206.5894241	185
262	4330	447.7001323	168
264	4978	303.2638152	95
266	8031	244.1689785	172
267	1368	2664.545472	22.76709704
267	3409	3338.890806	22.76709704
267	10099	2727.958832	21.31433096
267	14070	2619.468013	23.27303253
267	15652	3084.787851	22.76709704
269	3468	602.7741148	86
273	336	1473.749958	70
273	11939	1389.738985	73
273	15376	1465.12217	72
275	8951	1225.804864	22.76709704
275	9433	1114.860721	20.39769385
284	5193	856.2982187	164
285	9671	827.5752507	73
292	14459	414.7819767	214
295	6308	1023.291884	50
299	9729	662.5818419	128
303	13187	1512.705538	97
309	1911	830.229338	97
316	6933	194.7132655	188
331	16191	717.9532665	96
332	14706	7583.594258	76
335	4185	651.6049897	98
336	1935	1076.694605	80
340	1657	559.7995552	126
340	6987	498.9717712	133
340	16520	657.2534194	131
340	17374	587.9753052	121
344	2371	842.2758846	104
344	9409	847.8000822	107
358	15301	534.443901	94
361	16612	629.5374073	62
373	13039	1916.820566	45
376	2486	4434.133019	60
384	13287	1070.272367	31.65828812
385	10265	250.2480145	149
386	14893	1119.594802	56
389	17163	1102.364629	65
394	9864	3468.61853	50
394	12313	3478.599364	50
403	2972	2688.503687	99
403	6553	2574.876716	95
409	2580	997.4857888	101
416	13881	706.148659	58
424	12684	2450.548034	72
425	5623	540.9281449	132
425	7837	496.7202514	139
432	4715	209.1183958	166
435	739	2693.227601	69
435	3030	2669.929045	67
436	9086	307.5517135	186
436	18266	417.1501676	165
440	7167	1155.469156	89
441	5110	238.9418327	123
446	3179	391.6777666	139
446	15878	413.9623992	137
452	11241	1160.822293	44.02173913
453	3892	928.8806343	108
454	15204	990.0179208	78
461	2835	4900.425526	51
468	18314	1673.086122	65
469	10433	922.5356325	140
473	10298	738.4201808	84
474	945	408.6601899	110
474	10355	331.7788832	108
480	14189	688.0083375	78
481	16374	289.3224943	130
481	16702	294.9969531	130
482	15129	3613.033787	84
485	999	186.5554912	145
486	9281	883.2667668	96
492	457	403.6662795	140
493	3962	376.2187301	125
493	7383	524.1888903	123
493	10303	516.9347105	123
495	16487	3295.705479	106
496	4113	347.0537048	73
504	6090	229.3992499	248
514	13770	255.7436651	178
516	14281	288.3652723	128
522	16867	459.3848361	150
527	11917	312.9963735	233
537	2411	538.3022905	149
539	1818	435.5621727	112
540	8442	798.8046528	71
545	5713	265.2624447	137
545	16681	352.96199	135
548	9859	2612.679489	40.31678793
550	1733	740.4968328	73
555	7791	303.3759747	101
558	16119	532.5555497	96
566	12391	1989.833516	63
571	1058	4733.243502	26.5536902
571	6826	4838.23723	27.1437722
573	8043	831.5582759	119
576	16289	1814.35485	55
577	5140	1331.467968	27.74696714
577	16240	1323.690919	27.74696714
580	11156	553.6482122	115
584	7435	274.3931293	180
586	8948	284.9989569	108
592	5574	2103.003863	64
599	3093	352.8437587	126
601	2868	951.7120285	107
601	12639	944.8863053	106
602	9553	771.1234354	121
603	9072	806.4519143	98
608	14689	885.8813298	125
609	15105	1788.768695	85
611	6827	396.1009286	141
611	8106	399.1123988	135
611	17152	379.1085859	139
614	6141	317.5470996	85
619	9585	1364.743609	100
619	12671	1364.335391	99
620	6045	471.3874864	122
620	13505	384.9395968	136
620	16875	405.0239209	133
620	17864	327.0988466	118
623	13038	601.4724914	89
628	14833	310.5225952	139
630	6813	263.690878	69
639	15224	1563.162043	101
643	9647	5620.598475	31.65828812
646	9700	772.0900249	100
646	14668	813.7131878	99
655	5166	375.931328	127
655	18234	393.0867601	123
656	5036	1818.946646	119
658	5174	762.42083	97
661	6731	1335.321934	36.92365229
664	1462	2418.594003	70
664	15777	2346.796446	67
675	65	409.6778939	130
678	14058	324.964395	149
687	6310	2581.899162	97
687	15845	2581.899162	97
692	8729	1075.06608	93
701	12090	195.0838001	177
703	17725	1287.940511	120
708	13025	935.9631053	54
710	13700	437.7712932	107
714	9867	1832.277374	36.1209642
715	7373	895.9368403	109
715	17427	930.9218587	105
716	7766	277.7790313	102
717	17161	1656.10088	77
721	6477	469.6729939	74
731	11752	261.762076	157
736	7279	1974.586779	52
742	12830	1949.05124	45
747	14720	929.1003206	37.7441779
749	9614	409.2269519	88
765	6760	592.4225254	52
766	16778	208.7955481	162
769	7790	2010.587877	92
769	9258	2038.45626	91
769	13366	1994.744791	98
769	13450	1750.840249	99
772	9221	2746.427716	56
772	18262	2747.681875	59
774	13410	1006.176205	119
776	10769	1008.549425	85
776	11946	877.6016654	95
780	8198	370.102018	62
786	10977	2407.400113	68
790	2033	2686.315886	55
796	9540	363.3622287	144
801	13933	2534.936203	51
804	8187	1123.340799	25.97643606
806	13456	522.7003763	122
808	11962	1021.882725	69
810	3304	370.9857162	83
812	2681	288.5015752	61
813	13844	834.046898	77
813	15156	759.8877999	86
820	15848	975.100067	81
825	13764	439.7914029	107
827	16527	1407.377642	56
832	10332	474.9042862	199
834	7407	186.8894634	305
839	984	1095.879823	70
839	1953	949.5039897	71
839	3854	1194.267014	68
839	11191	1205.99588	67
839	17166	1209.126379	67
840	8707	2028.149958	65
842	10718	966.9321881	88
852	12836	871.1995237	94
856	2415	3655.007778	61
856	17369	3687.765151	60
859	4103	1865.178753	61
862	9593	341.9253111	179
867	9987	2952.438337	31.65828812
874	5151	1018.881609	112
874	6619	1002.274904	111
875	622	1427.489689	56
880	11418	359.8998084	139
899	5550	523.1494494	53
900	8079	1003.469286	108
914	2137	1276.18064	39.44033602
914	11841	1236.422089	37.7441779
914	13861	1249.262217	39.44033602
914	16798	1233.073419	37.7441779
918	3374	1486.921635	66
925	5809	3203.447407	24.859302
925	12100	3501.598444	27.74696714
925	12181	3632.639999	25.41173093
927	12187	219.9795589	179
928	7838	593.3416931	41.21271655
929	10077	644.0154094	61
933	7962	386.5481587	229
935	3155	381.1801708	80
935	4833	400.9698667	71
935	6446	340.7376644	90
935	14513	408.9617844	69
937	1272	1054.591788	133
947	4291	2066.662147	52
952	63	233.5762279	160
954	8641	298.855753	133
969	606	282.2515292	190
969	2905	321.9607656	178
973	9908	1479.879408	125
975	9533	621.6962926	106
975	10948	635.3659602	101
975	14050	587.5415422	112
984	6155	759.0674844	151
984	14636	660.5096454	157
995	656	1643.857631	78
995	12062	1613.503056	79
995	12155	1575.818769	84
996	4244	373.146386	155
997	5585	1681.476668	73
997	14599	1626.561406	74
998	9651	626.9219252	119
999	11104	736.6843517	126
1001	14450	1900.439342	57
1007	4674	1064.461815	81
1009	570	1185.812685	15.32822746
1009	6566	924.1338089	9.044911183
1009	18008	1220.769661	13.43445426
1014	13128	642.6622554	99
1019	16336	1732.46687	70
1030	11691	550.2456992	137
1033	17917	372.0788129	122
1034	3967	2160.554346	78
1052	15863	354.5327934	165
1053	550	380.2152788	172
1057	10786	688.9245771	193
1060	8563	589.9210317	129
1061	526	985.6781106	127
1062	16733	964.0756044	115
1063	18206	1667.305584	83
1065	9242	213.9317872	202
1066	7563	965.2505182	36.92365229
1069	1041	655.9487137	133
1073	11280	1886.388387	86
1079	17736	1465.946057	60
1083	8676	1824.455595	109
1085	2967	190.62279	122
1094	6296	2731.855291	104
1106	15839	388.5272351	151
1111	18340	872.1966929	108
1112	2621	349.0823248	75
1114	4635	1551.256147	79
1121	11422	2158.00141	90
1122	4862	734.8204285	68
1132	581	1947.506522	59
1132	14597	1938.012667	59
1138	13219	1447.892796	34.5675579
1144	2578	458.7638855	92
1144	7148	408.4805115	114
1145	446	2604.734221	56
1152	4918	618.2500051	101
1155	13866	2376.396066	53
1156	14685	617.3814966	96
1160	9560	647.2724086	108
1163	15604	730.2976617	51
1170	4263	465.4173606	155
1172	10677	1387.424676	46
1176	12522	1140.494147	152
1180	5784	504.1969099	129
1182	17870	763.462734	107
1183	9361	635.6056094	76
1191	5184	1130.129558	109
1192	1940	362.1873438	157
1192	7735	329.0682487	164
1195	13225	490.2932966	98
1195	16780	422.0875374	93
1198	16342	1072.253063	36.1209642
1206	141	299.9276175	128
1206	2474	315.4800032	121
1213	18156	783.1561744	66
1219	4425	182.2207645	95
1221	4616	2561.608882	42.1285547
1222	14164	561.5086396	66
1225	677	1005.318556	110
1225	15059	802.1802352	112
1226	9835	527.2679514	108
1236	10772	404.6736328	136
1237	495	3248.613265	98
1237	4482	3420.984286	94
1237	5832	3047.11258	101
1237	6065	3296.218637	98
1237	17290	3431.928334	94
1240	9670	1549.323865	54
1241	1561	804.7782365	65
1244	14670	2693.277545	33.81608925
1246	5294	1615.460962	179
1253	4265	440.0366783	77
1253	8770	461.7781128	74
1253	13826	440.0366783	77
1255	9901	2161.849924	95
1257	8853	945.2057685	96
1259	5579	191.4381724	196
1267	2451	232.802616	128
1269	3571	3317.382123	82
1269	6139	3356.62628	81
1273	5774	2063.010428	125
1279	2020	645.6370303	75
1280	16905	775.0750342	97
1281	3410	255.3809514	202
1283	5660	823.6002394	70
1285	17206	1870.029927	72
1287	16547	1123.445708	48
1289	11796	224.1005938	181
1295	2263	707.1869236	74
1301	16531	2322.865877	101
1302	17950	2162.07401	68
1304	4191	822.6113522	123
1304	4363	701.9957354	130
1304	17781	750.0297675	131
1312	1020	1135.854549	100
1315	4809	2638.273998	57
1317	2317	2457.79457	103
1317	4029	2481.339162	111
1317	8475	2717.549751	106
1317	13341	2464.369559	106
1317	15640	2485.455787	108
1321	16472	877.6869067	32.36180563
1331	5336	2258.015541	51
1340	4966	1273.190952	53
1341	2872	885.6960887	47
1341	12809	830.604419	43.0647448
1341	15580	820.1931507	44.02173913
1345	10878	463.5520429	71
1345	11152	358.8470783	73
1347	1977	361.5813179	152
1347	4890	439.2318292	138
1355	14468	375.629748	202
1357	2271	513.8895	138
1357	2353	541.1238114	152
1358	111	1456.781339	60
1365	12547	921.03016	116
1368	3688	2474.608071	28.99386789
1368	5678	2460.498362	29.63817606
1373	15650	253.4262885	135
1376	4365	879.2883581	118
1378	2029	4048.628993	35.33572585
1381	2281	564.424997	84
1383	8833	780.3368364	123
1387	1056	2279.256306	84
1390	16674	556.4613283	118
1393	17835	1404.815181	57
1399	15149	1628.778022	69
1401	12190	189.1219521	150
1412	16844	835.7653577	77
1414	14587	726.9080701	107
1415	12052	2705.4914	34.5675579
1420	5896	238.2931052	121
1425	10553	620.7848429	94
1427	2920	482.139659	126
1429	12409	639.669239	111
1429	16826	799.4553431	103
1436	7717	1097.855498	93
1438	10291	983.3289228	60
1439	1821	441.9423953	137
1440	978	243.9376195	190
1443	14679	975.4106415	149
1447	2500	710.354581	104
1451	17050	423.6819827	152
1453	8501	783.8166056	89
1453	12439	771.7711441	103
1457	8856	556.993436	102
1457	10822	650.4438523	106
1458	5722	1499.156479	68
1459	2973	1831.145466	53
1462	14552	692.0099723	94
1463	3592	636.451461	116
1468	3202	444.2214077	76
1468	16812	405.5910053	79
1474	2730	763.2737629	102
1475	13175	2784.428727	49
1477	396	531.6438458	119
1479	2735	451.5918646	150
1479	6129	758.8157475	148
1479	7827	663.7346709	148
1480	9590	1020.899999	61
1481	414	814.5845742	46
1482	17532	2117.040197	66
1485	2066	2248.623189	54
1488	6827	304.1861719	139
1488	8106	294.5346639	150
1488	17152	245.131961	162
1492	113	1947.919836	64
1496	18269	1389.181012	66
1499	14906	889.7247828	77
1501	15096	1878.835366	46
1504	6920	376.6330732	127
1512	1324	969.6286694	106
1514	6785	718.2766938	113
1516	16258	623.5101923	98
1524	14655	2322.002327	59
1535	7314	418.1413948	68
1541	13260	510.9139593	108
1541	17490	473.180683	101
1555	10576	2335.809256	106
1556	17483	1235.143319	69
1558	12498	430.8841679	105
1560	9719	743.2329293	135
1567	1794	209.7116642	198
1568	16936	1583.513747	68
1569	1516	4046.186584	82
1569	12345	3755.281307	89
1569	17194	3998.475398	83
1570	16056	607.6991186	124
1571	9513	1727.442758	132
1571	9972	1623.767894	134
1575	7221	1138.709659	41.21271655
1578	5223	561.5079601	134
1579	10811	800.5300463	117
1586	501	938.5778396	85
1588	7573	838.0334873	91
1589	14384	383.8847258	148
1590	15115	1577.528975	91
1592	8443	272.1697904	177
1592	9092	275.6219199	188
1595	1592	1422.931758	97
1598	619	885.5327774	59
1600	5781	186.7483803	212
1606	9420	768.1344687	97
1611	7883	522.4162538	79
1613	14869	241.4793637	153
1617	9608	4016.85485	36.1209642
1620	8115	513.979932	136
1624	13967	1860.289001	63
1638	14683	370.1575783	117
1641	7524	2115.525205	123
1643	15020	369.9067986	130
1644	2379	1906.571918	73
1644	11128	1891.105433	73
1644	12816	2070.943175	66
1648	14298	1271.39127	94
1659	17470	205.2919079	140
1662	7426	842.7503069	96
1663	14294	376.3534651	103
1670	3097	638.6447184	128
1670	13040	682.0013106	131
1670	13580	697.9072208	125
1673	4736	685.2497107	89
1682	9829	583.6062591	126
1705	55	767.7891951	156
1711	7557	286.2426667	199
1711	8478	191.1557991	215
1711	11647	188.8396671	205
1720	5862	803.042869	95
1720	8907	920.4892489	88
1724	14873	318.2882005	126
1725	527	1903.659529	41.21271655
1725	9453	1849.659532	42.1285547
1725	14183	1839.079573	43.0647448
1728	12502	1261.971354	147
1728	13171	1280.802276	147
1728	16045	1283.432133	147
1738	2293	187.5613138	183
1740	9499	1052.707275	66
1748	3801	286.4634487	121
1752	4246	697.2854597	96
1760	2585	1948.858659	84
1761	4022	1110.700714	71
1764	1888	1026.995711	94
1764	18180	1008.60473	94
1765	17060	1703.055236	46
1776	14851	544.7146009	112
1779	13825	1060.335612	62
1780	13476	2417.56073	83
1789	14399	1870.662034	64
1793	6125	1188.300981	85
1797	7437	681.6646843	80
1800	11166	302.9226513	139
1802	2878	1064.106743	74
1802	10172	1058.371241	75
1805	221	1127.059855	137
1808	12227	1933.396866	64
1811	4225	246.7493055	86
1817	13545	1155.770087	99
1822	8606	1475.218863	65
1822	15669	1455.666786	63
1830	14871	434.4516093	148
1834	1951	459.9774655	134
1836	7144	369.2241634	113
1836	12768	407.3226973	108
1837	16758	1228.024299	78
1837	16819	1351.047422	78
1838	12551	2058.212948	62
1846	9003	747.2953356	113
1849	8749	2116.890909	117
1849	12066	2089.500173	117
1854	9496	1006.767714	53
1856	12209	490.0073619	115
1859	10042	1371.653177	44.02173913
1860	8610	3724.390766	37.7441779
1862	13484	2974.892024	71
1867	16457	1053.713665	71
1868	4629	324.6193248	172
1868	13109	320.5582105	173
1869	18097	375.214998	94
1871	3014	1339.795449	62
1874	2782	203.1296618	234
1878	13259	1666.498202	54
1880	1998	464.0340219	176
1880	12032	462.2104183	176
1884	12712	717.6176393	112
1885	5639	1614.365614	86
1890	199	1026.389556	81
1890	7212	1032.545028	80
1894	1587	3596.340756	68
1894	15567	3539.236947	70
1901	10550	248.5556793	162
1903	12551	2224.489548	58
1913	6264	7809.957748	77
1921	1934	365.6422496	74
1931	2272	288.7998866	103
1939	6247	1149.808319	80
1939	13065	1180.091624	80
1940	8922	676.1989125	35.33572585
1941	9992	1049.720655	83
1948	2169	708.4145375	197
1948	17696	988.6075704	182
1951	1197	1140.193476	120
1951	5576	1121.987154	120
1951	16373	1121.987154	120
1954	3500	356.7350586	73
1954	7868	326.3100129	78
1954	8365	334.3834137	74
1958	2920	472.8227824	137
1963	1968	1616.026714	81
1969	7769	1028.938008	81
1970	2839	234.4823956	125
1970	5898	233.284312	123
1974	10626	207.9337149	104
1981	2153	334.1370136	111
1981	10217	430.2478537	90
1985	15899	1990.313202	71
2000	15299	1107.433621	59
2001	4991	1149.15085	124
2002	1408	215.8325697	194
2014	11993	1348.221395	67
2015	16172	890.2150814	122
2032	2633	208.4987378	145
2034	8342	684.1275756	123
2034	10445	673.2909071	122
2041	1792	1492.138552	74
2041	2369	1503.532239	72
2044	3499	2088.19166	87
2047	5392	802.0354498	62
2047	7779	802.611993	61
2047	10710	813.3988518	55
2049	10531	694.2479305	117
2051	6415	1068.510839	86
2051	14354	1073.960208	86
2052	16450	494.8812599	91
2053	17125	602.0177013	47
2054	4501	232.8974238	103
2055	10200	607.8517732	107
2056	2018	1368.595493	45
2057	12120	1653.577011	109
2059	5458	1091.498592	84
2059	10698	1128.183378	80
2059	13773	1142.384031	79
2067	16899	2709.240436	73
2071	17822	2232.763281	54
2072	8793	2634.9346	50
2072	13248	2598.17432	51
2078	13944	1805.719609	59
2081	4325	539.1676653	71
2084	9609	934.8922215	103
2098	220	949.3594261	62
2101	3164	3448.005886	41.21271655
2102	15628	584.6914522	153
2105	9207	699.8517921	134
2106	10363	252.5554513	85
2119	711	599.0433835	103
2119	13031	475.8383941	112
2120	16761	626.2797402	130
2125	13141	322.2254653	149
2132	13169	442.3565074	92
2133	5466	1070.547427	24.31888239
2141	1925	314.3256242	60
2143	17584	244.4764471	196
2144	2345	1937.217179	76
2146	16119	637.9960936	87
2147	13360	616.7741983	44.02173913
2150	1294	510.0647577	142
2150	2759	503.8310814	139
2153	2322	4140.30768	79
2153	18263	3937.046748	79
2158	7100	999.9836301	120
2160	3807	1902.050219	88
2162	9052	2555.000349	68
2171	11322	786.7894614	81
2172	1051	379.4014108	110
2177	5938	3208.806965	41.21271655
2177	15198	2379.769886	46
2178	4566	2483.721694	43.0647448
2180	11513	1415.686976	75
2180	13096	1312.470648	83
2180	15407	1310.920866	86
2198	12076	1204.973076	25.41173093
2201	8008	2756.795616	52
2202	12668	1665.004209	94
2203	10954	1191.819583	133
2203	16654	1211.131942	132
2204	1193	1067.402304	8.283674685
2207	1577	606.6249569	181
2216	4371	1424.130814	59
2216	10143	1482.667182	57
2237	9552	1572.677835	36.1209642
2251	14363	1711.505767	126
2259	10370	391.8271626	38.58293741
2263	17539	181.3129458	171
2269	8916	1207.645882	81
2271	2116	1099.93169	142
2273	16099	1047.407505	99
2276	1384	393.4814725	77
2277	17400	254.7912118	284
2279	17911	488.4504289	146
2286	15263	718.40368	125
2288	3938	1553.53227	100
2288	12306	1609.00325	99
2289	2868	1137.121915	96
2289	12639	1091.426389	99
2302	7169	338.2264607	174
2313	10566	488.5850584	62
2316	98	1140.506979	41.21271655
2316	13766	1129.743915	42.1285547
2327	5097	227.7769738	246
2339	103	617.2213714	91
2339	11010	383.5679241	88
2339	11838	359.9336528	105
2339	16791	366.3078459	101
2342	9446	1323.733901	63
2342	12922	1331.931137	66
2344	4537	1210.970604	101
2347	12510	2470.898164	65
2351	12627	214.6833994	155
2352	4941	1709.379731	72
2356	16004	737.1982092	68
2361	4557	270.0859749	191
2366	8560	807.4406426	123
2368	10776	312.2131637	84
2373	12674	185.7417343	226
2376	18091	684.7784741	100
2378	11601	1428.348586	51
2379	9471	291.7407803	296
2382	18321	1038.755524	87
2390	1524	886.8942642	95
2404	7040	759.9468285	123
2408	18362	1710.383378	56
2410	8935	587.3606544	90
2412	12872	762.5199863	84
2413	16851	769.5378934	76
2417	6546	3214.717647	19.09611913
2426	457	249.8569223	176
2440	7169	408.0064294	163
2450	12451	1784.511003	88
2453	3419	649.3764466	51
2453	9931	625.2092329	58
2462	2382	474.460957	145
2464	5988	912.7734311	60
2466	10715	256.9811763	119
2468	8889	401.4013002	50
2471	17411	2239.267963	74
2475	12578	1221.781792	36.1209642
2477	12808	312.1730429	175
2480	15366	301.4087356	131
2480	17320	356.113662	118
2485	12566	481.6479999	89
2494	14810	217.5575946	199
2497	7471	2394.35172	76
2497	16777	2394.35172	76
2497	17832	2394.35172	76
2499	4278	2665.958757	47
2499	8467	2724.584162	47
2499	11795	2749.366165	46
2504	4578	1370.812233	51
2505	5343	633.5453531	126
2506	1979	254.2201212	213
2509	1517	782.2847312	68
2516	16737	290.5196361	178
2517	6764	276.5674324	169
2519	7154	1545.566498	113
2521	16691	1344.790819	84
2523	1018	1453.319885	50
2525	11523	639.0642805	96
2532	17349	6111.729239	125
2535	15351	505.6002122	132
2536	16302	1509.200198	126
2540	5713	255.3233936	172
2540	16681	364.8578071	143
2541	7740	1236.431221	94
2546	6474	736.2269581	107
2552	16072	1019.541434	103
2554	8958	556.2485908	125
2561	16544	684.2031826	92
2564	3103	678.6449331	120
2566	4278	2711.941537	46
2566	8467	2760.429338	46
2566	11795	2800.69331	45
2567	11212	581.8501997	107
2575	2855	456.5952725	140
2575	4142	456.5952725	140
2575	12932	456.5952725	140
2580	9356	900.2766478	112
2586	4499	229.0881614	285
2594	883	1755.998024	68
2594	2280	1913.398306	66
2595	12402	462.7091783	143
2595	16000	534.7105549	141
2597	11430	1087.728524	81
2598	833	3672.437778	24.859302
2600	12187	412.0614387	177
2605	14114	1551.635509	78
2606	10242	808.3202305	61
2607	16293	556.6550426	115
2615	4649	589.090637	140
2621	16408	1343.062795	71
2624	11450	364.655188	147
2626	1268	2918.799971	38.58293741
2633	1765	901.5336453	161
2636	13428	1524.145946	65
2637	8099	3299.796583	114
2637	8989	3663.87556	109
2637	13447	3595.694903	112
2637	13747	3189.575727	114
2637	14077	3642.530031	109
2637	15453	3642.530031	109
2642	3366	3091.970758	60
2649	9863	2065.51544	79
2651	2611	871.9664191	59
2653	13752	3439.373195	70
2660	443	906.6443302	51
2660	2815	887.8777863	54
2660	4397	917.2985318	50
2660	12629	933.7406942	50
2661	620	839.1720356	111
2661	825	827.62502	114
2661	15840	791.3021658	117
2664	630	463.8165329	100
2669	3364	713.0354753	179
2670	7670	1794.867944	57
2671	2878	1271.195362	78
2671	10172	1277.761533	77
2677	1666	963.271056	147
2678	5787	1200.973737	52
2683	13934	233.6777784	208
2684	932	1855.908802	88
2686	6159	260.5890304	147
2688	4992	272.5761002	173
2690	8039	1559.215533	91
2691	11696	1150.144833	102
2694	4290	275.2364907	178
2694	8387	223.2009474	187
2694	11205	223.2009474	187
2701	15414	1664.036025	63
2704	4742	899.2520955	72
2706	11043	2074.768667	128
2708	12984	406.3638646	104
2710	11111	950.5579266	116
2710	16164	1033.594889	108
2711	13020	183.0996539	231
2713	10757	226.9789198	150
2716	8262	1264.522458	86
2717	6701	183.4215277	226
2720	9841	455.9682511	113
2722	1620	354.3351191	112
2728	7037	688.8063065	110
2734	4431	2436.595008	77
2736	7134	297.8626238	86
2737	5791	206.0700517	146
2738	11815	294.3798741	165
2740	7937	3194.938404	28.99386789
2743	12376	1452.871597	101
2743	16597	1436.465391	101
2749	195	2231.119368	93
2749	1405	2269.680755	92
2752	16359	861.8695061	31.65828812
2753	527	1832.406373	46
2753	9453	1796.537578	46
2753	14183	1786.303966	46
2756	10225	5353.874029	40.31678793
2757	3155	345.596429	93
2757	4833	335.0468758	95
2757	6446	297.3529226	105
2757	14513	341.7559085	93
2763	5422	949.4096711	114
2763	13116	1042.786416	109
2774	9312	1572.5886	52
2775	9165	1843.871955	45
2778	8585	1532.62606	81
2786	12291	3261.571842	48
2787	1850	686.8365461	99
2792	5445	2966.189135	37.7441779
2797	545	650.0002438	113
2805	16776	740.6540573	69
2812	229	2252.374839	95
2812	7370	2264.064235	95
2814	8740	220.8577414	169
2816	2920	483.7808256	134
2834	3937	1144.940032	87
2834	9150	1043.686491	91
2839	3859	2073.143995	54
2841	1543	1004.860219	129
2842	3507	309.4607164	131
2845	8010	1242.341821	33.81608925
2847	10285	1474.174356	113
2849	13548	1668.070072	24.859302
2851	11492	1742.866498	136
2853	751	1482.363683	62
2853	6084	1502.40541	61
2855	17	1843.058115	81
2855	10410	1698.377766	81
2864	15570	712.6976644	158
2865	3150	699.7829229	91
2866	2006	796.197513	134
2870	9860	752.1263689	71
2879	109	433.6757773	155
2884	8294	1681.769468	69
2884	16151	1272.298099	77
2895	13338	401.9546027	160
2895	15922	365.5598126	161
2898	16122	289.9555495	92
2900	10978	2071.090148	62
2901	1274	2285.360339	96
2901	5959	2203.088905	96
2904	15319	762.2463815	136
2906	17891	304.4888903	199
2911	8926	1392.724203	39.44033602
2913	2525	1371.655157	88
2915	6533	1172.588288	99
2919	5048	887.9318351	106
2924	17554	459.8942878	129
2927	38	1262.463535	54
2928	462	527.1287636	45
2930	9187	356.5807084	85
2931	664	3857.150135	46
2931	6491	3900.77481	47
2937	3942	882.8223641	52
2937	4267	864.8339225	53
2940	3974	892.3272141	104
2940	10212	966.5709619	102
2942	8336	204.5271879	183
2944	7928	4138.477491	65
2947	5229	1334.852656	101
2951	2269	376.7439786	118
2952	9637	2736.413318	56
2961	3594	457.0653651	96
2964	5641	1634.377519	116
2971	15903	494.9778208	169
2973	4677	651.2484462	124
2977	9742	1959.437211	68
2978	13755	2180.345394	59
2979	3376	404.7321484	117
2995	15466	1879.30119	93
2997	1171	498.0985146	162
2998	4769	416.2021605	123
3001	8389	602.5925882	81
3001	10636	635.4543376	81
3004	2447	300.9753786	185
3004	11472	283.0921145	185
3009	9527	2061.212553	36.92365229
3015	8147	2535.958034	63
3016	5448	384.9453457	205
3016	12655	387.5103306	206
3020	17973	2690.018921	109
3022	5453	345.1883834	187
3025	7965	251.8962107	153
3026	9884	875.070814	29.63817606
3027	14282	847.8639102	95
3028	8838	352.625702	91
3028	12916	378.6471204	88
3028	14529	390.9003584	92
3032	13349	662.9573752	112
3033	871	568.613687	56
3034	7289	920.2934473	59
3042	11146	582.5243691	61
3045	6705	353.8651405	99
3046	3945	277.832083	143
3048	1397	945.4733412	102
3049	16028	3238.417634	69
3050	4810	3936.218305	48
3051	984	1123.363954	68
3051	1953	981.3425243	69
3051	3854	1234.207403	66
3051	11191	1256.356311	64
3051	17166	1249.209241	66
3055	11347	731.0071535	47
3059	17921	1631.886024	156
3060	6316	269.316461	192
3067	697	1874.192275	105
3068	7281	384.3264118	145
3070	13339	776.6499073	34.5675579
3072	16304	255.4678571	134
3074	580	609.8962766	101
3076	1970	958.9386908	125
3076	4514	859.2885095	124
3076	7516	1023.25415	120
3076	8265	966.9520642	115
3076	11791	942.4466686	129
3079	288	1115.747797	66
3082	10781	286.0404601	178
3087	7330	1437.827159	107
3089	5835	1676.011836	78
3093	12634	1065.598128	24.859302
3095	2154	493.7484573	115
3095	12015	474.5666878	113
3102	6996	1144.215108	141
3103	8745	2224.150975	68
3107	4543	189.835365	199
3110	2847	373.8420986	131
3115	11497	347.0684329	153
3116	15940	452.3856388	147
3131	2240	1086.904145	42.1285547
3134	6735	3268.222721	88
3137	17703	257.6187552	126
3146	6021	401.6564739	140
3150	10072	469.2797528	120
3155	7317	308.2925474	143
3155	9849	236.0706214	138
3160	649	957.6497297	88
3161	2152	898.1352599	80
3171	85	395.8480448	117
3171	5926	496.5281674	108
3172	7935	4045.162964	34.5675579
3174	12168	427.8647264	54
3181	6464	629.8652881	149
3184	15299	937.9152358	62
3189	8018	718.886393	173
3193	10252	684.3919558	199
3196	16932	214.4560743	222
3197	14775	1373.664757	38.58293741
3200	3047	1135.277185	56
3201	17122	1038.274329	111
3204	1058	4736.784705	26.5536902
3204	6826	4732.694008	28.99386789
3208	4060	516.7042912	117
3209	16263	2387.449869	56
3211	17350	1763.935102	116
3214	1591	866.7992016	100
3217	18130	787.1914718	130
3218	13653	1310.129615	83
3228	2090	620.2549164	117
3228	16452	620.2549164	117
3234	10443	563.8256503	57
3239	9843	1209.399907	73
3240	6717	317.1292876	52
3244	17210	1308.931304	30.97006447
3246	12925	1873.640811	83
3249	14579	993.4680298	51
3250	2159	729.5298796	94
3263	11496	532.2834577	43.0647448
3265	6146	1534.281062	106
3265	9331	1504.234747	107
3271	1818	373.100825	119
3278	15393	458.3567223	166
3286	1089	1176.329166	32.36180563
3288	5688	417.3018626	178
3293	3469	1141.397011	125
3293	10937	1190.459151	118
3303	14861	604.0215219	74
3305	14217	424.8014218	132
3309	11359	638.3439406	72
3314	16667	833.3134866	90
3317	906	357.9574846	129
3319	7596	1853.742479	71
3320	15879	1623.904127	83
3320	18388	1600.530554	83
3324	2507	5081.362925	141
3324	14465	5106.750916	142
3326	7789	545.5065335	57
3330	2527	4110.393948	26.5536902
3330	6189	4138.843104	26.5536902
3338	8851	1746.921071	112
3340	14594	504.089239	22.76709704
3342	2539	1396.149228	91
3343	16430	749.4701376	108
3346	12615	3104.25651	79
3347	16940	844.2877196	72
3348	6818	445.6708319	128
3349	6913	259.9335245	233
3352	2325	3199.394	83
3353	1545	219.4601483	166
3359	10793	384.2299614	83
3363	17727	473.8579244	139
3366	9046	891.9926047	88
3370	3579	929.752694	106
3371	8302	1532.10449	105
3376	9907	233.5806477	143
3376	14845	186.3497137	160
3378	10059	369.8675152	188
3381	13830	4882.367822	41.21271655
3383	6877	768.9636166	45
3383	10118	797.6096215	36.1209642
3386	4728	864.2407687	117
3390	17664	789.6994076	155
3391	2117	3659.565995	73
3393	12228	538.5419004	132
3394	6242	831.4158117	107
3394	11007	853.1376194	107
3396	2744	1238.376754	108
3398	11111	899.6028476	126
3398	16164	1002.962488	110
3401	4593	233.8406813	182
3409	5089	3190.287815	79
3409	11718	3185.234125	79
3418	15869	2274.997997	82
3427	6231	2218.839833	47
3429	13874	1314.18435	90
3431	4031	266.2321679	118
3435	10249	1025.914674	100
3436	15355	382.2580591	168
3449	1454	1078.469195	83
3452	11604	2341.130603	54
3455	15809	559.0792996	143
3456	15203	592.9499677	165
3472	8960	2990.490895	34.5675579
3478	597	4684.687439	92
3483	9605	3118.087151	41.21271655
3485	11852	2548.941916	54
3496	6407	350.2659824	142
3498	9079	864.3069655	81
3498	11439	783.7732228	82
3498	11508	844.3224597	90
3500	17108	711.1545697	106
3507	13014	939.8105222	100
3512	15462	2232.010176	75
3515	12112	2389.77002	70
3516	16269	210.851586	158
3517	7358	457.2590893	118
3518	799	1178.834984	75
3525	15398	2176.867496	104
3536	2817	1813.97269	71
3539	15425	214.6550636	166
3541	17282	1439.549253	41.21271655
3550	5537	679.5051903	79
3553	14809	520.9651819	69
3553	14840	504.4977388	78
3555	5347	953.5582526	107
3555	8832	798.6104993	110
3560	14687	1778.906174	112
3567	12557	1036.540186	119
3568	7584	2955.052654	99
3577	161	1015.50624	87
3577	459	1054.651801	83
3577	3556	1040.976759	82
3577	6121	1043.989501	87
3577	10499	1013.658065	86
3577	13955	1023.687878	85
3600	10901	1111.7043	30.97006447
3601	7790	1921.028482	102
3601	9258	1952.154948	101
3601	13366	2002.010477	99
3601	13450	1709.859607	104
3603	16376	1187.26932	139
3604	9860	783.8435674	76
3611	10857	544.4966565	98
3612	9722	181.0209221	137
3614	9533	577.0513232	113
3614	10948	654.986462	102
3614	14050	510.3441627	124
3615	3424	402.2648242	209
3617	7572	227.9174462	196
3620	8373	293.8434233	105
3624	16663	1194.319486	141
3626	3438	1008.186283	70
3627	8047	993.7547831	48
3627	13194	1012.66725	47
3630	3364	715.220796	178
3633	15492	1533.964261	70
3634	6571	791.3054712	112
3638	829	284.6470924	200
3638	3681	268.8979133	218
3638	4693	303.2238081	228
3638	9906	247.691241	226
3638	11828	263.516069	216
3638	12043	211.29387	218
3638	12545	238.8974699	240
3638	13765	238.4650976	217
3638	14528	253.4078809	241
3638	14596	229.8499794	227
3638	17182	244.6205401	214
3640	700	1124.533633	38.58293741
3646	10813	874.9205379	111
3648	16544	697.5260378	94
3651	3871	1340.533437	79
3651	14962	1293.242215	74
3651	18106	1504.651451	71
3657	9646	584.6109965	66
3665	5831	2098.096992	106
3665	11263	2129.212213	101
3665	11660	2097.067973	100
3666	17779	1539.830486	95
3667	7590	2735.496099	45
3672	3214	560.9990393	102
3673	6825	907.7907888	103
3674	1375	238.5362028	200
3674	4730	288.9736974	201
3674	17579	238.5362028	200
3675	6049	1224.709054	122
3675	9675	1174.896864	128
3685	17003	800.5401087	72
3685	17432	828.7963013	73
3687	8673	1338.31445	100
3690	1923	2330.136521	67
3694	105	2576.28339	37.7441779
3696	804	1430.560401	69
3696	16698	1430.560401	69
3696	17413	1365.075285	73
3700	13750	403.7111897	93
3704	578	2815.959977	42.1285547
3715	16220	298.7400432	111
3717	17790	3114.436096	80
3727	12466	351.4663673	169
3730	17036	185.4462177	150
3735	5953	528.8809863	118
3741	10851	757.0360841	134
3743	5192	3344.855525	23.79021103
3749	17974	684.356383	70
3751	11	335.8343077	142
3754	8340	1628.502888	84
3754	18057	1685.323488	83
3756	8519	1786.070681	112
3757	1966	437.2725784	154
3761	13336	952.2499961	108
3771	2662	2511.825249	27.1437722
3771	13551	2483.338134	27.74696714
3773	11615	542.5132178	132
3775	2603	1339.010585	15.66885474
3777	7752	289.7849828	133
3779	16930	741.3984111	121
3786	8262	1307.858675	88
3790	4184	510.599209	158
3791	14830	386.3730577	53
3793	12507	2193.341523	37.7441779
3797	12872	863.0601838	71
3798	17284	284.9315121	116
3799	6004	1681.212572	80
3802	13489	261.9184166	139
3808	14202	919.6000685	90
3809	3026	2858.64829	34.5675579
3814	10783	1179.372314	88
3815	6990	1993.128642	104
3822	16091	982.432112	106
3825	12572	1078.945086	102
3828	16103	1316.344843	64
3831	15751	1074.862497	125
3837	9979	2853.797181	41.21271655
3839	7012	324.2935392	79
3841	16872	210.7580573	110
3852	9	683.0997735	139
3852	11498	733.3329735	141
3861	11369	1171.217983	49
3865	17530	220.8228409	248
3873	6203	328.3722751	155
3874	3117	1908.671943	63
3875	7470	317.1742066	58
3878	1103	1589.622876	72
3889	12342	1097.077764	127
3894	6258	209.5999103	148
3897	13202	355.0492978	121
3899	10014	2293.119339	53
3901	16695	460.5630943	134
3910	17434	6101.408	63
3913	14926	439.2461803	103
3928	12568	790.9718675	28.99386789
3935	5978	1587.574811	81
3938	17233	666.6656416	151
3944	15605	262.7559109	69
3949	17275	272.2215662	131
3953	10841	1081.606047	116
3957	3737	1803.748695	44.02173913
3964	6685	3498.789666	65
3975	18345	753.7827343	90
3983	5952	690.0794807	124
3984	12618	2621.82808	43.0647448
3984	16501	2491.708836	45
3987	10954	1141.097225	129
3987	16654	1201.061399	128
3988	4756	189.0771116	192
3989	739	2266.875506	75
3989	3030	2266.465535	76
3990	11185	636.8429012	71
3991	6097	817.1786971	47
3991	13970	804.4109146	48
3991	15560	1060.722771	47
3994	4364	1467.413924	43.0647448
3998	1058	4674.807799	27.1437722
3998	6826	4877.61183	26.5536902
4000	1555	731.9657164	128
4004	5925	1293.136003	75
4008	9530	1349.948633	79
4012	14289	760.4706824	107
4014	2258	673.6846015	154
4015	7381	1426.307251	99
4015	16644	1539.083842	97
4022	4407	3208.393842	39.44033602
4043	8058	248.5539767	108
4047	8323	2507.287612	42.1285547
4047	14832	2278.266388	47
4059	9575	366.3554996	79
4061	1043	2349.572035	72
4066	7710	772.5595434	158
4066	12143	791.304368	160
4067	15661	1198.72166	56
4071	4117	2557.356842	48
4077	8808	1535.646422	75
4078	4522	739.8424778	103
4079	17590	568.8498821	165
4081	6212	442.6107823	107
4081	12004	421.6625229	117
4085	7654	935.6368952	54
4092	7618	656.5852905	184
4092	17393	804.4536846	175
4096	2188	438.8067513	129
4096	13512	443.4814738	132
4096	16253	439.9437322	129
4098	8925	828.5687042	117
4101	6211	875.0622181	53
4103	14111	254.5846423	179
4104	3058	4696.242201	54
4108	8432	1134.230051	91
4108	15715	1113.970018	95
4118	730	1872.02408	85
4121	11379	998.0406383	87
4124	13951	2304.341909	68
4126	9579	1045.624686	129
4126	12575	1022.170776	129
4129	9803	1195.897525	62
4129	10361	1502.257091	59
4131	11174	451.8905728	70
4133	13904	1067.80346	43.0647448
4133	15477	1090.684785	41.21271655
4138	5623	595.689447	121
4138	7837	606.6645156	123
4143	6707	522.464031	113
4146	1981	184.046056	158
4147	9172	939.8946912	121
4148	7924	1393.294965	94
4152	8894	359.7031288	123
4162	4774	615.582152	147
4166	15729	4152.677731	62
4168	5340	465.2499946	143
4169	3183	1195.549984	25.41173093
4169	9421	1254.682263	25.97643606
4169	9753	1308.893442	22.76709704
4176	3569	1315.397023	61
4180	115	2969.554839	17.10875968
4180	18294	2944.367524	18.68098611
4181	941	760.8698137	109
4181	16309	933.5249381	107
4182	9221	2797.026326	56
4182	18262	2784.020784	57
4193	6217	594.1473288	236
4194	11865	815.8087647	110
4195	15358	2759.253787	79
4195	17772	2764.298683	78
4198	6155	535.800644	165
4198	14636	567.3682823	157
4199	6697	233.2476886	192
4200	8702	4821.184736	51
4200	10746	4029.596197	55
4200	17057	4018.334099	55
4204	13781	2058.981137	68
4211	15363	935.5581794	95
4214	1931	740.3572285	102
4220	8505	344.1040698	103
4220	12337	344.1040698	103
4222	133	677.8935715	96
4225	4181	234.288755	189
4229	2120	746.3038391	57
4233	4675	1314.755746	80
4234	14347	434.5676555	150
4237	13411	2250.062725	93
4240	10427	2346.114768	87
4240	13458	2276.571848	87
4240	13942	2215.466798	92
4247	16460	364.8218428	136
4249	5118	735.6149113	88
4250	9627	1521.078782	69
4255	10919	1828.330257	49
4261	14517	538.2467289	90
4275	9234	1685.320567	79
4276	7551	537.0252023	128
4279	6714	1037.519307	90
4281	9585	1270.320616	96
4281	12671	1268.730058	104
4287	5439	1503.232153	104
4289	3295	1331.100266	131
4291	3573	1191.148845	63
4291	17023	858.4303509	70
4291	17447	1211.507862	62
4292	8789	442.18056	182
4294	15082	1585.207526	23.79021103
4297	112	612.4233787	72
4302	4488	1288.8982	152
4302	12644	1270.093723	151
4304	1385	888.4144165	168
4305	654	2215.687682	33.08095687
4305	6790	2215.687682	33.08095687
4312	2521	1690.430648	55
4324	1804	416.0179904	149
4324	11800	405.0882507	146
4329	8759	3642.848668	57
4330	7430	424.6679281	119
4331	10695	1940.634724	128
4339	1588	14764.55664	42.1285547
4345	9567	355.6842027	193
4347	3301	1130.214323	64
4354	7255	363.00536	59
4354	9798	317.5577728	75
4354	17941	297.3615175	77
4357	5740	711.0398845	142
4357	10336	688.3281637	144
4359	18121	946.6850393	89
4360	4494	1113.575943	37.7441779
4362	12733	253.4009523	118
4369	17976	2111.714812	98
4370	5580	2385.997154	48
4370	6992	2231.448563	52
4370	16294	2385.298296	48
4377	872	188.1242571	197
4378	15356	394.916194	182
4379	11751	1638.460891	98
4381	14627	2390.187132	86
4382	1276	2283.373779	60
4388	7704	535.7056422	97
4390	8687	898.6834078	93
4392	2143	2498.630006	59
4393	1362	851.2164884	46
4394	12460	202.2466595	310
4396	5300	204.088626	198
4398	12788	1079.276432	55
4402	7785	621.8018465	147
4403	13207	414.3458815	108
4407	16448	750.2994488	112
4409	6208	206.9678925	209
4413	9679	3698.191762	63
4413	14808	3687.197602	63
4414	16778	194.0393559	172
4420	15347	212.61268	116
4423	2094	977.778833	103
4432	10298	829.2982585	77
4433	626	1057.013298	127
4433	11244	1061.516218	129
4434	2662	2650.343319	23.27303253
4434	13551	2626.253326	23.27303253
4435	8576	1030.8772	97
4437	4307	3191.795611	24.31888239
4437	13722	2759.647102	25.97643606
4443	3045	3735.644317	50
4443	12223	3243.335046	52
4445	11133	5083.745307	45
4457	12203	798.5496178	88
4458	8200	1462.742982	178
4458	17549	1828.005601	182
4462	9817	407.357616	93
4463	1337	1317.172655	61
4466	4295	692.3271517	96
4466	15764	591.7343024	111
4486	8883	441.9378332	180
4489	8452	635.8792981	97
4489	14543	637.3121516	90
4494	4051	260.4404232	184
4495	984	1043.877456	70
4495	1953	904.173926	71
4495	3854	1138.590371	68
4495	11191	1200.205898	62
4495	17166	1153.481554	67
4498	5458	1017.73766	90
4498	10698	1086.752463	83
4498	13773	1007.294881	86
4500	13988	1262.179979	72
4501	479	801.1084341	31.65828812
4501	1727	798.4748118	31.65828812
4501	3680	769.7514128	27.1437722
4501	3984	782.9304674	28.36356641
4501	5584	802.9396682	31.65828812
4502	2760	2198.81542	94
4502	11262	2198.81542	94
4502	12797	2181.123224	93
4506	6957	969.4781989	45
4508	5930	2829.616284	44.02173913
4508	15306	2815.952466	44.02173913
4520	7190	2941.881022	54
4520	7730	2136.298046	54
4520	11768	2968.092882	53
4521	9627	1668.34358	64
4528	16117	201.7527864	193
4530	2518	231.4187117	154
4539	6815	236.6907678	188
4540	980	220.8424045	217
4541	5109	751.1697236	26.5536902
4547	10776	339.630953	81
4548	13521	791.4700194	53
4549	4459	342.3273643	157
4555	4387	930.9168409	123
4556	17196	2339.801184	105
4561	4614	6438.908019	48
4563	1527	1032.122388	111
4564	3360	380.2622272	148
4574	2508	1065.267464	142
4574	4155	1011.528392	142
4574	7822	1133.181347	144
4577	6454	1850.43066	120
4582	13097	1208.817724	88
4583	6155	511.8696335	152
4583	14636	559.7661681	149
4584	5199	387.0371439	142
4587	14842	767.3498374	53
4589	12430	951.3091683	100
4598	1388	529.9681751	135
4598	11701	583.1556182	124
4598	14652	546.2876504	132
4600	15700	2753.523409	48
4605	7860	754.195852	98
4608	1800	339.6607078	135
4608	5974	353.0588632	136
4608	18053	214.2477705	164
4621	5414	201.4124961	164
4625	3623	716.8226635	114
4631	1058	4721.658673	27.1437722
4631	6826	4829.000291	27.74696714
4635	201	302.0575428	172
4638	4038	1165.748249	141
4639	10972	549.7303179	137
4639	12047	485.504044	147
4646	8015	960.685807	83
4649	3508	3584.286428	14.99500512
4649	5058	3684.019114	13.1424009
4650	7459	1238.591591	90
4651	7615	949.9574508	78
4658	16481	343.2924144	60
4666	5123	2525.461083	40.31678793
4667	1146	398.0039308	77
4667	18090	326.7781435	91
4673	11835	718.2518363	97
4673	16241	771.6408347	91
4676	12647	550.8979017	146
4681	522	851.587475	84
4681	13820	863.8447135	82
4686	5754	860.1428715	121
4686	9449	866.5067379	124
4688	14028	326.0864171	107
4692	6728	1447.977799	69
4694	2347	1635.192865	75
4694	8234	1666.296197	76
4694	12305	1620.114107	78
4694	12633	1627.351794	77
4697	6290	329.1579643	121
4697	6465	340.2503517	127
4700	12739	478.8211491	70
4704	10980	297.4376705	191
4706	1852	954.0018723	101
4706	7176	991.2709661	96
4708	14402	1399.202907	85
4716	7095	374.0232557	108
4719	13270	362.550963	107
4744	12634	1088.303861	23.79021103
4751	6473	722.5333763	92
4751	8823	642.6636835	104
4751	12956	690.7700023	103
4751	13568	710.2209241	101
4753	564	618.7911927	149
4753	4516	854.7556419	141
4753	10955	604.3892119	150
4754	187	4272.710631	76
4754	1289	4238.885444	76
4754	7026	4223.910955	76
4754	7538	4152.785523	76
4759	4163	513.3892711	124
4764	13838	1247.894874	47
4765	5665	1013.803076	74
4765	10720	1121.119918	65
4767	2153	301.9500485	127
4767	10217	340.0499905	101
4774	7959	1455.917019	83
4776	14640	1005.902613	88
4778	7125	1888.835654	52
4780	14330	295.1784702	184
4792	3898	730.7108693	60
4792	5039	737.0185512	60
4794	9611	1686.286	51
4797	740	1918.620821	50
4811	3078	676.2901797	179
4828	6155	670.0058407	150
4828	14636	578.6709229	151
4833	16066	1594.306162	89
4839	8284	318.1779188	196
4840	15095	1145.141767	98
4842	5416	394.1556163	132
4843	9746	1121.640189	101
4844	15201	815.4810904	73
4852	1595	1840.745318	99
4852	2690	1819.829454	98
4852	10925	1920.000923	96
4861	6104	2663.371755	73
4862	11011	941.3041037	58
4864	15111	291.2299241	149
4868	13661	2586.896518	39.44033602
4879	17377	1325.123629	83
4880	7852	6531.56004	67
4884	2688	1377.060916	51
4886	1938	518.4438033	77
4886	8395	523.3526004	77
4893	11087	3285.841476	77
4895	15217	456.0272504	41.21271655
4900	2187	244.5856961	142
4904	3473	212.635391	123
4905	4228	924.1701797	145
4905	6353	924.1701797	145
4905	14710	748.5638577	155
4908	4594	1196.104849	81
4909	16627	1794.251953	56
4911	4062	3183.717516	49
4915	11287	946.6793053	154
4915	16129	966.6443847	158
4918	15367	1743.619322	97
4920	5999	182.4068352	132
4924	15601	1023.748684	81
4926	5015	468.4120824	105
4926	9157	448.1164786	106
4929	5655	1016.558872	59
4930	5310	942.9885714	122
4934	18113	540.2496016	106
4941	4099	1433.074404	52
4941	9057	1478.882009	55
4947	15662	582.1482156	160
4951	10992	245.260051	185
4959	3016	305.2911536	157
4959	16232	377.5042169	154
4961	8491	653.4204508	135
4968	10225	5208.22748	42.1285547
4971	15600	213.1330942	195
4973	9533	638.3411222	101
4973	10948	672.1762521	96
4973	14050	548.3201601	110
4982	9533	782.1557714	100
4982	10948	741.6511069	96
4982	14050	733.411713	102
4983	6975	388.015647	180
4984	2524	3444.705047	3.838282256
4988	4219	616.8077564	125
4988	12129	640.2663843	124
4989	8465	324.4280376	311
4991	7749	466.2812439	55
4993	4487	1233.897382	129
4996	742	1068.350923	72
5001	7345	1158.519023	124
5001	7829	1120.642139	124
5013	135	603.1466427	97
5015	13821	3850.013591	24.31888239
5016	8438	769.087354	51
5017	3370	238.5958743	116
5017	10474	350.5033971	117
5017	10818	259.8962567	110
5017	15693	265.8406815	116
5022	9932	4221.447993	59
5022	12737	4345.673465	57
5025	17174	697.2682719	111
5033	17863	1992.995428	81
5049	3410	372.7679687	217
5050	5462	3980.706425	37.7441779
5058	2803	1142.489874	23.27303253
5061	7508	2791.113662	58
5061	10058	2779.009182	55
5063	3250	1058.258498	110
5070	7533	187.297232	228
5073	2540	1623.204881	22.27216015
5073	16485	1517.096448	23.79021103
5073	17951	1537.237672	24.31888239
5082	11694	2135.250947	85
5085	8932	1281.854673	137
5087	57	458.6645682	106
5090	17115	242.1643767	136
5093	9238	210.207068	132
5097	1274	2386.078027	94
5097	5959	2339.535832	93
5102	9831	449.22312	122
5103	3226	473.6029534	146
5110	2390	538.6576692	131
5113	829	319.7830171	212
5113	3681	309.3900415	228
5113	4693	228.2416474	241
5113	9906	269.3225326	208
5113	11828	327.0412517	202
5113	12043	253.6263581	222
5113	12545	297.0026354	217
5113	13765	298.1562056	197
5113	14528	242.0677967	217
5113	14596	289.1520866	213
5113	17182	307.6717414	212
5114	4971	385.7335784	113
5115	17061	824.3609317	69
5116	6519	1606.781576	54
5122	12131	1080.862753	62
5124	5373	192.0639096	185
5124	13957	232.9816799	185
5125	8047	743.5553213	59
5125	13194	748.7730647	60
5128	9441	1104.241447	70
5131	8057	560.7272871	81
5132	10062	758.0664079	99
5133	9104	469.553485	109
5137	829	322.6690302	233
5137	3681	311.1561834	224
5137	4693	254.9266132	208
5137	9906	280.9610931	220
5137	11828	340.0591069	192
5137	12043	296.1734804	229
5137	12545	283.0884387	236
5137	13765	248.2076246	230
5137	14528	340.5092799	212
5137	14596	298.0488192	222
5137	17182	300.5482279	219
5138	10387	325.5979851	100
5143	5754	1123.464081	107
5143	9449	1125.368126	113
5144	3716	759.2283011	69
5145	3121	802.437036	127
5156	10580	888.6510498	59
5167	392	1521.103592	56
5169	13095	1838.759113	52
5172	8191	498.990889	104
5181	14388	195.8808317	155
5184	14339	572.0233748	84
5194	15493	883.9236406	138
5203	1877	684.3930946	76
5207	3200	314.8950199	58
5211	6940	384.4711437	151
5213	9010	954.3896271	107
5216	495	3148.340265	98
5216	4482	3255.234301	97
5216	5832	2805.244858	107
5216	6065	3134.542634	100
5216	17290	3271.077573	97
5219	16891	1046.712046	100
5223	15834	1125.83167	100
5229	8457	1838.451374	61
5234	18014	626.4159828	80
5237	13419	1420.256445	137
5240	14218	391.7129888	151
5240	14708	311.3232766	147
5242	8138	541.0971782	103
5243	9701	1506.055933	21.31433096
5245	3100	5057.081765	64
5246	2718	2921.988965	30.97006447
5248	872	204.6413271	197
5253	4077	652.6857473	98
5255	2913	402.4408587	123
5255	7911	408.0566261	121
5256	12988	201.7132704	183
5259	2462	686.4566635	174
5259	5274	639.9254387	168
5259	13913	794.1096877	167
5260	11313	2580.246665	35.33572585
5261	2643	415.8252173	109
5264	3913	1901.37186	64
5270	14086	246.9813357	156
5271	7760	514.6060145	75
5273	1656	610.3778181	94
5273	13786	664.983111	96
5278	14922	946.5569473	119
5282	17555	243.614515	174
5283	10054	620.5059903	110
5284	14410	443.3372354	58
5284	15296	486.621008	60
5289	16103	1256.930444	70
5290	7378	657.8674267	113
5298	3211	1990.183484	112
5298	16619	1990.183484	112
5300	6510	3937.242428	74
5300	15007	3971.675062	75
5303	11947	3518.630465	69
5305	3131	1070.236549	99
5305	11042	1125.016816	97
5306	5329	3087.709202	41.21271655
5307	1448	218.7559995	184
5310	15716	925.8904916	139
5314	191	1370.420494	126
5319	5567	318.4940385	174
5319	6849	329.2356168	170
5321	10733	1039.87259	74
5321	14327	1149.749202	77
5324	12905	568.0898455	98
5325	15514	1018.798741	82
5328	6255	406.2959037	69
5328	8216	308.6211755	62
5330	835	245.3693532	93
5332	2673	483.1361159	86
5333	10419	726.442398	58
5333	13737	685.6846212	60
5344	6892	845.0611335	46
5346	876	246.9952506	81
5350	9552	1444.834376	35.33572585
5352	9673	1094.524527	74
5353	10649	438.6829641	166
5358	5819	2857.270147	34.5675579
5358	16226	2868.50554	33.81608925
5360	381	193.6106967	170
5363	16519	1861.687214	108
5367	829	339.5523119	210
5367	3681	347.2567904	221
5367	4693	238.7384145	235
5367	9906	267.9038318	191
5367	11828	355.1041631	201
5367	12043	298.5649748	219
5367	12545	295.0098516	229
5367	13765	282.8912236	210
5367	14528	281.029681	229
5367	14596	273.8724324	218
5367	17182	291.5477746	220
5370	1095	443.2518648	108
5371	15999	2309.047692	57
5380	8785	671.4612291	129
5383	12841	1165.627954	145
5384	9300	753.1647437	104
5385	12791	244.0104281	183
5388	71	1107.169978	118
5389	1645	953.0091675	77
5390	14146	4941.839512	108
5395	764	682.2956256	89
5396	2520	1693.770017	67
5404	18298	195.5473288	115
5407	6710	1540.319704	93
5407	16030	1602.147957	92
5408	4956	3358.084876	57
5408	9663	3631.01151	53
5408	11092	3311.337838	58
5408	15280	3590.585305	54
5409	13622	212.3469533	213
5410	5480	377.372729	86
5414	13572	1433.503218	63
5425	5418	1137.604915	116
5432	2902	1354.653551	126
5433	9585	1321.218941	99
5433	12671	1276.300969	105
5446	1602	992.1354721	79
5448	2406	212.7011241	119
5454	3159	505.0896194	66
5458	1451	470.1730354	69
5464	829	310.1846914	232
5464	3681	309.9460995	227
5464	4693	250.1128457	237
5464	9906	275.3490562	185
5464	11828	298.0176769	211
5464	12043	258.1386011	230
5464	12545	302.8746568	206
5464	13765	310.0518164	188
5464	14528	252.7268193	228
5464	14596	256.7584344	219
5464	17182	306.2372822	211
5466	8246	507.4376447	121
5469	5869	996.188894	108
5470	1834	950.0645249	42.1285547
5470	4673	983.7205322	38.58293741
5470	6880	970.7976085	40.31678793
5471	6142	890.7022091	118
5472	11632	613.3568819	51
5473	4168	724.3542152	95
5473	11816	651.0813672	92
5480	16645	824.495141	68
5483	12562	617.0305042	112
5484	2852	2495.948248	62
5494	6157	442.297386	151
5494	9886	298.8079292	149
5494	14245	317.2167132	141
5498	17791	1230.30852	98
5502	15442	782.1389325	62
5505	6321	1703.853682	73
5510	1235	1825.102847	30.97006447
5513	7024	4943.47459	61
5522	2379	2006.69787	69
5522	11128	2014.883187	68
5522	12816	2166.519156	64
5526	12402	432.069924	140
5526	16000	498.887375	141
5527	4582	414.4306092	79
5527	17658	386.9330733	82
5532	798	194.8586262	240
5537	12804	274.5774219	209
5547	14057	735.7842973	91
5554	1610	1536.11199	104
5559	5785	990.7579304	118
5559	12178	975.4222819	117
5560	9060	552.3305304	106
5563	9729	605.0707823	130
5575	5282	1954.797649	30.2968022
5577	1359	493.7453058	182
5590	14570	3191.150935	59
5597	491	636.1999025	180
5598	16264	2180.95177	40.31678793
5598	17293	2125.646001	41.21271655
5605	15577	398.5458852	61
5608	3378	757.2748053	75
5608	10125	764.4942031	75
5609	1354	740.4176446	112
5610	5500	2901.010122	77
5612	7923	951.8456109	90
5614	14682	813.322027	137
5617	4103	1885.746591	57
5620	3925	241.3325411	108
5624	14182	864.518617	65
5627	7376	526.6809744	135
5630	10971	608.8307517	125
5631	1817	187.1610509	151
5632	8782	353.9894509	121
5632	10277	332.4301084	125
5633	12804	255.4061609	219
5639	696	863.5905908	118
5639	12432	933.4310804	113
5645	14998	517.7749204	170
5647	13587	859.096434	73
5651	3536	318.8824488	108
5659	3462	1237.810972	109
5663	8802	490.0775124	112
5666	8669	607.4662362	77
5666	10397	583.4508723	81
5668	15562	1045.610547	133
5669	5725	1761.309985	75
5679	17592	1106.31649	33.08095687
5681	16999	711.7257305	132
5686	16282	800.1666917	25.97643606
5691	1798	766.0925068	80
5691	12118	766.0925068	80
5693	9518	886.0608705	133
5695	11122	1034.192816	88
5697	8699	250.1123398	50
5700	1254	266.8573558	189
5702	13261	2285.925164	44.02173913
5708	14207	186.2430688	243
5712	5057	404.0941685	118
5713	17103	319.6289081	125
5714	8045	508.7043517	129
5718	12169	1823.529836	83
5719	11074	514.7997517	116
5720	8670	574.4071239	79
5733	7483	653.9385261	107
5733	9949	567.1543362	106
5739	14961	274.1150376	149
5751	2052	946.9152232	97
5760	6300	187.8831549	149
5773	2698	753.2493056	123
5773	4926	748.8575552	121
5773	18048	773.1674836	117
5777	17816	357.5015463	37.7441779
5779	18225	5778.245294	65
5784	3634	1030.471971	53
5784	8122	986.3560147	61
5784	14379	1006.251338	56
5786	6652	429.4749486	104
5792	10494	1470.63483	58
5792	18212	1486.356328	55
5794	15819	781.7308927	81
5796	5586	767.853233	89
5813	14628	708.4790863	114
5815	15183	1782.901856	61
5816	6827	411.7107612	128
5816	8106	385.3497127	132
5816	17152	385.5880762	126
5819	3609	250.4833132	84
5831	6727	780.1747443	52
5835	4702	192.8013443	141
5836	17504	203.456494	143
5847	590	1057.701421	40.31678793
5847	10207	1018.797258	41.21271655
5847	13139	1057.059229	40.31678793
5848	17067	867.5095469	128
5850	9096	949.527531	160
5851	5134	778.3123114	117
5851	18205	796.7213871	112
5854	495	3317.644286	93
5854	4482	3440.205919	92
5854	5832	2983.604821	106
5854	6065	3321.39128	95
5854	17290	3460.654933	93
5868	554	956.6830955	23.27303253
5868	17334	933.7423991	25.97643606
5880	6874	6265.172783	48
5881	4019	548.4743506	161
5883	7194	686.8307511	107
5884	14390	557.3869115	160
5884	17720	509.8121832	157
5885	4297	1087.397999	126
5885	8762	1018.786893	127
5891	780	3068.725573	73
5891	7569	3104.080992	74
5891	12736	3031.920953	75
5891	13924	3047.023259	74
5892	2807	595.6441944	38.58293741
5892	9643	620.9768076	35.33572585
5892	9775	596.0761246	43.0647448
5893	12393	1450.94794	85
5893	18158	1472.39007	85
5894	1005	426.648444	88
5897	5326	3404.776517	85
5913	17387	574.5045208	113
5914	11630	765.4189793	118
5915	6864	1454.028863	85
5916	14086	219.3657978	173
5921	6031	566.79118	66
5925	18370	361.6801595	76
5926	16433	1048.039888	95
5929	3411	1912.978069	77
5930	3890	592.4117077	94
5931	5993	900.7822806	43.0647448
5932	3012	1192.786249	84
5933	6388	650.9369679	124
5933	18024	646.2675875	127
5933	18037	662.4286889	122
5940	3603	571.971456	118
5940	5658	590.0246774	113
5942	1083	2412.065026	108
5942	17456	2512.754413	109
5945	13237	319.9224817	145
5947	5209	436.8006815	145
5950	3192	695.2347128	111
5955	12999	858.4736102	116
5959	6661	393.0809464	58
5968	10513	1130.816182	90
5975	12729	517.9577666	75
5979	17463	343.2143703	118
5981	7998	258.0266428	146
5985	6427	1021.615759	101
5992	1176	492.9721062	166
5993	6108	681.2373651	117
5996	7912	1173.919462	101
5997	523	429.8930296	111
6003	12900	6884.514318	67
6017	6638	359.02926	145
6023	6639	542.1561787	85
6024	6365	1633.849991	66
6027	15539	1658.867787	98
6030	12051	181.3418472	121
6034	17237	263.9447963	230
6036	3635	502.6605271	86
6040	5106	604.8218266	120
6046	5172	2177.604578	101
6046	8590	2608.672928	103
6050	15539	1705.654513	100
6051	15016	380.8352209	137
6052	10680	259.5436152	168
6056	11839	918.5628295	52
6059	7947	760.6556425	154
6062	5958	2696.761505	103
6063	13257	281.0020351	131
6068	8906	755.0645864	86
6068	14053	788.3454253	83
6068	16370	754.2845756	84
6072	10770	3226.211942	28.36356641
6074	1227	298.2801451	145
6075	9495	561.8502983	80
6086	16928	1230.834688	87
6087	7314	440.1649935	71
6093	13331	442.6380495	79
6093	15206	477.0028659	74
6093	17042	467.5301083	80
6094	4755	227.4289331	138
6095	15203	544.6494346	168
6096	3262	4015.188208	41.21271655
6098	16608	725.1097185	68
6102	6948	566.3240202	176
6104	5922	563.4680539	61
6104	11779	620.8424268	54
6105	16683	702.2223453	120
6108	12224	766.4071893	60
6113	17980	425.2928611	174
6114	8301	876.1051024	65
6124	8746	2028.359454	73
6124	9334	2024.223868	71
6128	16908	290.364117	135
6130	16249	871.6439674	114
6131	4586	208.945302	225
6131	10483	257.177715	237
6136	14583	2177.856038	58
6144	2159	894.3709554	84
6147	8096	330.7196159	179
6147	17576	270.7994048	168
6149	7778	1098.510176	144
6152	14582	381.4009652	127
6154	15631	256.849277	189
6156	1742	972.3517257	66
6166	4798	2075.868478	79
6166	9861	2331.660976	80
6166	18299	2124.174144	79
6168	15499	1116.562691	69
6175	7267	1226.11456	43.0647448
6183	8952	1002.299342	102
6183	12487	990.9886848	101
6190	12595	2295.43405	92
6191	8188	460.6324096	112
6201	14826	222.5175935	163
6202	1755	896.0765975	71
6203	9122	195.8073524	232
6205	3848	3491.820278	32.36180563
6206	10733	1106.195062	64
6206	14327	1136.398669	73
6207	18188	461.1990778	88
6213	7571	602.1678481	77
6214	1347	374.652429	143
6215	17957	213.1754823	139
6216	5563	483.9016983	87
6217	9406	187.8214292	144
6228	16953	713.8557554	110
6232	12689	509.2887076	116
6238	4759	246.6931024	52
6239	7180	1410.759587	75
6242	11836	1233.114997	75
6246	17044	1368.10253	44.02173913
6255	3397	1861.845925	99
6257	2596	679.3234557	29.63817606
6257	15791	1056.601647	24.859302
6259	15127	704.9241099	104
6269	12425	1225.046168	109
6271	919	1111.194068	85
6274	989	503.1012334	35.33572585
6275	10462	3159.521568	33.81608925
6276	17450	1051.169727	59
6278	515	290.0963438	143
6284	7141	394.2796481	146
6284	11107	372.2547184	147
6293	2664	355.9536171	141
6296	13831	584.3724808	41.21271655
6297	17850	493.7155501	74
6298	5486	519.5847829	115
6298	6628	445.0072353	124
6300	16205	696.6069915	100
6311	5729	689.8299944	106
6314	11000	1269.632603	76
6317	7499	188.9904373	211
6322	14803	980.0721857	61
6323	16448	739.680544	119
6324	15686	645.408519	112
6327	7093	386.5901223	142
6333	13205	1486.494744	134
6334	11222	324.4971138	221
6342	6464	586.5374046	159
6345	9158	5182.89667	34.5675579
6345	10867	3649.03535	30.97006447
6345	15527	5565.775644	32.36180563
6352	9954	312.2019441	216
6354	13149	1476.994657	97
6355	10975	790.7433641	155
6355	18076	685.0117463	160
6356	4694	1072.097966	74
6359	6857	260.1064715	209
6363	2137	1302.917726	34.5675579
6363	11841	1254.573039	35.33572585
6363	13861	1275.609354	34.5675579
6363	16798	1243.687807	36.1209642
6367	8311	893.0362124	109
6369	9689	647.2173007	81
6371	9055	3143.840087	63
6372	1497	455.6556407	132
6372	15552	453.2689401	132
6373	1138	326.887284	103
6374	6678	1643.027226	31.65828812
6375	2343	466.1071956	76
6375	8296	422.9350253	71
6375	17643	463.3436729	70
6380	2012	184.848967	213
6381	11413	592.8513749	150
6381	14723	594.4618773	148
6383	10102	896.9002558	160
6383	15119	862.22113	160
