11	20411	338.3585793	128
16	6646	8250.619962	56
22	5847	1175.056723	120
26	17827	1071.656389	98
30	5050	943.4156278	56
32	4790	323.9168436	192
32	25835	464.3130455	178
33	2938	955.1322139	100
38	15304	758.5928181	153
41	15849	1057.931107	110
43	7534	743.9895337	146
44	19454	393.5593046	111
49	625	2412.541624	88
52	4064	1079.422066	95
54	23730	663.1856125	123
59	826	597.1137459	173
66	21816	401.4892726	101
68	14924	1404.682283	78
75	23453	880.6430926	74
76	8719	661.9859955	78
76	18072	724.1691225	74
76	18398	560.913916	82
87	4193	532.6538913	103
88	1928	1748.285339	62
88	22816	2000.173877	61
99	2182	642.0125972	116
106	28195	268.8243802	210
108	5643	1959.152516	79
109	15929	1202.061064	118
110	16462	2059.83815	51
114	24817	470.4531542	114
116	18612	589.651865	156
118	26339	1339.083896	55
120	18393	2940.426978	26.5536902
121	19731	4225.603023	46
122	1666	780.5547327	136
128	23133	2046.459778	61
129	18729	314.6994773	122
133	10446	985.6368518	44.02173913
137	12636	747.1720002	36.92365229
139	20429	2227.374056	109
145	23875	2501.337438	47
147	4501	243.1270447	186
153	16209	256.6166337	90
153	23097	382.5734057	68
155	20431	725.1165363	92
157	17399	1495.024743	47
160	4695	3877.465318	21.31433096
160	25797	3823.605315	22.27216015
161	3867	1123.374238	58
162	14398	3043.18121	79
165	25492	1252.739893	124
166	14967	192.7509145	86
168	21151	798.3086722	86
173	20818	2679.476894	61
177	9930	1058.794307	77
178	1971	351.478271	178
178	2460	258.199869	205
179	17916	215.7251191	97
183	2509	938.0764913	98
183	11336	924.0075547	94
183	16630	1084.037208	88
183	17302	1092.288625	89
183	17442	882.0372466	98
187	15290	640.4309122	91
189	12426	1077.18674	92
190	27086	295.1670095	142
191	15509	1317.57469	25.41173093
199	11465	371.3956029	104
200	4982	884.833864	91
202	14231	549.6827959	120
205	24595	1975.537025	42.1285547
208	20138	1333.306801	68
211	13062	4200.110544	71
212	23582	841.6084931	86
213	13014	964.8954089	113
213	19954	1074.298573	112
214	15737	344.6730976	135
216	18926	250.0608517	99
218	795	1814.975532	58
221	8976	1024.290386	102
224	925	2642.465449	70
229	13007	495.1537508	155
235	16186	594.8538646	91
240	7221	331.257865	110
245	10643	475.8491464	116
246	13905	848.3391248	76
250	22527	819.9622841	120
254	28229	339.0802283	135
262	20355	324.6265387	205
266	21135	184.6791026	174
267	2261	2556.247427	19.09611913
267	4053	3404.44178	21.78798276
267	11807	3384.260763	22.27216015
267	23895	2652.471644	23.79021103
267	24424	3701.030883	24.31888239
269	489	519.6440209	91
273	246	1457.194957	75
273	13829	1414.699278	75
274	14442	267.994924	123
275	2600	1200.838418	25.97643606
275	16388	932.8535472	23.79021103
275	16753	1199.579437	25.97643606
275	20765	726.9775944	25.97643606
278	255	397.3972884	114
278	13254	325.0886368	114
284	3165	957.8481717	160
295	8973	1061.404842	36.92365229
296	11582	565.7223575	160
299	14912	760.0591223	120
299	21604	676.4277868	117
299	24585	670.8261718	115
299	25664	700.6731668	121
299	26788	651.3427559	120
303	15303	429.8906691	126
303	22922	460.0472635	118
303	25846	451.0300004	122
305	17432	2753.023056	119
306	8118	368.6765641	220
309	10935	854.0681469	96
309	18690	839.3104196	102
331	28305	676.4939317	105
335	24646	608.6284452	93
336	7191	1060.104511	84
340	22383	529.6725754	132
341	20176	292.4337167	205
352	20058	314.3048735	208
357	6388	426.5124593	146
357	18388	353.4421333	144
358	15314	560.3496607	95
361	16066	616.203491	63
365	4627	421.8848235	101
372	16955	194.0837713	265
373	8361	1217.41692	73
376	28383	3342.965508	54
384	6620	1020.331593	35.33572585
403	10529	2052.891115	100
406	6630	965.5737999	84
409	2662	750.8980098	124
409	24409	765.7921953	119
410	4798	1909.324763	41.21271655
410	14164	1861.925581	42.1285547
416	15187	730.7365231	55
417	3119	263.4364822	164
421	7108	338.3796488	134
421	27296	369.3893436	126
425	15928	585.0751208	135
436	15519	382.1939182	171
440	16833	969.5575206	90
440	17881	1204.280884	79
445	19806	483.1855978	171
446	4386	421.0719679	134
446	14902	398.7417428	132
449	21390	1051.147954	90
450	14548	1885.103438	93
453	20222	902.5654264	104
454	18507	991.7617308	74
456	14447	1131.270365	91
457	25134	1379.207485	117
461	14591	4724.438249	54
464	4512	363.8081979	181
464	6822	259.1828095	216
464	8549	361.0635664	189
464	10755	311.1428566	190
464	14536	290.9399725	211
464	14542	268.1710454	226
464	18516	252.6723319	214
464	19393	380.2050123	165
464	21266	286.9166572	196
464	23743	299.4306395	198
464	25589	216.2989315	227
464	27271	316.313049	211
468	17722	1748.415762	64
469	1166	1133.686125	117
469	4384	1110.893322	117
473	20665	702.772765	85
474	2812	401.9039414	109
474	24537	355.6318043	132
478	27152	1046.32087	54
479	3987	996.6654411	108
481	22899	320.2302397	121
482	14332	4041.759842	81
485	1606	198.2550977	143
486	21594	873.7211817	103
487	9211	665.6920219	124
495	16778	3216.873972	105
510	20426	385.9716649	159
514	1082	275.1414881	169
519	9519	585.2524764	82
535	23156	351.5235855	106
537	12540	1271.801925	92
540	24013	793.8053018	73
545	5148	357.3095891	130
548	7484	2486.660538	42.1285547
550	8759	525.2746466	73
550	21069	669.9876284	74
555	20503	323.6135266	90
558	9407	545.8172183	102
566	4407	1624.966269	71
571	13145	4817.440211	27.1437722
573	10403	815.8046572	123
575	16142	4591.875506	64
577	3104	1359.322905	26.5536902
580	6938	483.2732865	123
584	1753	299.4397701	181
586	22876	352.0573155	101
592	18487	1644.07337	54
598	5963	2150.529529	86
601	3926	936.2592288	111
603	19455	478.8580916	112
606	17924	322.6304351	126
606	24051	363.05301	128
609	17299	1768.124589	84
611	4502	392.2167513	130
619	9800	1235.557472	100
620	23657	406.1296959	109
624	3536	1010.54012	91
625	9295	335.129305	180
628	901	381.479501	126
629	24866	443.6803586	178
630	17633	271.5579205	66
643	20270	5331.152439	35.33572585
646	17967	734.5747772	100
646	25874	560.3185165	103
649	4501	227.6609835	207
650	5555	254.3624358	186
650	20852	376.5987067	164
650	24808	302.3453084	181
655	2806	449.2711069	107
656	1242	1636.41915	115
656	5556	1837.115438	117
658	7543	303.5880189	143
658	12176	241.2338593	149
660	8414	200.4323692	194
660	13354	189.1442482	198
660	18700	199.6284149	191
660	25085	205.4467552	179
661	15884	1330.620452	42.1285547
664	16997	2361.803322	74
668	23126	1151.558351	58
675	18215	308.8553374	138
675	21531	245.6291076	149
678	20897	315.6874151	143
679	350	668.4229539	105
703	4583	1244.266729	114
703	26021	1236.529354	114
708	22551	958.9078203	52
709	4552	465.3752069	171
710	2378	559.680598	91
714	23016	1810.82204	34.5675579
715	2126	956.6143275	106
716	4928	371.9142504	87
717	1915	1261.430699	77
718	22604	878.7688674	84
721	13147	502.8261508	72
728	19130	869.4146984	89
730	22248	311.6310592	139
731	25719	240.7368586	150
738	6938	421.5878661	129
742	13407	1894.679788	47
746	22113	343.795474	98
749	15787	452.680251	74
763	3110	324.7388462	116
765	15482	535.9971415	61
766	2830	192.2169404	176
766	14936	202.0953125	167
769	4933	1869.412443	92
772	20462	2773.91827	58
774	8690	781.9759123	133
780	3697	362.2291354	60
781	3113	200.2450951	188
781	4404	236.82155	185
781	7768	287.5928788	175
781	9675	200.118364	188
781	16505	203.1524599	187
781	17417	275.0828302	184
781	18181	203.4891177	185
781	22224	218.3526978	182
781	26097	240.4242004	185
786	3433	2386.937565	66
790	11664	2818.930503	49
795	10379	205.5815812	139
796	9452	374.7234706	136
800	7699	411.3253916	123
800	9618	402.7635383	123
800	10341	362.8143992	126
800	15689	401.2837004	123
801	21310	2673.222515	44.02173913
804	27555	1156.833061	24.859302
808	6774	1006.113985	70
810	21044	364.7496396	65
811	8057	217.1515005	142
813	26147	861.9668389	75
820	5910	1008.607186	79
825	22731	435.870788	105
827	16705	1197.198305	64
832	21961	368.4882089	205
835	18654	594.3681635	202
839	2981	1123.3499	63
839	15658	1216.858007	62
839	21408	1251.134535	61
842	9453	947.0260331	88
847	26130	1278.233382	75
852	8827	862.6542201	94
853	6282	397.2142662	128
856	18188	3669.400251	60
866	25158	1487.478734	88
874	21235	913.743719	117
875	7416	1297.738048	69
878	25639	448.7422078	109
889	21849	2263.773683	32.36180563
899	26573	534.2753727	51
900	7481	906.5396507	108
910	16396	741.9657975	155
914	2900	884.126639	56
914	6417	843.6139763	45
914	12507	1019.018742	52
918	10213	1383.140965	72
918	17906	1134.813571	84
922	12194	243.2431501	158
925	15994	3662.154784	24.31888239
925	19114	3609.081631	25.97643606
925	23309	3641.425485	25.41173093
925	26618	2760.381675	22.76709704
927	27630	269.5015399	183
928	17490	580.9544901	47
934	2842	425.3892591	176
934	19768	418.2001444	173
934	24969	404.0209578	178
934	25303	551.3010456	174
935	19237	392.5268848	72
935	26358	332.7934333	103
937	24477	1196.919966	122
938	26007	368.2155592	157
947	12451	2069.509428	50
952	25367	209.8943696	160
954	23288	338.6391286	129
956	4955	248.3123596	177
958	19454	417.5698608	105
963	11607	315.040645	138
967	4512	335.7225019	201
967	6822	276.6484708	210
967	8549	312.6858195	196
967	10755	359.0959042	194
967	14536	296.3846718	217
967	14542	321.0003502	193
967	18516	261.2255821	216
967	19393	352.8634921	186
967	21266	339.7931713	183
967	23743	324.7495342	202
967	25589	235.5146652	215
967	27271	355.6358048	196
970	9210	531.9564755	118
972	5555	335.7470087	176
972	20852	488.1094293	158
972	24808	324.1403841	192
973	17946	1219.309684	116
975	2740	803.4965337	92
975	11696	776.4987902	93
975	17464	669.9794752	105
975	28105	664.4955293	104
978	10750	615.8257582	86
988	21491	468.2396425	45
989	2347	696.4714999	122
989	23120	722.4432251	121
989	25785	724.7207574	121
995	15921	1473.408611	69
996	5336	299.669154	159
996	13882	403.7050741	150
996	23371	348.4405295	167
997	15195	1727.580953	67
998	24314	589.6171072	120
1001	6538	2049.724606	51
1005	12930	1437.466213	52
1007	24765	868.4541165	101
1009	213	1178.328188	16.01705151
1009	1883	1161.298382	16.37298599
1009	3056	1220.769661	13.43445426
1009	3462	1167.694944	16.01705151
1009	9975	1169.610783	16.37298599
1009	22963	1185.812685	15.32822746
1010	14067	545.8962727	134
1014	26300	589.8943569	112
1019	17799	1726.340425	68
1022	14731	349.5636233	166
1033	1253	351.6677955	140
1033	17272	293.6579462	149
1033	24852	301.1523177	146
1052	28024	342.812473	172
1053	21689	398.2700309	165
1060	24626	611.9047041	128
1062	5905	1013.87031	105
1062	15309	1003.367874	108
1063	16696	913.6086651	88
1065	27751	256.3241605	200
1066	4271	986.4190855	44.02173913
1067	1112	261.2689066	209
1069	16001	572.139414	146
1073	19350	1102.74304	110
1079	14212	1450.490752	61
1083	22737	1403.935801	113
1089	2532	656.2831586	36.1209642
1106	1589	222.3997428	131
1107	4356	531.3876087	117
1111	7275	928.0094023	109
1111	26848	667.3529869	106
1112	2016	346.78135	75
1121	9477	1809.660365	93
1122	7318	785.0426884	63
1124	8433	266.0700403	137
1132	1411	1833.079916	59
1136	743	831.4411144	129
1138	5039	1397.498255	36.1209642
1144	27818	437.463313	101
1152	146	665.9625683	94
1155	5702	2466.518543	52
1160	8965	645.2382103	111
1163	3018	671.796614	57
1172	15889	1435.899471	42.1285547
1176	20327	1147.274553	148
1180	26820	428.5864522	140
1183	15279	653.0458167	82
1192	1401	317.7795036	163
1195	26818	488.9037476	96
1198	3774	1142.161313	35.33572585
1203	21514	353.05279	146
1206	5728	277.2392121	129
1206	16727	279.312797	127
1206	20161	264.2552783	127
1206	27349	345.4721785	124
1221	28022	2488.89906	43.0647448
1222	14316	582.1441117	54
1226	8275	508.9598573	108
1233	19005	1221.729979	54
1237	1510	3214.145843	96
1237	4231	3259.284168	94
1240	15092	1776.343712	44.02173913
1241	13308	722.43274	64
1244	2955	2671.740854	33.08095687
1244	3084	2483.396057	37.7441779
1253	17882	418.0037281	84
1255	8466	2677.78036	90
1256	23777	422.9209945	132
1257	9513	943.7595337	106
1260	12038	392.9133986	93
1267	24915	220.7062556	135
1269	1227	3576.854242	76
1273	9588	2204.697259	117
1279	22920	578.3364025	82
1280	5688	800.4363571	95
1283	17859	792.3728437	70
1284	4512	341.1513075	193
1284	6822	239.1702503	214
1284	8549	312.7631035	200
1284	10755	253.8552282	204
1284	14536	328.2901233	198
1284	14542	288.8002961	216
1284	18516	261.148082	229
1284	19393	371.5082601	185
1284	21266	275.2964744	195
1284	23743	267.9812383	215
1284	25589	267.1641429	225
1284	27271	264.8081257	213
1287	11802	1006.482731	52
1289	9866	233.2629894	160
1289	28094	271.3312741	142
1290	20255	564.8372568	148
1295	19616	697.5919182	76
1296	16415	721.0410003	134
1297	4429	403.7593491	121
1302	20205	2300.533011	63
1304	1529	883.841268	116
1304	25424	621.5068536	114
1312	8707	1139.831505	102
1313	17433	395.8774867	113
1315	2952	2580.942789	61
1317	10936	3023.368948	99
1320	2675	297.4642799	88
1321	18044	955.8228003	25.97643606
1327	13179	1058.771071	152
1331	21204	2244.765447	49
1338	19454	432.8503899	109
1340	22748	1367.455551	52
1341	17674	425.4959203	90
1345	24632	484.3645481	70
1347	23747	475.4010211	140
1349	16355	1110.858518	129
1356	16591	904.5411618	93
1357	1088	546.4437958	153
1358	23771	1397.260972	58
1361	20531	1813.414881	54
1365	3546	939.1849015	115
1372	1136	773.4948422	95
1376	8073	892.4470949	119
1377	23535	4629.630781	48
1378	10754	4092.724124	36.1209642
1380	15767	828.9173783	97
1381	12441	489.9956394	92
1383	19470	763.5904337	126
1383	19618	902.7003696	118
1390	1479	633.3079474	106
1393	14197	1368.264982	59
1399	18761	1080.652843	96
1406	21500	583.3039825	117
1411	12739	183.9073556	120
1411	25894	299.6249672	88
1412	4854	774.6049084	84
1414	21169	697.8182439	99
1415	26745	2762.037659	34.5675579
1417	18008	214.4044484	127
1418	27398	544.8725215	98
1420	22221	223.2249356	130
1424	27353	215.0292887	141
1425	16504	367.5608186	107
1436	8563	1154.87144	94
1438	1980	611.4984805	72
1444	28283	476.8657285	146
1445	18412	263.7655727	142
1453	13800	769.4092432	89
1459	21007	1802.448973	56
1462	13011	658.5423843	100
1468	26556	439.0122449	83
1474	7369	796.96304	99
1475	22498	2637.132551	52
1477	24835	503.120972	128
1480	17927	1052.625232	58
1481	5202	746.7655424	43.0647448
1482	14870	1441.170698	73
1485	27407	2177.488654	52
1490	3991	192.4825256	335
1492	20591	1987.009342	63
1496	4403	1288.332943	82
1499	12792	780.2134531	86
1501	9219	1793.592944	50
1504	9168	278.5990126	128
1504	11799	386.3928499	126
1506	28056	652.5406734	86
1507	19672	566.5224454	189
1514	20731	805.9390027	106
1515	11854	833.9096421	71
1516	1728	393.0059049	101
1524	1692	2138.960338	61
1528	1048	2091.867693	31.65828812
1535	10339	423.6434484	75
1538	27141	1126.845957	56
1555	16327	2205.248329	109
1556	2339	1344.692541	61
1558	17324	432.7894597	105
1562	5930	199.5117218	207
1564	21806	815.203084	108
1568	11061	2096.900291	43.0647448
1569	5388	3324.972614	82
1569	11718	3388.729069	81
1570	2968	564.638934	121
1571	26197	1515.010963	123
1573	27347	693.305302	110
1575	12062	1211.595022	44.02173913
1578	17205	460.0918802	131
1579	22615	875.318414	101
1586	26883	889.1377971	89
1588	2740	753.8611389	98
1588	11696	830.9363722	93
1588	17464	712.7867518	105
1588	28105	847.965336	99
1589	8850	371.3375189	155
1590	7111	1411.05656	92
1590	21666	1215.691338	84
1590	24512	1060.246827	95
1591	3878	424.1407047	153
1591	7542	533.4876646	146
1591	23166	473.0555923	151
1595	17740	1479.549912	93
1598	20866	773.2005286	67
1601	12300	583.2007002	83
1606	7658	527.1000843	85
1608	19828	959.5201459	46
1613	6958	284.4276956	152
1616	11494	185.712318	275
1618	7515	212.2343361	113
1619	26267	832.4540463	80
1624	19794	1911.146581	58
1630	27086	372.0980248	129
1631	20511	516.6095683	126
1637	13269	355.2101959	129
1638	3309	416.0170324	114
1641	28332	2022.648285	125
1643	23445	334.4782378	123
1644	1565	1868.467659	73
1644	5783	2006.829497	69
1644	9448	1235.656525	73
1644	10758	1881.223354	72
1644	17959	1845.336925	75
1644	22618	1739.122711	70
1648	17316	1248.463537	96
1650	15413	618.7956769	86
1654	16105	215.0111049	175
1655	8165	306.5853361	135
1657	19408	199.7107298	228
1662	21106	855.569023	104
1670	15555	706.8833155	127
1673	15511	1026.48	81
1686	7654	188.9469298	261
1689	13236	714.7175193	59
1693	25667	322.2666175	97
1697	1516	550.4155707	107
1700	2800	181.5834984	178
1705	2187	561.5649642	157
1707	13291	348.159891	148
1711	14308	194.2285871	194
1716	4343	795.1579771	93
1720	14344	958.4454802	85
1724	10766	324.317787	125
1725	20619	1805.902188	45
1728	2883	1200.395676	150
1729	11182	296.9287752	143
1738	19177	188.0269934	171
1748	3249	231.0106545	125
1751	16831	304.7300651	103
1752	12786	708.3654281	92
1760	26383	1673.211857	80
1761	18849	1112.096152	66
1764	28234	1084.190639	86
1765	21090	1712.908252	48
1779	3067	770.5860335	66
1780	6160	2257.907115	88
1785	6894	1430.90567	71
1786	9055	1829.077439	79
1788	6435	221.0138294	93
1789	6524	1866.255957	66
1791	24264	354.150035	83
1793	7924	1913.602041	81
1797	13650	695.3386159	75
1799	22775	1155.849269	71
1805	13057	1506.120553	121
1808	28075	1944.614787	61
1811	305	271.6552512	88
1813	13395	182.1837151	191
1830	1974	551.8875364	114
1831	4692	705.2341597	83
1834	1071	499.6073725	129
1837	22085	1378.035297	78
1838	123	1558.48455	60
1846	7884	924.9054298	98
1849	22461	1912.731462	113
1850	15333	229.70799	180
1854	26840	1059.002712	46
1855	17393	1522.685892	125
1860	23150	3622.985528	41.21271655
1862	12132	2983.544849	71
1868	4010	327.5081899	162
1869	8140	393.552506	79
1871	2388	1421.462159	62
1880	24698	530.5824463	165
1885	2596	1726.736762	86
1885	2787	1577.159238	83
1887	28229	340.0598671	134
1891	941	1180.820052	98
1893	13532	322.2826356	140
1899	16096	544.9506923	86
1901	19876	213.3961727	167
1903	13833	2471.227263	49
1905	19103	1709.594533	63
1907	7108	348.8889568	122
1907	27296	367.769549	141
1921	669	418.3329121	70
1924	5906	712.5344786	68
1931	24483	369.1397292	90
1939	3812	1078.116669	79
1940	5359	703.3113631	37.7441779
1941	1640	803.1180687	87
1949	12356	465.9418433	126
1954	19160	382.5791371	77
1954	21930	382.2190508	76
1955	1119	634.0026996	103
1958	7151	481.0405355	124
1963	15343	1696.590421	74
1969	26856	914.3011109	63
1974	21045	209.9565693	111
1981	11626	454.0219073	85
1985	3882	2016.367469	68
1985	6596	1566.550243	64
2001	17582	1239.444656	116
2007	12675	305.2491436	164
2012	6905	368.8216149	74
2012	19291	368.8216149	74
2013	12790	672.6902875	103
2013	25673	692.0548623	103
2015	1305	1019.462321	109
2019	13868	217.8495529	154
2025	20817	1500.235072	86
2028	16691	2208.795583	97
2032	21196	182.5928425	150
2034	24408	708.89601	132
2040	18748	401.6979872	195
2041	6731	1531.009335	72
2044	2660	2277.928139	88
2047	8596	750.0485201	58
2047	26324	827.9674756	58
2047	26974	713.7149318	61
2048	4734	1984.676912	73
2049	10315	634.5367321	121
2051	4011	979.2913638	72
2051	22345	1053.758844	80
2052	10645	505.6325901	85
2053	27902	692.7273442	38.58293741
2054	19180	281.3347714	88
2055	10112	604.580258	111
2056	12431	1434.318245	59
2057	7	1389.295586	110
2059	25390	1061.228645	87
2067	26422	2486.574168	71
2071	21661	2174.470038	55
2072	11911	2250.183925	55
2076	16728	497.7677669	124
2078	17707	1868.487294	53
2078	24172	1731.821471	61
2080	26645	558.1577925	67
2081	21152	609.8002974	76
2084	15484	939.3759126	108
2088	205	181.5207408	256
2093	10261	321.2209839	160
2095	3053	204.9855221	161
2098	7635	1068.796027	44.02173913
2101	21172	3596.729377	36.92365229
2102	17915	580.9471005	151
2105	3332	590.2269375	133
2117	5176	293.4558931	158
2120	5682	658.9653201	134
2124	1565	1739.879232	82
2124	5783	1878.951083	77
2124	9448	1276.749822	76
2124	10758	1747.805149	81
2124	17959	1875.532721	75
2124	22618	1709.527815	72
2125	189	444.1819991	161
2132	6721	1361.753967	48
2133	8634	1161.609862	19.52047734
2135	12874	3035.185697	31.65828812
2141	25729	331.1009664	55
2143	3733	194.2570579	208
2143	11389	183.7461435	208
2143	16237	194.9367001	201
2143	23009	200.7565359	216
2144	14919	1547.239998	70
2146	9407	586.8327978	97
2147	23177	600.8455948	43.0647448
2150	19706	415.4631899	146
2157	7152	270.4456915	178
2162	4958	2565.680479	75
2166	6190	182.475664	107
2171	20879	861.5634361	78
2172	10480	709.7201289	68
2177	9544	3093.793517	44.02173913
2178	10054	2381.197895	41.21271655
2180	12587	1322.35024	86
2180	27223	1439.886693	80
2191	27538	370.237212	196
2192	26291	748.3544226	84
2201	25373	2709.11331	57
2202	13632	1806.257885	88
2204	2355	1036.63545	9.661404388
2204	11840	1067.402304	8.283674685
2204	27587	1052.100917	9.451373858
2205	3918	1441.691515	97
2216	21257	1530.172838	55
2218	7104	198.7989589	169
2237	11134	1449.186228	42.1285547
2237	23000	1449.186228	42.1285547
2251	11551	784.6108075	162
2254	18214	382.9806229	157
2261	8642	4599.08971	56
2263	9146	221.4546244	163
2265	25717	665.4881753	106
2271	214	1046.456744	144
2271	14088	1015.572931	143
2273	20352	1138.074661	93
2277	23779	264.6860066	277
2279	26584	451.9835879	134
2280	1976	348.8273047	117
2286	15923	695.1881609	111
2289	3926	1129.447896	96
2296	5486	255.9957787	250
2296	16197	226.7059743	233
2300	1777	541.2062086	115
2300	7483	606.6122788	118
2300	8559	475.0818493	106
2300	20252	568.4875972	112
2306	3771	360.2502237	150
2317	8049	454.5198038	124
2339	10828	395.8636418	89
2339	15550	660.0323313	86
2341	23359	331.2552085	74
2342	14635	1043.764772	70
2344	5619	1241.457305	96
2344	16596	1075.180444	89
2347	3406	2469.368227	63
2350	15304	497.3975552	165
2351	24191	269.1132358	138
2352	15725	1758.168846	70
2352	23937	1076.448334	73
2355	9098	456.6243074	147
2356	2026	628.5576415	65
2361	11734	1345.387044	112
2364	16569	564.2828097	113
2366	11804	825.0232519	117
2367	22023	344.7275826	119
2372	233	1563.916017	76
2376	2370	725.9834266	97
2382	20218	1126.237557	83
2400	26841	404.6934444	82
2404	6590	803.1881403	128
2408	9724	1634.553237	60
2410	14478	640.1122553	79
2410	25267	540.1058882	97
2411	21768	443.5755397	186
2412	9784	710.6046935	86
2412	21050	677.1564983	84
2413	21637	742.7199278	79
2417	19832	3179.77629	23.79021103
2422	13703	338.2707664	101
2426	1754	238.0156747	182
2440	24782	390.7716255	177
2451	26813	558.6926623	111
2453	18894	689.1935493	48
2453	19374	731.9560676	44.02173913
2462	2491	463.2366761	149
2462	3086	462.9588406	148
2468	22616	407.0794796	48
2469	8295	489.0858108	62
2471	18494	2279.061835	67
2475	26471	1193.255996	46
2480	25597	418.4588903	105
2485	13093	538.1602656	82
2492	2347	691.9052076	118
2492	23120	747.0250172	107
2492	25785	631.2572572	120
2494	7793	214.6668436	187
2494	12411	199.0572975	198
2497	10641	2327.058889	74
2504	10020	1318.87214	53
2506	17902	200.5890634	245
2509	24305	732.6788284	76
2516	16339	227.9004484	173
2516	20457	262.4691698	169
2517	20776	244.3337348	147
2519	2722	1184.044599	99
2521	772	886.0569128	115
2523	4139	1513.292795	48
2536	3316	1601.774868	114
2540	5148	389.4645306	136
2541	25095	1040.531449	110
2546	12126	699.5091897	112
2552	10264	801.3276567	114
2554	24645	427.9248808	146
2557	24707	734.6512109	114
2561	23997	720.3617956	96
2562	10325	463.6816788	70
2575	13696	424.7897852	148
2583	28114	1382.423122	113
2585	19778	540.6061661	156
2594	21141	1950.025498	64
2595	22641	491.9826854	147
2596	27238	714.6088824	96
2597	14349	976.893798	92
2598	13761	3626.884257	23.79021103
2600	27630	385.4383413	176
2605	1355	1489.584474	72
2607	24226	432.3874611	110
2621	25556	1293.059437	74
2626	19625	2946.299885	31.65828812
2628	22164	777.4238201	112
2633	10964	895.9781811	158
2636	23054	1622.869335	59
2637	4745	2894.64011	108
2642	10741	3099.359751	64
2649	781	2132.625384	76
2651	14831	884.9328968	53
2653	17245	3348.708747	71
2659	25405	1714.477304	109
2660	1257	838.5256344	56
2660	11785	866.6087741	54
2660	11857	908.3392694	50
2660	15346	846.9800735	57
2669	3019	684.7407682	190
2670	20384	1424.047595	54
2671	13384	1335.706816	68
2671	22082	1298.255951	68
2677	25318	1025.040168	137
2678	20521	1364.393974	49
2684	16372	1961.554114	84
2686	43	229.5596566	154
2691	6612	1331.376373	89
2694	17888	189.6159017	196
2701	19649	1544.774795	66
2704	1989	949.320978	71
2707	6448	1395.313904	46
2708	12311	379.9407524	104
2710	7467	1170.022511	106
2710	14671	1108.375011	102
2710	18640	856.5706334	107
2713	14324	196.0043834	143
2716	12177	1209.678503	96
2720	3291	421.7394138	123
2720	20520	373.6403013	129
2728	21070	494.6314918	121
2730	9211	668.4558215	122
2734	19456	2519.322812	80
2736	13533	285.8252435	85
2738	17257	205.3299542	183
2740	5908	3309.617723	26.5536902
2743	13215	1360.49947	109
2749	3193	1469.931841	90
2752	681	1066.608788	36.92365229
2753	20619	1809.348596	46
2755	4950	3792.970282	73
2757	19237	328.6197156	97
2757	26358	292.1389261	107
2759	10029	356.1767851	162
2759	25125	386.5073231	164
2761	5722	191.0176471	203
2761	20883	196.5166318	187
2763	28148	914.5786654	95
2765	2743	526.538551	190
2766	26397	408.7577618	182
2771	23500	184.3836869	138
2772	2216	271.3024459	170
2773	8769	239.2500046	118
2774	12412	1671.058657	45
2775	2078	1979.014212	45
2778	5019	1590.559512	76
2786	18268	3301.252084	48
2792	8047	2931.467924	37.7441779
2805	16175	759.7793722	66
2806	11983	410.6055719	93
2806	21754	355.9138685	105
2810	16781	263.3813337	167
2811	5267	1270.799725	69
2812	19305	2241.281478	100
2814	12594	254.3837332	157
2834	2509	992.9052312	104
2834	11336	998.4986317	94
2834	16630	1016.290905	96
2834	17302	1105.91938	87
2834	17442	944.4686182	100
2835	9906	186.9287725	202
2835	19919	189.2982365	186
2839	4248	2073.339016	54
2841	15318	1030.211347	130
2842	15875	258.7269369	135
2845	25444	1362.753308	42.1285547
2846	8871	1784.860764	116
2846	23431	2008.866434	106
2847	2999	1455.184058	116
2849	21614	1715.028043	25.41173093
2851	24622	2531.453746	116
2853	5084	1281.959812	68
2855	11580	1222.932084	91
2855	15528	1755.495513	82
2860	19506	321.1691996	121
2861	12438	1487.483123	76
2864	19182	728.5885776	151
2865	3331	738.91586	92
2865	16024	865.6189028	78
2865	17468	662.5329064	92
2867	23185	1008.442738	108
2879	18681	400.0764345	165
2884	23848	1835.211081	60
2888	18297	1457.160805	124
2895	11515	246.135798	172
2898	19131	251.8518517	83
2900	7267	2217.353593	60
2901	13330	2351.494155	94
2904	27678	693.1502343	146
2911	4091	1415.271175	44.02173913
2913	3359	1429.938655	87
2915	23549	1118.128852	103
2919	22309	867.2986155	109
2920	2842	457.2572748	172
2920	19768	440.6049971	175
2920	24969	427.4723938	179
2920	25303	464.1171145	172
2928	27	572.5386204	36.1209642
2930	7814	387.0975945	81
2931	17179	3953.686991	45
2931	20741	4000.084355	43.0647448
2937	25377	780.1895894	59
2940	11283	776.5889554	112
2942	22368	196.7262419	180
2946	4587	353.2534831	42.1285547
2947	1360	689.6456019	116
2949	12723	439.2290348	148
2949	18963	416.2739629	152
2951	15083	324.3614443	116
2952	917	2786.770745	55
2961	11493	483.8770201	103
2968	2740	827.6478307	89
2968	11696	753.7899816	94
2968	17464	654.5254321	107
2968	28105	668.5285584	105
2971	2523	573.2136568	159
2977	11285	2646.912142	50
2989	17134	504.934158	138
2990	14701	739.4138289	130
2997	25957	410.9337821	164
2998	2328	368.9357815	115
2998	4813	388.7276061	114
2998	6811	364.5388465	120
2998	28032	400.2526413	122
3001	26286	758.4076191	84
3003	4838	601.7000999	109
3004	20399	334.4037477	175
3009	6761	1819.202638	45
3015	25029	2430.763357	73
3026	1282	967.7278812	27.74696714
3027	26910	836.5008802	97
3028	3388	368.1464738	93
3031	12566	936.7547364	101
3032	648	662.5856436	118
3032	26620	652.2941467	119
3033	10133	529.216684	61
3034	12246	907.9985986	58
3039	21385	4074.39977	98
3041	5728	240.675939	146
3041	16727	288.50417	140
3041	20161	265.2283651	141
3041	27349	268.0420526	149
3042	17685	555.953967	72
3045	2892	305.8742757	104
3045	15351	285.5174011	107
3048	1957	992.4428376	105
3049	13864	3243.639732	69
3050	26948	3223.561782	57
3051	2981	1129.390408	62
3051	15658	1263.601169	61
3051	21408	1301.590149	60
3055	5332	718.6311246	49
3057	22271	260.3475975	118
3060	17082	219.9669724	154
3069	4127	184.9817301	124
3072	4393	327.5474356	111
3074	4229	549.7701214	109
3076	752	811.3581143	136
3076	2359	911.3145128	122
3076	3226	934.9954616	125
3076	3255	1024.846741	127
3076	4949	874.5645973	131
3076	13476	932.3560001	126
3076	25153	769.6258901	124
3076	26900	983.3906527	126
3079	27958	1145.873031	64
3082	17905	291.9651909	178
3083	2601	212.9831817	138
3087	8098	1285.560624	117
3093	20032	958.5422745	33.08095687
3095	7132	677.0547808	83
3095	25347	477.1548194	99
3100	9215	348.6039923	72
3110	11386	328.4698816	126
3116	6855	450.8435548	150
3118	17151	817.7442036	65
3134	15089	3218.32193	86
3137	1158	211.2906304	157
3146	12915	424.8597598	129
3150	23414	473.0087094	119
3155	1369	294.5762659	139
3155	27729	319.0126517	142
3160	27648	917.223165	78
3161	7526	909.119865	90
3168	1868	564.9313521	72
3169	21440	2653.345865	99
3171	22145	499.8192972	97
3172	12998	3952.788039	37.7441779
3174	22488	392.3524356	68
3189	22332	734.0281999	169
3193	25271	733.7151472	203
3197	4289	1788.73432	36.1209642
3200	23648	1164.64531	62
3201	16366	969.5480579	117
3204	13145	4813.014801	27.74696714
3206	23597	709.6698455	124
3208	23461	441.7494324	138
3209	10669	2284.692159	47
3215	13320	2867.197397	33.08095687
3217	12067	771.8675353	131
3218	23373	1385.408836	78
3219	7263	778.0971077	101
3219	11697	823.5893829	95
3225	21706	320.2543656	136
3228	13720	580.3424958	125
3233	16933	274.127997	162
3234	10795	564.9730099	55
3234	23110	585.0510152	54
3239	2365	1210.920399	74
3244	14415	722.3352821	56
3249	5414	877.5890928	66
3250	339	742.2527972	88
3258	874	1816.20817	88
3263	1365	570.9156151	36.1209642
3265	23027	1543.024593	103
3270	19304	350.2525552	218
3274	18404	217.501039	161
3275	1778	2233.676911	61
3278	14473	278.3853625	168
3279	1064	1211.182115	116
3286	6970	1204.083737	32.36180563
3286	9802	1156.624972	33.08095687
3287	4430	644.6998136	80
3287	24858	598.853602	81
3288	26225	581.7525371	157
3290	20486	186.5695216	138
3294	26939	191.2209218	173
3299	3152	593.2675608	166
3299	15140	589.6244358	166
3309	1676	462.6047769	90
3309	3095	346.0469839	104
3309	21427	399.5831611	96
3311	8527	329.7400209	136
3314	11478	806.3904849	86
3317	21039	409.2274506	129
3317	24682	414.1875483	128
3319	24685	1731.91132	81
3324	6144	2962.473847	142
3330	9130	4093.56018	27.1437722
3333	4291	258.6405879	189
3338	8955	1611.543813	115
3338	11306	1611.543813	115
3342	10006	1447.923218	88
3343	15773	676.6362475	106
3345	20690	1119.190015	78
3346	7052	3055.499201	73
3347	24927	797.0022381	74
3349	3964	388.9287942	171
3350	28190	1321.875492	65
3352	25915	3209.053611	82
3354	17987	290.3605743	142
3357	12682	379.3557411	142
3363	16226	788.9571321	105
3366	24108	874.7284644	93
3370	3212	1137.040597	120
3370	6021	1135.540959	110
3370	12034	1077.522918	121
3371	7750	1305.937994	104
3380	24834	371.8968517	114
3381	16111	4306.645744	42.1285547
3383	13234	794.6486552	39.44033602
3386	12771	310.2126023	139
3389	10711	395.557562	114
3389	22557	326.2451916	119
3391	15311	3768.641295	70
3396	6060	1336.000663	107
3398	7467	1106.898841	108
3398	14671	1010.19003	111
3398	18640	841.3274409	117
3401	7428	193.486003	183
3409	1482	2180.412633	84
3409	27019	2856.107363	83
3414	25581	213.2743555	191
3417	13972	1976.771029	59
3418	28357	1789.795776	81
3426	23786	1149.39999	71
3429	11583	1407.899536	80
3435	4736	1008.983006	99
3436	86	206.7820204	214
3449	7601	1116.204886	78
3452	22406	2367.079487	56
3453	6354	249.0984941	127
3455	11471	579.2101719	116
3456	4030	544.1464415	171
3472	6635	3078.216395	36.1209642
3475	9113	342.1543437	136
3483	9326	3079.482737	43.0647448
3485	22209	2520.451551	56
3494	12549	207.627823	219
3496	4682	291.4365023	142
3496	7559	291.8663584	142
3497	25873	1227.370153	91
3498	9159	866.8872606	84
3500	4282	852.7070064	93
3507	27495	981.2397528	108
3511	11257	933.1057224	62
3512	2351	2125.790723	73
3515	12145	2206.654421	75
3518	25138	912.3350323	80
3524	14187	512.5838819	28.99386789
3525	2119	2054.723977	108
3530	2842	416.8003423	171
3530	19768	409.3372385	179
3530	24969	414.4138433	169
3530	25303	465.5665375	177
3533	5358	499.0393069	126
3534	22777	315.9507475	103
3536	16677	1782.321728	68
3541	12777	1523.207603	36.92365229
3541	15246	1490.249592	38.58293741
3548	2842	372.1944665	175
3548	19768	366.6627288	182
3548	24969	362.2149956	182
3548	25303	473.3491946	159
3550	9239	685.1383095	77
3551	27456	1795.625233	64
3553	17397	556.6124806	66
3555	7034	915.2493947	113
3560	23420	1715.559823	122
3567	10535	983.4023318	108
3568	646	3141.183662	87
3577	6095	1036.509266	85
3583	13112	345.7621408	202
3600	20824	1053.672263	34.5675579
3602	2418	1089.443886	97
3603	26966	1207.480605	129
3604	27584	742.9475673	84
3610	18810	1363.907569	70
3611	3741	355.7708278	105
3614	2740	604.8757847	111
3614	11696	603.2677054	112
3614	17464	515.2028216	117
3614	28105	611.7877308	111
3622	11388	220.8223025	109
3624	1142	1339.70283	137
3626	23889	1077.591492	72
3627	1257	664.9890977	75
3627	11785	709.3169446	70
3627	11857	693.2326365	70
3627	15346	1041.787453	46
3630	3019	664.9678684	187
3633	14026	1679.529001	62
3634	20871	863.6141819	102
3635	4156	381.7972325	161
3638	4512	378.4499793	201
3638	6822	207.5595664	244
3638	8549	280.5974124	216
3638	10755	242.6780326	223
3638	14536	291.6226389	203
3638	14542	255.8500108	241
3638	18516	290.081203	230
3638	19393	279.5639098	206
3638	21266	233.5906088	219
3638	23743	293.941069	212
3638	25589	263.1523773	227
3638	27271	233.0755349	235
3640	10611	1016.297306	45
3646	7567	903.0192643	110
3647	4131	1805.493976	78
3648	23997	719.0399377	97
3650	7872	300.2844693	164
3651	27256	1458.721848	71
3657	2769	609.7058485	63
3661	18895	195.4361248	154
3666	3059	1689.380667	98
3667	19578	2724.237664	45
3668	12241	353.7234746	131
3671	15667	1055.940806	114
3672	7748	542.2559542	104
3672	23196	566.2309736	103
3673	14809	938.008621	95
3675	7451	874.4116346	126
3675	9813	977.1407357	122
3675	10191	1094.732331	115
3675	10299	1085.016892	120
3675	28384	987.8961561	127
3687	1737	904.4561623	126
3694	27714	2638.784881	36.1209642
3695	3253	308.5944255	117
3696	2336	1389.471082	74
3700	20877	386.0676887	89
3715	3394	264.8769585	115
3717	20217	1982.696238	83
3732	9206	552.3411882	65
3735	8013	599.7065067	113
3741	19378	523.2888635	117
3743	1391	3304.897954	24.859302
3748	21565	3755.957886	60
3749	22943	606.6929108	84
3751	17532	355.1222633	143
3755	15333	184.1784129	198
3756	7899	1674.73285	109
3756	25130	1419.452492	102
3757	10661	419.220102	168
3759	6407	667.5159141	107
3761	20452	851.0116857	130
3771	18565	2480.497166	27.74696714
3773	10172	399.4259062	165
3777	2666	283.3558054	142
3777	4198	275.5666163	125
3777	12659	239.8119378	132
3786	12177	1256.70622	91
3787	22116	182.5838173	236
3791	17356	389.8916438	51
3791	20026	337.1860355	63
3793	28042	2205.026609	37.7441779
3797	9784	799.5471193	75
3797	21050	744.9898799	81
3798	18785	263.0631611	114
3799	2009	1546.134543	72
3805	10913	386.5263094	139
3806	6829	307.4548982	114
3808	21485	874.1367674	93
3809	5093	2830.880827	34.5675579
3814	4454	1161.079364	78
3815	3778	1963.99934	96
3820	25786	1444.275746	48
3821	12746	676.6902159	103
3822	8939	1015.691524	121
3826	16781	269.0052265	168
3828	24140	1341.182396	63
3831	9035	880.7421938	119
3835	10497	1083.623665	100
3837	16141	2778.570849	43.0647448
3843	7485	414.4041278	190
3849	26133	904.213077	94
3852	23498	681.8216097	139
3856	7636	271.860029	140
3859	2320	2147.303536	39.44033602
3861	15370	962.2551029	48
3873	6776	327.3090821	143
3874	22327	2482.171209	61
3875	20449	360.6881853	70
3876	25975	646.5510673	75
3878	18851	1715.323242	71
3883	24005	222.0916845	199
3889	9886	1162.473284	122
3894	15310	315.7621835	112
3899	17741	2196.653651	57
3901	11037	447.0154356	134
3904	222	383.451604	118
3905	6388	537.2143364	127
3905	18388	466.6810813	137
3906	9098	448.2666803	151
3913	1700	775.1214015	70
3914	6595	226.9897824	165
3914	8164	211.2061208	159
3928	11627	749.3009231	30.97006447
3931	17532	276.8173532	158
3934	17922	1548.693471	81
3938	23882	497.6345257	158
3939	11873	701.9907195	81
3944	409	253.4276136	51
3946	5857	395.805757	138
3949	5047	266.4849858	125
3952	21268	197.1904944	194
3953	19204	1022.273402	119
3957	16748	1805.420621	46
3964	1846	3306.433016	71
3975	22238	733.3471324	73
3983	15706	466.7957092	143
3984	5743	2599.771675	46
3988	1228	338.0806443	142
3991	28364	1109.572944	41.21271655
3994	12722	1444.902929	46
3996	20524	305.4192512	71
4000	18911	699.275196	106
4002	22176	1163.684086	29.63817606
4003	26056	315.2209695	146
4006	18233	224.6947837	229
4008	2929	1397.679475	68
4012	15487	678.139158	119
4014	18905	700.202002	151
4015	27114	1490.197049	89
4016	6663	201.4088616	198
4022	6390	3181.476112	40.31678793
4023	9608	852.3392417	61
4026	19703	1430.360771	61
4035	18317	434.2662177	59
4043	2	263.4128864	106
4047	24624	2386.789382	45
4056	18323	228.4415539	286
4059	7707	346.12679	85
4067	18617	1184.450339	52
4072	26517	2075.530323	44.02173913
4077	17611	1475.383689	78
4081	7370	459.9468415	105
4082	6677	1008.584928	87
4085	6269	807.7278505	68
4092	11376	826.7325871	165
4096	10284	424.7595802	133
4098	10786	546.4836771	129
4101	18541	839.3665052	61
4104	19731	4304.823619	45
4108	27890	1075.57963	101
4114	2347	573.675267	133
4114	23120	606.499642	112
4114	25785	529.0899433	137
4118	6254	2288.720645	73
4121	26605	1019.913665	91
4124	7632	2218.7658	69
4126	11405	1042.978619	125
4126	16471	865.516464	125
4126	17945	1033.128293	117
4126	23337	990.458169	118
4126	23493	985.514686	124
4130	8423	1682.492119	13.73299768
4131	20285	393.7961641	63
4133	2541	1034.340077	53
4133	8533	1046.132872	45
4137	24910	191.1150623	233
4138	15928	584.9352285	125
4148	24629	1327.226584	94
4152	1489	224.2325647	129
4152	20583	255.9403285	133
4162	19321	610.6458228	147
4165	14797	888.9681714	94
4166	7106	3082.28074	63
4167	10836	587.4022248	145
4168	16669	495.7026549	136
4169	5548	1337.258882	20.39769385
4169	27636	1086.024261	17.87759777
4176	1456	1334.849745	62
4180	12780	2988.366032	14.99500512
4181	19773	652.0754191	123
4182	20462	2727.897274	61
4187	8871	1614.068736	132
4187	23431	1862.330213	110
4200	19505	3828.999365	47
4204	16980	2238.167802	64
4206	5555	245.3253144	179
4206	20852	331.057521	159
4206	24808	356.3574632	173
4210	27444	1699.076399	70
4211	557	1052.44468	90
4220	13597	336.1989622	99
4222	1215	699.837727	88
4222	13489	853.9605025	90
4222	26803	667.6302745	96
4225	28	210.5228846	193
4229	7922	745.7056973	62
4231	20419	246.6653704	120
4234	3458	419.9675993	152
4240	24934	2284.577451	88
4245	13212	543.4083675	98
4246	15363	420.5773912	125
4254	15116	1090.456128	110
4254	16029	1039.525253	114
4255	2178	1998.212127	58
4255	2273	2029.815779	57
4255	11622	1863.429131	61
4261	4015	516.692211	100
4264	10087	1338.171229	76
4271	3339	876.7963224	102
4275	6927	1137.765729	89
4281	9800	1286.405934	92
4287	6718	1586.741978	97
4291	6725	1259.708906	56
4292	23956	391.5299394	179
4294	23897	1632.388518	21.31433096
4297	20107	650.400095	70
4302	12861	1232.966873	150
4304	1095	879.1500685	171
4310	24821	618.7583762	122
4317	24602	186.764224	201
4324	471	431.2458311	146
4324	17658	232.6858131	151
4326	6796	1142.241582	58
4328	8109	801.3466724	59
4329	23127	3416.955807	61
4330	7380	360.9785638	120
4339	597	10512.71156	35.33572585
4345	8145	369.2874239	178
4347	6805	1160.273115	64
4353	28040	1067.605783	32.36180563
4354	19290	346.6785511	56
4358	23888	280.938253	129
4359	14632	892.8130012	98
4360	26091	1408.247873	38.58293741
4362	20713	299.2662563	131
4363	5555	238.4200657	176
4363	20852	299.079814	183
4363	24808	344.9377239	175
4367	1341	358.2350805	192
4368	2842	335.568481	181
4368	19768	327.8689552	183
4368	24969	308.6424198	183
4368	25303	431.0972326	174
4369	22150	2182.499212	95
4370	24155	2554.636807	41.21271655
4379	16570	1547.063017	99
4381	26253	2332.697779	83
4382	2577	1417.015503	68
4383	24233	1133.429362	118
4388	13307	547.1201899	95
4390	3296	1005.138345	83
4392	18973	2542.997931	57
4393	19516	801.6170797	47
4394	25170	183.9698462	279
4396	17154	225.3413027	198
4396	26227	223.1250538	199
4403	18523	458.1607849	98
4406	24782	381.5463254	164
4407	1206	721.7903598	117
4409	18865	216.4634378	243
4410	21447	795.0237011	93
4411	3970	503.6834691	109
4411	6089	478.5663499	111
4412	7899	1320.119622	116
4412	25130	1203.953007	113
4414	2830	188.6601282	164
4414	14936	202.2867277	153
4420	25646	240.1638	103
4423	3427	919.3264768	98
4432	20665	820.4072899	72
4433	18251	1054.702362	125
4434	18565	2629.185069	23.27303253
4435	59	1078.135946	84
4437	2895	3218.766003	23.27303253
4443	3667	3019.70516	53
4444	5817	279.8184268	71
4445	15203	5132.080855	44.02173913
4452	23264	393.0670115	70
4458	21212	1813.181507	189
4458	21255	1137.969975	197
4463	23241	1272.051109	60
4469	14900	3198.055816	60
4473	3260	189.3463946	183
4475	2860	635.3869307	98
4480	4030	541.4794913	165
4482	8462	1181.117012	149
4483	11313	1205.560755	118
4484	7949	749.5358304	89
4486	15032	294.1947102	175
4489	299	594.0185369	95
4489	4300	561.8224176	94
4494	17812	213.975933	212
4495	2981	1102.943086	61
4495	15658	1171.974522	64
4495	21408	1208.447638	62
4498	25390	1000.189956	90
4501	2463	787.8001547	30.2968022
4501	4481	734.094473	31.65828812
4501	7405	723.1389112	31.65828812
4501	12843	692.5022914	33.08095687
4501	13982	609.0705483	36.1209642
4501	14023	684.6591729	33.08095687
4501	14538	734.094473	31.65828812
4501	16466	712.8430491	28.36356641
4501	20354	715.0152917	33.08095687
4501	22441	707.0964152	31.65828812
4501	27014	702.07516	32.36180563
4501	27594	726.2160906	29.63817606
4501	28291	734.094473	31.65828812
4503	4166	185.91933	159
4504	17233	891.4031807	100
4506	14284	936.8509971	45
4508	12983	1965.254591	43.0647448
4518	26872	349.2757787	158
4520	10003	2984.714671	55
4521	3844	1642.126059	67
4523	5675	480.9733067	95
4539	21389	226.5153314	198
4541	16458	762.1808475	28.36356641
4546	20859	922.2419271	41.21271655
4548	4678	785.5231196	54
4549	8072	195.9889005	193
4554	2740	835.4797145	89
4554	11696	773.8348035	91
4554	17464	670.5589887	104
4554	28105	679.6828031	103
4555	3669	802.118253	124
4561	6049	5860.237772	46
4562	16467	185.471419	146
4562	27653	329.1949774	121
4563	27722	936.3789942	121
4565	19454	411.4418153	109
4574	20734	901.3157373	139
4577	15988	1597.520133	124
4580	2287	2596.462873	50
4580	27525	2583.372526	50
4582	1608	1053.072518	96
4583	12829	520.6910582	149
4589	5876	1104.15482	84
4595	11079	240.4305794	162
4598	23331	438.1684334	124
4600	8388	2504.928669	51
4600	12764	2925.489059	49
4608	28229	290.2445116	140
4609	5148	257.7467028	129
4621	114	212.0033618	147
4638	15536	210.7518447	245
4639	7942	524.2129306	144
4649	8061	3625.22943	14.35013486
4649	23778	3671.252792	13.1424009
4650	13048	1344.049286	97
4651	20572	994.8139697	73
4654	6314	374.7693294	133
4655	2353	1078.538181	109
4657	1130	399.9830176	133
4664	8715	535.1553415	136
4666	23125	2505.83479	41.21271655
4667	8904	381.403251	101
4667	26243	337.7571919	113
4671	8115	510.067834	91
4673	7263	749.7721472	105
4673	11697	769.1168554	103
4676	10352	420.2930163	131
4677	10607	604.9636118	141
4683	8022	437.969105	218
4686	17226	892.264799	118
4689	1951	221.2367834	208
4689	3720	236.3339153	190
4692	9539	1267.876266	70
4694	13076	1522.860304	81
4697	17053	395.2265289	123
4700	8717	474.7998742	69
4701	15813	182.8600347	224
4701	17654	194.9723488	224
4703	4691	601.3208146	105
4706	17390	973.7258603	96
4706	22514	993.1699209	93
4706	22931	985.3554566	98
4708	16247	1355.631653	88
4716	8619	314.5584583	131
4719	27536	372.3269979	110
4744	20032	996.2786949	30.97006447
4750	25947	448.0730428	117
4751	9981	769.5809718	91
4751	13175	736.3350875	103
4753	14248	439.8657174	146
4759	1539	603.1895273	68
4764	26247	1268.077837	45
4770	1125	559.5090072	145
4770	10688	539.3031818	158
4774	9976	1358.986654	88
4774	24289	1417.98461	87
4776	655	1165.426808	67
4776	8201	1164.294825	70
4778	7465	1696.485684	53
4779	14797	797.9886821	99
4780	6693	388.1035532	172
4788	24052	196.9350085	165
4791	5555	241.8854874	181
4791	20852	368.7122307	161
4791	24808	355.1932252	169
4792	17610	875.5548493	66
4797	4262	1865.865834	52
4798	6301	516.4720123	61
4802	24582	707.4050974	97
4811	4157	588.2439168	167
4828	12829	521.2646543	159
4833	11486	1202.867894	99
4836	23767	344.6470793	138
4839	4697	347.0313778	189
4840	20283	1173.227726	99
4842	6847	448.5106955	123
4843	22783	990.3903725	87
4844	16912	787.4063987	78
4849	21995	193.9889892	191
4852	19399	1864.357658	98
4862	6265	1021.088673	53
4866	16972	2946.357058	49
4868	7239	1583.444049	46
4871	5321	1149.449665	71
4872	9711	275.3685217	123
4873	16648	193.8239109	148
4873	20005	194.1431619	147
4880	9464	6616.019252	69
4893	8672	3207.232104	79
4897	6393	1005.286221	80
4902	4885	395.779357	190
4904	17107	186.2725296	134
4905	19755	876.7220992	135
4907	27086	349.8628787	130
4908	8343	1277.444822	79
4909	34	1984.195068	50
4911	40	3431.726841	55
4916	15659	340.6442572	177
4916	21918	336.05084	176
4924	9078	780.1862393	73
4926	6589	447.5664279	107
4929	3252	960.176984	63
4930	7382	951.8028572	130
4934	19925	624.4901021	96
4939	5728	283.281228	127
4939	16727	280.6372503	126
4939	20161	278.3202299	132
4939	27349	318.032783	134
4941	12652	1492.676229	57
4947	8700	1071.496397	148
4949	5728	251.5142091	136
4949	16727	223.9115133	143
4949	20161	248.2793841	136
4949	27349	284.8801323	132
4953	15553	516.3352321	91
4959	582	366.5327455	162
4959	6217	401.8892886	155
4959	10391	351.8795385	151
4959	21416	287.6373476	142
4961	23785	776.8560339	106
4963	2740	814.0799862	91
4963	11696	773.3899738	93
4963	17464	673.9694269	105
4963	28105	666.6363826	103
4983	19427	249.2873874	180
4984	12939	5087.744046	3.838282256
4984	17505	5167.05757	3.838282256
4989	21880	420.4691259	330
4990	7848	327.7410818	118
4990	27499	246.3908164	148
4996	17917	1071.325368	71
5001	21811	1157.09583	111
5013	7250	689.1252747	83
5014	24644	205.9691647	134
5015	1819	3774.440993	24.31888239
5016	12869	714.200543	66
5025	1672	708.8302264	108
5050	5841	3923.391564	38.58293741
5052	21734	472.0667349	179
5058	13902	1103.33546	24.859302
5061	14368	2752.308501	58
5063	23227	1185.136729	99
5067	15061	1881.839248	45
5067	25948	1821.394381	48
5069	12287	581.431104	71
5073	159	1658.830906	21.31433096
5073	14495	1713.61039	19.09611913
5082	5249	1745.523257	97
5086	14123	1379.495492	44.02173913
5087	1063	507.4065674	104
5097	13330	2464.024625	89
5102	4600	308.2198042	109
5110	3494	748.0374448	122
5111	14877	920.0449717	97
5113	4512	366.5534742	199
5113	6822	283.4470174	210
5113	8549	305.4805729	215
5113	10755	329.2271797	206
5113	14536	275.6956332	220
5113	14542	340.3595497	213
5113	18516	331.6437301	208
5113	19393	286.6008362	189
5113	21266	307.3078127	189
5113	23743	338.29237	195
5113	25589	278.5369317	211
5113	27271	307.556092	218
5114	10421	398.8047862	116
5115	12143	695.1682098	77
5116	16425	1639.533584	52
5118	10409	378.9155891	110
5118	11123	385.3869833	109
5119	15151	230.7435852	96
5124	23806	200.0706663	188
5125	1257	751.3005802	62
5125	11785	768.5220437	58
5125	11857	803.7380563	59
5125	15346	787.7352419	56
5128	1892	1164.875011	68
5131	11538	532.5425345	81
5132	12488	909.4423847	93
5132	23622	936.7425161	91
5133	7573	606.4285911	117
5137	4512	300.4003859	228
5137	6822	333.251862	210
5137	8549	275.1671112	209
5137	10755	369.0998649	215
5137	14536	318.426694	218
5137	14542	330.1984547	205
5137	18516	339.5499173	223
5137	19393	319.258249	191
5137	21266	333.6640175	207
5137	23743	356.9048205	222
5137	25589	271.8822817	219
5137	27271	315.3333692	215
5138	19855	285.1794058	137
5143	17226	1073.129104	114
5144	18194	678.5409021	76
5145	17953	760.7948369	122
5151	28198	1280.032317	146
5152	15630	1104.33109	95
5154	9003	1215.958484	69
5156	5068	1018.892046	52
5167	21688	1606.473595	61
5169	4385	1405.462715	50
5171	13586	338.3866457	144
5171	22841	496.5106118	153
5172	15694	521.2215444	102
5179	26341	730.9273502	44.02173913
5184	27855	668.0143255	68
5200	5555	247.9391923	186
5200	20852	332.6617235	181
5200	24808	311.7935945	175
5203	11347	653.804384	85
5207	14554	318.7351936	54
5213	11066	981.3560547	107
5216	1510	2957.480837	97
5216	4231	3175.249905	95
5219	2976	1080.984076	98
5223	2623	1131.515626	111
5229	19346	1840.830001	61
5230	27086	261.118709	145
5234	16285	690.1000964	72
5237	7926	1336.910181	142
5240	25180	407.6702985	133
5242	13217	566.2337715	93
5242	21746	541.8792438	105
5243	13173	1562.242543	19.09611913
5243	18766	1309.217904	24.859302
5245	15681	5337.313723	61
5246	26912	2815.625444	33.08095687
5248	19772	309.7490423	179
5252	3123	186.7462656	204
5255	11337	437.0264438	116
5259	6753	836.8619158	160
5260	18986	2521.952781	36.92365229
5266	6120	323.2879941	110
5270	19636	228.6509033	186
5271	28189	542.8658301	68
5275	6911	181.3730026	143
5282	13180	254.2677188	183
5284	559	550.0256532	56
5290	24526	665.3457651	106
5298	14068	1893.337542	114
5300	20880	3890.759637	76
5301	25338	1022.987046	71
5303	15328	3387.152779	72
5305	1990	1209.894899	102
5306	16099	3015.026637	43.0647448
5310	20929	926.7061412	131
5314	10889	1357.363843	129
5319	24731	386.0097964	145
5321	23660	1034.928278	74
5325	7362	1077.548177	74
5325	11507	1086.46946	74
5328	72	482.4819784	50
5330	24991	285.7286078	115
5332	12995	453.0962739	91
5333	6839	853.5107463	46
5333	22168	525.9645864	64
5344	18896	836.8770233	48
5346	6076	190.5870864	107
5346	11153	266.6425368	78
5348	17274	377.4858854	179
5350	11134	1301.539444	43.0647448
5350	23000	1301.539444	43.0647448
5352	2094	983.0348494	81
5353	7586	492.0031994	147
5358	14335	3024.874613	30.2968022
5360	14439	193.3598532	164
5363	7698	1821.107904	107
5367	4512	415.5900201	185
5367	6822	254.2692542	229
5367	8549	282.2130253	225
5367	10755	331.859946	212
5367	14536	307.6110732	216
5367	14542	360.2594724	214
5367	18516	336.3963476	228
5367	19393	313.5176675	194
5367	21266	267.0108791	213
5367	23743	323.4564155	218
5367	25589	274.1774702	219
5367	27271	304.2541253	231
5370	2072	546.1926406	86
5371	12598	2386.360175	55
5380	15394	1026.924401	124
5383	12448	779.2312124	180
5384	25535	796.8276797	103
5388	13620	763.4872212	128
5388	24914	935.6028451	127
5388	26145	1059.990262	124
5389	8481	1350.109255	61
5391	21277	304.5699713	139
5394	21881	1656.777289	44.02173913
5395	16526	565.8887679	98
5396	4436	1323.495025	55
5401	21067	2509.008277	107
5406	16684	1872.328942	72
5407	21802	1373.50024	97
5408	19343	3576.95674	57
5414	16068	2118.61828	47
5432	9388	1204.90738	121
5432	12623	1224.864046	118
5433	9800	1167.860871	105
5438	19109	1034.161473	46
5446	13228	957.8496176	80
5447	2914	484.613072	152
5447	4286	517.3842382	159
5447	19142	506.6285793	160
5447	19504	321.4694874	154
5448	28108	231.5905826	131
5451	26337	1319.195143	30.2968022
5454	10793	442.0912976	87
5461	5829	505.7812679	97
5464	2271	343.9547306	198
5464	13896	323.3873336	205
5464	17330	322.7070206	207
5464	26609	212.8675736	193
5464	27411	340.5487704	195
5469	4971	1004.271361	108
5469	19201	984.1958727	109
5470	23071	986.2283505	42.1285547
5472	17425	620.7753033	50
5473	7539	804.4577192	89
5479	4265	414.9848021	131
5480	12434	802.9051041	71
5483	26185	614.2236235	112
5484	11522	2679.686455	64
5484	23103	2724.479983	62
5494	21681	344.4414992	160
5498	16440	1121.354928	94
5498	17166	940.3979078	94
5505	23574	1446.24996	72
5506	16147	314.7464499	135
5510	6921	1718.216811	36.1209642
5513	448	4024.443366	66
5514	1588	313.9026985	89
5514	22171	313.9026985	89
5522	1565	1879.410611	74
5522	5783	2050.566291	69
5522	9448	1271.734847	73
5522	10758	1850.01877	72
5522	17959	1932.219891	73
5522	22618	1892.536355	65
5524	24030	1225.666607	87
5526	22641	475.6856317	152
5530	15918	580.0453017	121
5531	27658	490.0295581	109
5547	22687	731.031595	99
5551	14410	993.016025	91
5554	15025	1043.718147	101
5559	3751	893.1142784	109
5560	3043	543.3180804	113
5562	20339	1359.767994	85
5563	14912	747.4214717	117
5563	21604	645.1708918	119
5563	24585	617.0312162	132
5563	25664	738.7892715	120
5563	26788	621.571419	130
5573	22874	183.7696903	290
5575	23517	1836.491835	33.81608925
5576	17852	241.1316649	154
5585	9386	1277.944039	123
5590	28184	2878.999803	49
5591	2347	635.2177578	108
5591	23120	673.0364354	111
5591	25785	648.1691105	102
5592	1664	2655.946561	110
5598	26517	2227.814784	38.58293741
5600	624	817.3879258	82
5600	24929	824.5978182	82
5604	17724	445.6253136	121
5608	27400	810.5382927	63
5609	11656	716.0695605	111
5610	13920	2894.589029	92
5612	6095	1121.887242	79
5614	13049	845.2410758	112
5620	15566	189.0984472	150
5624	4346	789.7708135	78
5627	898	585.8690095	138
5631	17972	283.3504095	112
5631	19241	285.0085479	111
5633	10426	205.3012439	191
5633	15669	205.3012439	191
5639	11020	843.9766348	117
5642	14339	1238.108183	96
5645	24964	605.2735516	170
5647	19988	894.8123052	67
5654	16149	282.8501396	166
5659	15397	1251.54185	107
5663	27759	301.3752599	106
5664	16006	265.8702985	147
5666	20460	593.1271378	78
5669	15129	1723.087179	79
5670	8896	209.8048363	152
5679	12665	1132.239619	31.65828812
5684	6172	1031.171959	120
5685	10176	1667.381781	64
5693	9454	924.5218752	142
5693	23776	922.9806558	142
5695	17325	1141.315401	82
5699	24270	4385.706935	73
5700	16398	249.495129	194
5700	22904	270.7156042	199
5700	24154	286.4608687	188
5702	15196	2402.651574	39.44033602
5708	4690	221.5955342	269
5712	27590	514.5148782	101
5714	15100	560.5078045	119
5718	1812	2358.708053	86
5719	21061	520.0749081	119
5725	19454	365.2038943	125
5729	14315	5303.796881	64
5733	26027	575.5686973	113
5737	14890	1117.995521	154
5738	7654	191.3592616	247
5739	20015	224.0990896	201
5753	28222	558.5942085	117
5760	22906	197.4797045	128
5773	18082	780.5047494	118
5776	6399	271.6001229	129
5783	6985	206.0194004	226
5784	27451	1050.663924	57
5786	24633	424.9208076	114
5792	17403	1378.724268	58
5794	6397	777.6289114	88
5796	704	653.1266986	102
5803	5041	246.9689718	133
5813	3879	775.8670524	112
5815	4523	1767.059912	60
5819	5987	276.8396728	76
5822	1954	1131.26367	139
5831	23900	752.1019689	54
5835	13135	218.9370907	95
5836	19705	192.0732557	134
5845	5197	1302.114056	61
5847	23012	1064.659876	38.58293741
5851	27643	803.6504932	109
5854	1510	3042.196806	95
5854	4231	3270.1167	93
5861	16781	276.2030875	165
5868	904	917.5941789	25.97643606
5868	2348	692.5014891	22.76709704
5868	5660	908.4588507	20.39769385
5868	6840	860.3919684	22.76709704
5868	9853	917.5941789	25.97643606
5868	13158	908.8936387	21.78798276
5868	15885	930.9796463	22.76709704
5868	16567	897.070928	25.97643606
5868	16574	880.7836434	20.39769385
5868	18695	870.9330122	24.31888239
5868	21772	864.2172962	24.859302
5868	22832	927.4621775	24.859302
5868	27923	917.5941789	25.97643606
5870	15113	807.1266916	47
5878	14797	811.5854917	100
5880	6443	6205.938409	49
5881	11963	654.2967484	159
5883	20181	663.5859828	108
5883	20974	711.0809706	103
5884	8949	566.1917127	159
5884	21958	433.1614115	166
5885	6960	1126.591918	125
5891	3553	2859.61898	75
5892	10094	611.4768548	38.58293741
5892	25771	600.1961437	38.58293741
5893	11491	1393.658045	87
5894	25931	479.2269692	83
5901	7654	194.9484267	259
5908	14797	819.2644293	97
5913	24277	418.1199896	115
5915	7678	1471.751513	81
5916	19636	209.7064076	199
5919	6099	336.4120058	259
5925	27087	346.9965038	66
5926	23041	912.5567356	105
5929	13225	1728.528272	87
5931	15154	890.7228226	43.0647448
5932	6132	1234.781151	84
5932	9908	1135.879804	92
5933	5310	603.5289005	124
5933	22005	659.9991666	124
5937	27317	494.5897571	132
5940	21149	568.9379232	127
5942	17167	2257.248898	98
5945	2279	233.8533612	179
5945	5112	197.3564329	181
5945	14346	243.2986869	166
5947	12609	505.1196586	127
5950	21123	804.579748	101
5955	3096	827.5932825	117
5959	19079	389.7847465	50
5968	3012	1247.139464	78
5975	17273	501.9918111	72
5979	25090	296.4505147	136
5981	15993	245.6468174	156
5985	22697	856.7369167	104
5992	17211	654.7347426	149
5993	20791	707.884849	117
5994	2536	553.5542389	63
5996	21066	1120.048807	105
5998	2740	823.2601235	90
5998	11696	757.8907508	94
5998	17464	659.5923292	107
5998	28105	661.3190684	106
6003	24968	6447.232414	62
6017	17998	378.8342768	128
6024	7348	1691.658813	64
6027	14027	1686.219178	100
6040	16576	588.9957045	124
6046	22396	2057.791772	95
6047	22299	361.8157674	115
6050	14027	1659.967022	102
6052	26665	246.7600841	167
6056	19540	1079.76515	57
6059	4538	814.6858948	152
6059	11641	816.9954146	155
6069	23464	841.2805863	92
6072	12603	3010.428914	32.36180563
6072	18724	3160.912437	28.99386789
6074	7432	477.2324738	128
6087	10339	445.375022	72
6093	18979	420.0342876	89
6094	5728	264.0672642	139
6094	16727	326.4708864	128
6094	20161	269.8992886	137
6094	27349	280.9513771	143
6095	25199	186.0782791	183
6096	20012	4066.551512	36.92365229
6098	5479	837.4222506	59
6103	12726	414.7928566	118
6103	16628	327.0938902	138
6103	28331	324.694884	138
6107	21636	195.7860009	124
6108	26261	811.9284136	61
6111	27122	9695.641194	61
6113	1017	416.6500026	170
6120	14254	1009.877094	120
6124	6746	2015.576746	71
6127	26980	183.1756609	232
6128	16847	282.9905872	128
6129	8490	201.1969891	243
6132	17344	629.8204373	121
6140	6491	373.1660233	89
6144	339	900.1543808	82
6147	1767	355.243741	189
6149	16657	1365.596744	126
6149	23816	1074.572928	132
6153	7689	657.603713	96
6154	23965	605.6016951	133
6156	12688	1033.520809	59
6157	21348	247.2981342	254
6166	16764	2390.245121	79
6166	23721	2220.627892	82
6168	12	1061.288748	67
6172	9800	1207.654061	99
6175	10920	1116.010997	43.0647448
6175	27957	1011.577884	42.1285547
6180	2609	718.4761954	91
6180	28073	721.9287786	91
6190	19338	2225.478645	101
6191	24618	466.955	111
6192	11009	2017.47486	30.2968022
6201	5375	368.9156573	149
6205	5570	3573.073	30.97006447
6206	23660	1049.94704	71
6207	24299	361.5543224	98
6211	11473	6212.245024	91
6213	25103	654.5285426	78
6214	2804	208.6463006	226
6215	3675	507.8132241	73
6216	649	468.6761007	91
6228	16587	542.5037353	129
6228	19939	696.0336953	112
6236	22933	255.6459811	146
6239	14567	1446.517115	73
6241	24827	269.0384919	197
6242	9814	1505.333272	69
6246	3082	1419.606632	40.31678793
6248	3228	1059.275517	85
6250	17223	998.8349758	113
6255	26386	1969.75551	100
6259	10955	759.9474115	88
6269	26603	1121.700456	123
6271	14860	1100.881726	85
6274	12667	499.9096283	35.33572585
6275	773	3138.939598	33.81608925
6276	23152	1055.674605	49
6278	25491	282.5737737	153
6283	13570	612.3393433	102
6284	9543	423.1777732	145
6288	2520	246.6651452	253
6293	6509	382.7614207	131
6293	26057	348.8043562	136
6296	869	537.8350685	42.1285547
6296	15617	527.1659772	42.1285547
6297	22599	444.9747152	85
6298	15510	463.774154	110
6300	6412	700.8503874	96
6316	8871	1807.160737	121
6316	23431	1866.881131	107
6322	21238	878.6472945	70
6323	1206	752.1687179	113
6327	11190	333.7709949	136
6333	9952	1583.464727	135
6345	22590	5211.037769	27.74696714
6352	2712	232.4733141	215
6356	27557	1159.885585	77
6359	8648	267.4408229	209
6360	13545	610.75569	46
6363	2900	878.3382463	64
6363	6417	833.3198854	45
6363	12507	1049.05307	50
6366	19454	290.5672029	121
6367	1987	864.6231561	109
6369	11171	629.1736237	84
6371	15377	3732.290348	59
6372	25727	580.04921	118
6373	19506	367.1114028	126
6374	23141	1762.596707	27.1437722
6375	13674	342.407435	83
6380	15333	197.9488846	179
6381	8329	507.1173351	161
6381	8570	411.6675275	170
6383	14794	825.5095645	161
