3	1173	1226.712576	63
3	4642	1278.484101	63
3	20014	1277.264049	63
13	8978	275.8237116	140
14	16015	408.9807425	213
15	14882	1266.38828	62
15	17071	1260.594438	53
16	9161	1127.360371	116
20	13359	463.6827931	139
24	11399	608.2839638	164
27	6592	701.6311922	96
33	1930	207.9463014	245
38	4608	482.2965275	79
39	6090	2813.080332	57
39	10486	2684.989625	61
40	809	1873.532585	129
48	15892	1034.166154	100
49	6078	1671.646334	51
51	18785	602.6493428	50
52	14233	1558.705716	118
54	11061	537.5519757	131
56	2548	194.474963	250
59	15778	2687.846138	37.7441779
63	20603	962.778961	135
71	18325	463.3824719	112
72	13965	1380.166522	133
81	7995	3605.707151	79
83	13125	1482.589987	56
100	18843	3047.304142	32.36180563
101	1044	501.1339008	33.81608925
103	18964	415.7796567	137
107	7122	854.7620785	44.02173913
108	6988	1206.723058	100
114	959	324.2978858	148
115	20506	2412.777025	36.1209642
119	3401	438.5639673	85
120	16266	232.5332977	153
122	20626	998.5537536	110
123	11112	273.211475	216
123	12852	332.0495293	186
125	8160	1078.081926	46
126	20286	298.5278273	80
128	9334	187.393985	134
129	5418	280.7158415	128
129	11380	304.8464283	125
129	18131	309.581488	110
130	1886	616.4811316	176
135	3232	603.1854985	110
136	15945	1787.28957	70
141	10128	1511.102722	87
148	19404	400.4889951	89
149	998	1208.877792	113
149	16518	1045.405796	120
153	7363	1167.444987	70
153	18901	1205.209063	67
155	8366	787.6918615	129
159	4412	1140.933807	94
162	8106	226.8608234	237
163	5284	1798.804831	53
164	17790	1916.736501	64
165	17894	541.6003343	181
166	2954	1366.082168	94
173	11465	2587.010255	97
177	8833	276.3882417	227
180	6218	3664.365655	73
184	8109	585.9445389	86
186	19472	482.0851738	106
190	7840	303.9922825	144
191	2382	579.9458998	62
192	20214	363.0894468	155
194	13592	311.5414466	134
200	6676	320.5355339	72
210	6337	230.7092955	105
214	1542	2292.427692	92
214	2242	2388.561861	87
214	9702	2293.240774	88
217	6885	254.0093512	201
225	16766	938.9149854	55
225	17113	946.9696372	54
229	15927	978.1847137	76
229	20427	1043.246159	71
238	11858	482.4103918	90
239	1250	309.0860237	153
239	4238	228.6980815	170
239	8785	312.6490921	153
239	16651	270.1869876	175
239	20054	322.4322461	162
242	7385	339.0965003	77
247	8796	184.8785094	168
250	10540	278.9920887	139
253	10909	1888.108059	76
255	8202	1657.691432	79
259	7585	223.4529908	205
259	14827	240.5117388	205
259	16151	227.2290547	201
266	6556	258.906774	161
266	8520	256.2294144	162
267	20452	878.736379	112
268	1577	3327.047418	59
268	19190	3192.74471	62
275	11960	729.3071997	70
278	7233	2347.295289	41.21271655
278	15422	2437.294402	38.58293741
280	10386	377.8593921	73
280	13152	335.222507	83
286	1799	617.0235954	36.92365229
287	4332	272.0794538	182
287	13843	275.9631021	165
293	10609	4830.80552	39.44033602
295	5725	1487.840137	71
295	20572	1491.258042	71
297	138	704.8211327	169
297	8005	744.1703571	168
303	269	2059.289643	64
305	6035	2588.666724	39.44033602
305	12137	2894.273428	40.31678793
306	8799	2376.893603	41.21271655
306	16723	2415.342587	40.31678793
307	11073	300.5963429	157
311	16244	362.0167221	158
313	12927	221.9336633	132
313	15385	241.9305067	116
319	12359	1701.550706	94
321	9030	2930.60692	48
326	16184	355.838571	160
328	1304	325.6669955	238
330	2706	366.4398337	142
338	11090	935.9764683	65
343	1763	1297.533678	28.99386789
344	10444	685.1970874	74
344	16984	737.4325425	70
347	10650	289.0225686	137
349	9122	957.3181643	104
350	713	232.9691667	214
350	7011	192.4821332	210
352	15429	184.1289224	167
353	7765	2185.016067	61
353	13647	2176.863083	58
357	10670	2586.899356	54
363	17404	673.3043769	122
363	18838	650.1426459	122
366	9901	3248.315998	83
366	17243	3219.197545	83
385	19829	1031.219209	33.08095687
386	7577	843.1550348	112
387	730	277.847802	227
390	6720	390.5338854	125
394	18499	2512.236671	73
395	8321	1265.696057	96
395	15162	1424.123172	94
396	9237	572.0204296	124
397	13553	1201.324957	115
402	10761	239.7372889	88
405	19857	1513.731777	73
413	7935	1402.436758	72
415	6741	1327.513897	79
418	16465	216.5629046	131
421	16640	506.5992956	134
422	16425	368.7111722	125
423	7211	242.2419176	113
423	13348	228.3761911	119
423	19004	265.7339033	104
427	12086	260.5499614	90
428	6496	425.9472218	141
429	15895	1216.935996	31.65828812
432	13360	626.8058839	132
433	1903	427.0665855	118
434	5697	707.5082566	116
436	10732	1180.08012	128
438	294	821.6426507	49
438	1276	833.1205801	53
444	5793	1139.359333	60
444	9809	1300.343225	60
453	6321	1851.07781	82
461	14334	873.5056938	89
464	5310	332.7252673	99
464	9860	361.5384859	97
469	1177	1841.411383	75
473	4391	1728.834555	116
478	20038	767.5324011	130
479	10131	2904.512172	45
480	12725	493.5995143	94
480	16675	463.6969955	99
482	8713	251.7220997	242
482	8957	206.4949345	220
483	6801	1131.821384	99
484	15394	1041.402251	130
484	16225	1041.775067	130
486	9482	251.2586097	95
487	10475	809.830128	57
487	15968	775.8392327	58
487	16526	754.8986874	57
487	18744	866.2628661	52
489	18515	4137.577651	65
492	11941	360.7069472	74
501	8734	267.425748	146
510	17511	211.6258382	144
514	8980	1852.314058	116
515	12614	1708.403175	73
523	4983	1051.687867	95
536	8130	2552.458823	75
543	4449	1392.765933	71
546	1043	351.4046871	66
546	2812	288.339918	71
546	13960	292.1610357	73
546	16603	237.1233412	85
549	3081	3438.70698	70
549	5345	3257.584635	71
551	9316	192.9283758	195
551	13256	200.4699562	208
554	7067	1170.219358	134
557	10544	1418.715154	150
562	5718	3973.851569	76
563	2513	633.1441086	118
564	17989	1873.402418	66
574	19612	983.4011013	82
575	16382	529.2001974	93
576	14559	1077.601274	110
587	2538	263.0465746	194
588	11046	2320.217279	69
589	814	302.9845418	134
589	2303	352.1238999	138
589	16695	349.7241378	124
589	19933	323.6831171	149
599	19652	1203.644661	127
600	15960	198.0437303	202
601	2068	2480.566072	74
607	11606	874.7494298	171
608	174	353.040748	140
618	9567	442.5236739	79
622	8725	810.1590034	107
625	13471	988.7915863	97
626	4563	1044.574046	105
626	12446	998.7909869	103
627	6758	1478.277561	22.76709704
627	16150	1094.404075	33.81608925
627	17067	1487.138059	22.27216015
634	14591	954.7460973	79
635	15320	1931.404385	42.1285547
639	5087	213.2518712	189
640	4762	362.8524213	102
641	1326	3064.809453	57
641	1860	2872.326521	65
641	11661	3071.157398	56
645	17091	528.8919912	77
646	19085	184.3535032	203
648	12082	1003.581744	66
649	9866	238.6589302	120
650	709	358.9551327	48
650	2124	375.6378142	45
651	11018	1366.676019	71
651	14755	1320.830217	74
652	4991	2840.370325	47
652	17977	2844.143763	46
653	10756	1737.036213	48
656	17086	4499.785397	56
657	1611	396.7614307	185
657	4607	386.8944952	191
659	5584	883.9578508	105
664	9880	1370.340881	65
668	1372	1140.424296	25.97643606
668	3949	1163.559891	25.97643606
668	12119	980.4772639	26.5536902
668	18028	1077.048414	25.41173093
670	331	1343.205072	23.27303253
673	1460	5362.482783	40.31678793
675	15623	1604.654149	123
676	14841	1869.64534	85
676	18660	1885.383788	85
676	19380	1605.056628	87
680	1011	349.6386493	69
681	11261	508.2698253	99
681	12677	434.2060078	106
681	18787	403.146264	109
681	19684	338.3728107	105
685	4996	1004.346844	120
685	6629	928.9078261	126
690	1649	1170.427795	81
691	16832	946.8515467	109
692	12520	2642.040005	120
692	15081	2720.907245	121
697	15272	729.8651754	52
699	5562	1060.487939	137
700	6715	1611.811298	66
701	10436	1052.57256	158
704	6652	221.7831941	128
705	1599	445.238951	122
705	16371	471.7409389	111
706	8926	1074.679876	36.1209642
710	5164	2521.242953	87
712	4265	298.4752364	127
715	10890	2731.182904	82
716	15563	228.6038979	203
717	14959	238.3869189	223
720	11940	592.5011509	150
720	14597	580.3825993	158
723	12563	590.2228272	122
730	3757	373.789153	125
730	4530	334.1037755	132
743	8824	770.3793008	67
743	9988	574.938219	79
744	18144	1510.30174	115
745	3529	1511.541701	74
745	19970	1554.313758	73
746	5130	485.2447486	120
747	9769	803.1715331	85
750	5545	1437.624006	74
752	18459	349.2025477	152
753	267	1765.107433	177
756	17781	3075.829336	44.02173913
759	5850	1480.984414	116
764	7656	283.3884919	92
764	15994	293.3634579	89
769	16051	1087.892329	105
770	16121	284.5730363	134
771	13316	1087.262128	110
772	9271	1870.578152	33.81608925
772	12950	1711.771356	39.44033602
776	8471	874.7593826	143
778	2330	367.9246761	178
781	16864	1036.95116	111
784	8465	1311.980092	95
784	15601	1323.46287	95
790	3631	341.0842685	181
792	5039	500.3943158	59
793	17252	650.7449064	80
798	11167	1846.507556	100
799	17179	485.0860377	26.5536902
805	5857	1341.082073	49
805	13720	1143.561314	51
808	11666	354.1187209	108
808	18952	356.7331978	107
824	6783	1182.065114	43.0647448
824	15001	1039.588426	55
824	18302	1060.88607	52
829	17835	258.5014142	139
830	4420	351.9384543	64
830	16268	356.2026898	63
830	18373	352.9081588	66
831	6481	539.9042604	121
832	17963	1943.736288	92
832	19274	1886.728677	88
834	11640	832.700658	102
837	12560	483.8691335	63
838	1535	613.8246279	104
843	805	218.0936416	171
844	10201	888.5887932	53
846	19917	551.4569806	135
852	6438	1596.995074	119
852	16630	1521.779351	123
853	12011	1816.120579	49
863	5670	3258.3089	69
865	3339	238.1912828	196
865	6432	226.447952	199
870	12196	1099.162375	33.81608925
870	14099	1164.753543	36.1209642
872	17955	548.5348941	158
874	11053	894.5843135	122
875	747	2555.172009	113
878	2786	954.4927922	20.39769385
878	3120	966.2492383	19.09611913
878	3330	971.4587007	19.09611913
878	3715	969.979508	19.09611913
878	5388	967.1723055	19.09611913
878	5919	939.5978336	21.31433096
878	6799	993.7652918	20.39769385
878	7754	971.4587007	19.09611913
878	10738	915.1873661	22.27216015
878	10929	978.7755742	18.27487772
878	11307	969.979508	19.09611913
878	13003	944.7476778	20.85097594
878	14382	916.4956937	21.78798276
878	16054	957.6605349	19.95426572
879	12155	1081.437821	37.7441779
879	15312	1152.476706	33.81608925
883	5775	594.9746751	160
886	5516	3667.600567	58
887	7204	552.8454502	109
894	12439	1174.046204	80
898	8087	256.695369	156
903	4996	1003.403908	120
903	6629	928.0028921	126
907	6202	261.8288451	186
907	19215	280.8019573	189
909	17435	1443.754141	94
911	3780	441.6124193	130
914	11691	7032.754093	84
930	13451	4735.930342	149
934	13614	515.3240164	115
934	19365	504.4411112	112
935	978	875.8164629	114
936	7383	491.4797803	86
940	14264	789.9036468	105
943	15942	831.0571441	105
944	1542	2304.29975	84
944	2242	2290.892374	85
944	9702	2205.842173	89
952	531	1908.828085	37.7441779
955	20257	1430.924208	71
957	1401	468.9311356	145
960	1962	963.8884287	116
968	18498	1128.7749	20.85097594
979	11636	241.3470984	236
980	10932	2870.338055	78
981	590	1881.815949	94
985	19097	674.5692273	136
990	18097	5641.137382	69
992	8672	3940.080151	38.58293741
993	15817	656.7989678	130
993	18721	390.0975601	140
994	3051	1750.04415	19.52047734
994	8257	1853.324141	16.37298599
996	10262	6101.615111	74
998	2291	699.8456396	83
1002	2049	459.6025821	55
1012	16844	600.5466258	80
1015	8036	4867.131008	55
1017	3353	1371.260218	67
1018	3588	324.1428711	84
1026	13380	297.4084805	110
1036	5857	1350.393346	48
1036	13720	1152.49275	50
1037	18916	230.8509529	125
1039	4259	578.3156484	57
1039	9591	561.5757878	59
1039	11215	571.8875673	58
1047	20423	226.2004045	257
1051	8686	376.5559288	207
1052	7371	1769.76329	96
1052	8876	1672.399368	102
1052	20431	1762.776328	99
1053	9336	3953.421643	102
1056	16624	196.5019526	164
1057	263	959.580613	109
1057	5132	917.9594802	115
1069	3033	517.9623449	129
1069	7759	454.7234964	132
1072	12779	518.1889704	137
1074	737	393.6435096	121
1074	3119	413.3719417	121
1074	4764	395.3861906	139
1075	9748	952.1920316	125
1082	5618	294.2147409	140
1082	9824	342.7479983	147
1082	16162	383.8374174	133
1082	19587	403.6700166	134
1083	813	1391.890511	50
1085	19770	416.7890484	129
1088	814	310.6213088	147
1088	2303	328.8412053	143
1088	16695	372.2311595	126
1088	19933	354.0436258	137
1089	17311	1099.156813	88
1090	7485	1554.160647	85
1090	12653	1588.715921	85
1090	16188	1448.688303	81
1094	3068	1610.832649	96
1095	271	471.9358969	98
1095	3546	754.3986232	95
1095	12580	758.0307331	97
1099	19864	1504.516732	87
1103	7352	2464.739733	46
1103	14870	2481.961571	47
1103	15221	2516.57157	46
1112	17865	1115.415966	60
1116	10145	340.2230631	115
1117	20140	1033.626041	119
1118	7371	1782.012419	96
1118	8876	1721.457257	100
1118	20431	1751.060251	99
1119	11684	3760.628692	23.27303253
1123	15591	208.6945869	133
1124	5183	218.0067355	151
1124	12704	210.7863434	153
1125	4830	1275.829174	86
1125	20560	1319.993332	84
1126	9667	835.623919	33.08095687
1126	19506	885.851049	30.2968022
1127	12563	625.3405888	116
1129	18455	395.727462	165
1133	9660	1022.751952	93
1134	19536	1584.300094	104
1136	1326	2992.091466	59
1136	1860	2820.751662	62
1136	11661	2997.618856	59
1138	6667	491.8767304	103
1147	2578	230.0214397	309
1153	14207	1813.933988	50
1167	2216	366.8970761	155
1168	7289	197.3662935	126
1170	12161	307.4099376	110
1170	12245	282.8255169	121
1170	12979	307.3946695	109
1170	17383	277.2642011	111
1178	3567	1271.888473	130
1178	12893	1245.72867	127
1179	8264	406.0200871	159
1181	14722	705.2557659	90
1185	17538	241.7858682	61
1187	18802	2113.247266	110
1189	13666	543.8183036	119
1190	20013	460.8838166	65
1191	5197	1289.461595	60
1193	10318	1230.242892	56
1193	14081	1269.331664	54
1195	18786	6274.550121	46
1196	4111	366.0606031	123
1197	8806	1617.946475	57
1197	10781	1576.413609	57
1200	7042	1164.461329	153
1202	3971	710.8241349	103
1202	14890	845.3472986	104
1206	20033	560.8488982	179
1209	12228	840.6778612	58
1214	18187	779.2817143	111
1215	5773	602.9942875	102
1215	6990	579.2379079	112
1217	7868	405.5559681	55
1217	12565	327.3410948	71
1225	169	2477.557747	68
1233	13084	1147.018887	63
1233	14955	1218.319943	58
1236	4914	1461.784064	105
1250	16872	232.8444463	199
1252	6758	1485.525814	22.76709704
1252	16150	1100.865994	23.79021103
1252	17067	1494.368854	22.76709704
1253	10669	588.7908122	106
1254	7451	2913.628462	80
1255	4138	805.4041838	44.02173913
1255	12066	766.7166603	47
1255	12444	771.5357213	47
1255	16804	788.4974438	45
1255	16859	791.7592904	46
1258	6281	182.6164796	179
1261	11418	1096.223975	59
1264	3832	1898.336237	58
1265	8672	3710.480999	42.1285547
1266	17389	864.6114659	73
1271	11888	1849.339598	97
1273	11843	1176.485892	88
1275	3797	813.8214285	136
1275	12163	823.5692694	137
1279	5569	686.4515526	126
1283	17052	763.695151	79
1286	8118	559.7174232	112
1286	20344	436.7412162	114
1291	12658	8648.685239	66
1291	18476	6227.525087	65
1302	14282	1288.740622	67
1304	20402	2199.071933	108
1309	10613	554.2893044	40.31678793
1310	11941	349.9583267	79
1313	3464	421.6636941	156
1313	19801	410.1254631	150
1314	1989	2179.102942	124
1315	19619	268.9178901	123
1316	17209	1496.471358	77
1321	17648	800.4295836	111
1325	797	232.6557851	170
1325	12411	270.1751135	162
1325	15313	342.8828563	157
1338	15663	191.2052712	147
1339	17518	258.0883659	80
1348	1887	206.045631	109
1354	9376	1789.812803	113
1360	6968	584.8972299	148
1360	20623	467.2360133	154
1362	10	2971.862913	88
1362	11481	2934.018481	79
1366	17181	2991.957564	73
1366	17376	3058.68546	71
1367	14782	648.8730433	93
1374	1847	1231.611808	34.5675579
1374	10427	1225.798921	34.5675579
1383	1891	425.3007023	174
1384	16417	1525.961743	52
1392	465	329.9453166	245
1395	11662	297.6291622	146
1396	7414	864.8849111	126
1400	11326	678.4592279	80
1404	10057	835.3317911	76
1407	20390	390.5401229	194
1410	19198	1127.939934	156
1411	11672	1939.804777	44.02173913
1414	3660	570.7580714	60
1415	7459	537.6113532	109
1415	10259	541.7152499	106
1415	20191	638.7870346	107
1416	949	2814.809993	48
1417	1564	5681.251246	95
1418	14529	612.7093993	97
1423	16433	677.575392	123
1424	2552	646.9662888	112
1428	1434	2375.894486	68
1431	16856	275.9205152	185
1432	15135	275.6006643	163
1437	19183	549.1529074	100
1438	6942	1242.663406	48
1439	8362	863.4662122	76
1440	19081	226.3512003	142
1455	2688	590.8062786	120
1456	9906	1689.184524	98
1458	9265	1078.05583	45
1463	18023	549.5823528	81
1463	18914	541.0028199	87
1464	20451	2867.378787	50
1466	20521	914.8148225	70
1470	16733	730.8110993	67
1471	7045	2161.505535	60
1471	16286	2063.940196	60
1479	6846	453.8395372	104
1487	12098	464.8802572	142
1496	13627	1058.302072	121
1498	10600	907.13367	52
1499	14021	3622.728103	79
1500	18673	1563.42435	126
1501	5938	438.2653296	43.0647448
1502	5658	2201.104323	81
1502	18658	2090.137672	78
1505	4553	666.6822373	94
1507	8018	197.0696731	195
1513	6732	340.2939486	86
1515	14169	220.1183578	199
1515	15518	219.3612014	216
1517	9716	1199.21566	95
1520	19643	273.2430742	180
1527	7376	2194.116506	73
1532	1962	1127.360783	111
1539	950	441.5926825	76
1539	13438	559.9792698	73
1541	8316	1895.022438	80
1546	479	1027.769226	95
1550	11948	256.4637086	118
1555	14820	477.0766964	157
1564	14962	1867.927321	47
1566	15857	816.4578019	165
1569	15587	1504.355225	58
1571	16498	5039.889763	61
1584	9047	942.1481955	43.0647448
1584	16301	939.0430178	41.21271655
1590	18745	1045.467158	71
1597	4003	1162.940009	126
1601	9332	987.0136721	56
1603	14033	1812.619889	47
1604	14711	1163.441045	87
1604	14800	1251.004532	80
1615	13541	255.9355478	211
1619	13161	1604.366846	44.02173913
1626	19460	487.6780584	157
1638	3381	749.2445167	24.859302
1639	9112	1043.966213	114
1644	1112	796.257774	58
1644	5069	742.5275343	56
1644	6948	827.0262215	55
1644	18829	772.7448562	59
1644	19651	755.3777881	59
1646	2923	2630.19944	39.44033602
1648	6682	1698.138135	85
1648	10342	1731.777633	83
1648	11944	1743.223273	80
1648	13935	1715.054716	83
1653	18381	392.4137145	75
1654	7981	563.579865	180
1655	15844	353.4680002	148
1656	17857	929.3957569	117
1659	4093	299.2925813	145
1660	16410	277.7164401	117
1661	6923	726.4822048	33.08095687
1669	15674	1863.026566	78
1670	5344	2050.38459	42.1285547
1670	20637	1970.540206	42.1285547
1671	11445	579.3146858	92
1674	11529	2908.742987	39.44033602
1678	18239	267.2718202	161
1679	6678	1262.506537	25.41173093
1684	10480	1669.812825	80
1686	9671	1730.008352	75
1686	10893	1615.258695	77
1686	19147	1730.008352	75
1688	1230	13661.65456	47
1691	10076	824.3659975	131
1691	14445	753.2575766	140
1696	12167	1469.325216	49
1700	2291	798.9781529	82
1701	10581	218.8801444	95
1701	11284	204.2421249	108
1702	1064	1415.192657	64
1702	8423	1223.086228	67
1711	14052	240.4784494	124
1715	12674	578.6591225	102
1716	11982	2305.147772	71
1727	12774	225.3915867	160
1727	13624	270.4118303	133
1727	14121	242.5362956	152
1734	3189	1393.627833	71
1736	9999	2665.610167	87
1742	8070	1917.964981	62
1742	18347	1829.14986	60
1745	7262	399.6770924	124
1745	12002	383.1877927	121
1752	13797	192.9326669	81
1754	411	1044.729558	25.41173093
1754	10432	1036.325652	25.41173093
1754	13615	1044.729558	25.41173093
1758	5230	205.2775423	145
1767	5310	244.1999907	117
1767	9860	241.2769149	116
1770	4571	386.9704419	81
1770	7506	374.2846454	65
1770	8593	429.1720152	73
1770	10082	388.6251901	80
1774	18264	189.6255387	229
1774	19912	210.7223475	212
1775	8878	1535.403781	57
1777	2200	210.8309745	158
1777	4826	228.8197538	170
1777	5997	357.6724959	157
1777	13459	259.3930999	164
1777	19635	299.1795692	154
1781	8708	6486.198795	126
1784	1064	1465.880922	66
1784	8423	1282.424942	71
1786	10992	715.232783	120
1791	6336	276.9724245	202
1795	20364	232.004384	133
1799	6829	1804.74925	112
1799	10883	1875.238583	109
1801	5935	349.3236309	137
1801	17646	317.253036	140
1802	11536	1504.061081	114
1802	18303	1502.476341	112
1803	19603	231.5592861	180
1811	6599	771.0531339	72
1813	2482	3058.135088	71
1813	5580	2877.164893	72
1813	19739	3111.573564	70
1823	13226	572.6919346	106
1823	18595	566.5580709	105
1823	18602	541.5116775	109
1828	411	1056.917548	24.31888239
1828	10432	1048.515928	24.31888239
1828	13615	1056.917548	24.31888239
1831	9761	1028.835891	71
1835	15389	878.9843849	82
1838	16226	336.3046026	114
1838	19991	311.1659019	117
1842	2757	431.1418473	138
1843	17253	1791.571694	87
1850	20033	712.5911123	189
1852	8830	378.8673684	108
1855	4259	576.9019709	57
1855	9591	560.1667282	59
1855	11215	572.1791023	58
1856	9111	289.3671918	224
1857	6152	337.3951734	152
1864	15012	1336.911057	30.97006447
1865	6407	426.4280913	184
1867	7505	570.7840258	58
1867	17203	514.977055	63
1870	15695	1926.068035	60
1879	10131	2962.867831	44.02173913
1880	18449	2302.119024	67
1882	1903	442.9059416	106
1883	13168	735.7135349	155
1885	2873	850.220017	42.1285547
1885	14350	879.7891077	42.1285547
1891	10475	809.7787523	57
1891	15968	775.7952261	58
1891	16526	754.8473117	57
1891	18744	866.1736453	52
1893	1846	417.7824951	96
1893	10751	252.765616	116
1893	18465	299.2018186	128
1897	9667	868.3215682	33.81608925
1897	19506	918.226374	30.97006447
1898	7107	1312.867295	62
1899	10	2795.4246	82
1899	11481	2817.139093	81
1900	19222	843.4266737	92
1903	5539	788.0489666	137
1903	7085	733.9416651	140
1903	10517	816.9880231	134
1903	15794	750.3857232	145
1903	19092	788.0489666	137
1906	11031	480.028161	67
1907	71	724.5592402	115
1907	19175	735.7666699	116
1914	5365	6094.383914	94
1919	8335	1219.729275	99
1920	382	1329.263097	81
1922	2862	2343.424061	55
1925	16499	315.5770896	171
1927	3423	3376.275722	29.63817606
1927	4381	3354.915617	30.97006447
1927	5126	3390.867932	29.63817606
1927	11373	3395.669114	28.99386789
1927	13568	3384.956319	29.63817606
1927	17292	3393.715615	28.99386789
1927	18696	3374.930922	29.63817606
1930	18424	969.9904165	62
1939	14971	586.8871365	117
1944	13334	2872.264804	33.81608925
1946	11798	870.1041861	154
1949	6032	893.1033497	143
1950	17446	951.2314337	49
1951	1794	815.7052669	88
1955	1329	1026.747997	96
1955	2054	1005.226221	98
1959	2395	587.8702252	119
1962	7907	471.9057768	98
1964	8807	3606.424442	57
1971	8424	2947.296725	81
1973	1402	1119.655029	85
1979	6322	329.2263481	155
1979	11905	313.4155327	157
1983	6731	464.4837788	192
1988	2205	768.9291045	98
1988	16418	736.4221239	105
1995	7578	933.5359887	103
2002	11574	707.5182901	106
2004	12984	2442.707586	28.99386789
2004	13922	2439.590528	28.99386789
2005	3124	1266.981547	62
2008	18312	673.8374373	180
2009	18821	708.166962	88
2012	19548	468.2475547	150
2020	294	771.3200885	64
2020	1276	851.1909284	58
2021	12515	1661.965215	45
2025	9949	1771.407194	99
2029	475	5422.734604	77
2030	14348	344.78031	73
2030	14556	313.7323541	78
2036	2027	769.7323647	134
2041	8188	820.5530593	101
2041	10580	716.415991	112
2041	13365	694.3901865	111
2041	13907	840.2602133	102
2048	38	485.9621199	53
2048	4549	603.3291467	59
2052	6478	1395.920676	66
2053	13851	718.1303385	107
2054	13081	1246.758642	81
2054	13605	1088.543688	91
2056	18108	441.9534646	92
2056	20072	324.4981306	110
2056	20230	432.0824724	107
2059	15430	1432.966477	89
2059	15528	1559.042262	84
2060	9183	470.6310053	121
2067	3825	1200.493617	74
2068	5460	481.0990799	161
2070	11678	4062.098215	87
2070	13352	3909.096705	91
2070	13729	3792.738606	87
2071	4601	996.9234241	79
2073	8711	1045.032469	89
2074	5829	1013.752837	55
2076	591	221.464897	323
2081	17767	2172.477644	85
2087	12769	803.6373835	33.08095687
2088	5692	2329.172915	114
2097	17078	2665.415013	99
2100	5409	945.2884861	142
2107	9157	2751.620866	84
2111	7189	306.2734916	97
2111	9227	376.4377571	85
2111	16305	369.2445289	87
2116	7975	610.937591	134
2116	18764	619.6148255	133
2116	19952	656.2998611	127
2116	20529	591.3897063	129
2117	15612	384.9247222	143
2128	3131	419.6095816	149
2129	13479	1138.936368	86
2132	7213	1053.587439	93
2148	546	817.5886101	118
2148	10088	812.3872903	114
2148	11584	812.3872903	114
2148	14512	695.4083813	128
2152	4182	321.2619472	88
2154	15319	895.3658229	90
2160	1810	646.6258805	134
2166	7783	473.1656306	144
2169	13190	646.2899002	131
2173	5007	247.2813351	146
2173	6030	236.7954409	150
2175	1718	746.247427	171
2175	4151	744.0052921	160
2176	17660	425.4203702	130
2179	7352	2269.429205	54
2179	14870	2270.827786	54
2179	15221	2290.122143	54
2185	11749	264.6559127	157
2189	17803	190.4636306	275
2198	19403	672.3475012	126
2202	10984	775.2298947	101
2202	15343	678.0281882	97
2204	13046	401.6364756	163
2207	489	684.7419239	111
2208	6866	1783.069274	81
2208	9712	1947.177751	72
2216	3066	2851.581498	55
2224	13927	3731.372341	80
2228	11943	187.5525174	296
2230	5586	512.2643167	87
2231	14650	966.1004102	107
2233	7022	1531.344017	67
2237	17774	2688.395896	45
2240	2494	608.2528499	59
2242	4026	1227.074831	53
2249	1853	1050.998938	137
2249	14280	916.6655855	149
2256	16132	611.9493742	156
2257	3201	1551.175961	84
2259	6262	324.8824605	194
2265	7503	494.5863879	142
2271	19702	203.9343961	297
2272	3174	2212.962849	73
2272	3663	2161.718513	75
2272	4277	2276.687876	72
2272	15270	2199.655518	71
2272	18827	2174.59115	71
2273	1170	1436.736219	51
2274	2055	2147.825519	57
2274	10063	2171.126632	59
2281	15465	1986.329034	109
2282	14134	432.7284	151
2285	3335	1706.410129	72
2286	20166	201.2268553	218
2290	452	535.580636	110
2290	981	452.3782401	107
2294	6858	289.8541177	207
2297	20439	427.109218	133
2303	11594	434.5662326	161
2311	11154	2853.295796	35.33572585
2312	19110	774.0993447	125
2315	10332	891.5208362	113
2317	13688	310.90046	59
2321	6842	2881.689261	56
2323	7890	228.9178486	179
2325	17511	210.5034522	144
2326	17511	183.6119064	151
2327	670	405.2176719	108
2330	1190	406.8597214	83
2330	13628	466.7104699	92
2332	3036	3982.72465	69
2332	11403	3983.194898	66
2336	18334	840.5077665	116
2340	2658	594.6436931	125
2349	16740	1572.089301	99
2350	15338	2199.296314	73
2351	7233	2456.611804	39.44033602
2351	15422	2212.423586	48
2356	16335	1281.243198	129
2358	6090	2938.563585	53
2358	10486	2770.224294	58
2359	1567	1950.564473	105
2360	20313	1488.565984	90
2364	12480	346.8745925	152
2364	16839	330.4818565	162
2367	235	2553.681148	40.31678793
2367	8358	2616.715191	38.58293741
2371	4723	653.2205099	81
2373	7048	756.4276259	105
2383	7694	309.6112993	82
2386	15944	571.8103419	108
2391	9047	956.946063	43.0647448
2391	16301	931.122807	42.1285547
2393	2734	726.6963412	62
2398	18707	1697.542704	50
2399	5661	1254.419478	96
2400	4923	324.9054329	73
2400	11249	365.0273878	79
2404	11763	1761.86982	61
2406	1833	192.7407054	163
2409	17375	505.5971934	82
2411	3534	404.750731	168
2418	7542	247.4298832	172
2421	9215	1079.035479	109
2425	11147	574.5542876	126
2425	16995	404.6958625	135
2426	14282	799.2011873	71
2428	5971	715.8654992	85
2430	11363	1100.096116	139
2439	3448	1135.926087	112
2439	12568	1097.225581	119
2444	18552	455.9790856	140
2446	12932	208.8793684	142
2447	7221	233.5424772	141
2447	10490	341.5137637	104
2447	15229	339.5224593	118
2452	16046	436.6848909	83
2453	19958	1520.184614	70
2456	13351	374.2050845	148
2457	20064	457.7327982	127
2458	110	3296.902225	74
2460	9170	705.3465222	46
2461	17777	1594.740974	74
2462	10741	799.8055031	108
2462	10802	692.4912956	96
2467	4096	806.9089636	50
2467	4667	736.605372	51
2467	17372	710.5988118	55
2470	4390	863.2108026	56
2477	13540	297.801672	207
2481	1575	296.8622334	176
2481	8760	276.4674383	184
2481	9276	257.4243432	183
2482	19011	1035.709915	87
2485	6104	373.4029647	111
2487	3781	4667.210562	75
2489	1943	241.1384138	158
2490	7352	2388.423076	50
2490	14870	2450.316019	47
2490	15221	2451.771626	47
2494	4923	329.6650574	73
2494	11249	369.8131358	79
2498	9564	1391.177796	80
2499	7357	632.1147436	49
2499	14868	633.815716	47
2499	20669	593.5568929	51
2505	16994	1104.115555	69
2512	7126	784.9633705	75
2512	12722	666.1181215	83
2512	15472	654.5491587	85
2513	15164	245.3280105	186
2519	18475	1363.952233	69
2523	12895	580.7616357	112
2525	555	2307.858223	60
2525	15899	2305.210828	59
2528	15040	568.4540326	130
2528	19858	445.6066464	134
2530	12630	1352.521906	113
2533	17152	784.2400463	52
2551	19837	922.5340516	128
2553	15636	1462.2569	144
2555	18294	1052.698682	33.81608925
2572	2657	646.538291	116
2578	8677	352.6814286	38.58293741
2579	1112	793.9104886	59
2579	5069	740.3844407	57
2579	6948	824.4449174	56
2579	18829	770.5201908	60
2579	19651	753.1477911	60
2581	6866	1932.614756	68
2581	9712	1931.194068	73
2582	11657	626.5917034	115
2585	3189	1475.152933	67
2587	8980	1822.179605	119
2589	17833	248.7527812	217
2595	19871	768.1461863	128
2601	14766	205.5068167	166
2614	10412	820.1839814	145
2615	5618	355.2543912	129
2615	9824	393.6005067	136
2615	16162	380.6419224	136
2615	19587	423.7648254	133
2618	1952	242.7067542	77
2625	3846	4911.841405	25.97643606
2625	11245	4751.54498	28.36356641
2628	2970	567.8201054	135
2632	5220	768.4902316	34.5675579
2632	17344	774.8685347	33.08095687
2635	7515	870.4240621	45
2639	3362	1497.377407	73
2640	16807	4032.711822	44.02173913
2640	19050	3994.816284	44.02173913
2641	1585	1311.804867	82
2642	2672	435.8592587	128
2642	15554	480.6293646	123
2650	17696	621.63392	104
2651	14067	479.8102352	116
2652	3905	408.8970556	75
2652	16880	502.8960681	58
2653	7342	1996.883058	125
2658	4805	469.6890913	119
2664	10908	1243.692942	78
2668	18261	1028.435131	79
2669	6529	1465.615193	87
2674	5973	211.6789061	214
2676	433	1273.498946	76
2676	11725	1369.187748	70
2679	2904	270.4795001	113
2681	4026	1236.675869	52
2683	10684	1830.5736	25.41173093
2684	6185	203.0408398	142
2684	9340	217.1282518	135
2684	16888	181.9767984	145
2687	4145	706.5299265	115
2689	4280	803.3063225	100
2690	141	582.9228395	34.5675579
2690	2927	567.1604369	36.1209642
2690	8901	518.3515296	42.1285547
2690	18553	567.1604369	36.1209642
2697	168	306.6098419	47
2701	4144	1098.894399	103
2704	11941	393.8868775	71
2705	1763	1308.267515	28.36356641
2706	13827	1036.398079	101
2708	5644	1427.346262	72
2709	7876	181.7144648	121
2717	17132	856.8998783	124
2718	2717	2963.206973	98
2721	6712	414.6178636	174
2727	10588	1367.136609	97
2729	4053	560.7129009	45
2729	11739	571.9203816	44.02173913
2729	18079	432.7638451	48
2731	15015	668.8713711	93
2732	17384	1837.18968	72
2733	10683	204.3299279	211
2739	1765	845.3994391	24.859302
2739	4789	836.4502079	25.41173093
2739	5067	848.8994505	20.85097594
2739	5231	865.1111904	27.1437722
2739	6618	839.5768481	25.97643606
2739	7922	847.4843659	21.78798276
2739	8692	785.9867293	29.63817606
2739	8748	777.9576947	25.97643606
2739	8797	733.1674431	22.27216015
2739	10273	843.5709649	24.859302
2739	14217	679.2674582	30.2968022
2739	14960	854.2993689	24.859302
2739	17398	724.5938151	26.5536902
2739	18327	670.484731	30.2968022
2739	19125	783.0290464	25.97643606
2739	19697	848.8994505	20.85097594
2740	18641	789.0661556	72
2741	7868	406.018563	55
2741	12565	327.8407788	71
2744	8458	398.7544787	139
2758	8176	197.4655822	260
2759	2140	801.3056682	93
2759	2749	761.7890139	106
2762	10417	2167.86701	55
2764	6798	3454.833016	99
2768	9908	3086.004477	74
2773	2032	1280.279108	79
2773	19446	1252.257231	80
2775	18108	392.0605256	107
2775	20072	290.4680352	120
2775	20230	375.8936153	103
2782	1903	490.9478985	118
2783	9621	209.7226592	157
2784	12273	811.4064736	121
2790	3059	271.4115468	192
2790	20180	249.8550503	209
2801	1037	184.2423015	97
2808	18707	1700.345876	45
2809	14013	584.7281068	130
2812	2200	330.6383246	181
2812	4826	360.6169116	170
2812	5997	430.2858528	151
2812	13459	310.6129576	165
2812	19635	311.2695127	166
2817	15479	755.0369905	77
2818	8369	671.879746	42.1285547
2818	18746	667.3674353	37.7441779
2825	10677	1213.026691	103
2830	18400	400.2171362	167
2832	15827	389.53864	95
2839	4053	538.2695988	47
2839	11739	549.3744065	45
2839	18079	415.9383834	52
2843	16927	859.3215723	149
2844	13864	454.7494279	131
2848	2438	658.4395684	50
2856	14859	577.1359528	113
2858	1879	1426.240255	143
2860	13366	1045.730793	75
2862	2547	553.8494353	79
2864	13817	475.2744996	92
2866	701	2971.162322	78
2870	6566	1875.776032	37.7441779
2872	2403	2556.382242	49
2874	12426	2287.63536	55
2874	15693	2265.483729	56
2876	10564	1089.020049	88
2877	3414	317.5289345	154
2881	18500	425.4284301	132
2884	10446	1468.406722	94
2884	15196	1352.757498	101
2896	635	260.9792128	211
2896	7443	293.8695863	202
2903	7829	910.8527614	62
2909	3533	496.3192527	144
2914	18206	855.5523216	123
2916	3846	4764.601865	28.36356641
2916	11245	4741.323793	28.36356641
2917	4102	691.4101915	101
2919	14560	359.3386484	104
2925	10470	2535.922524	63
2925	14826	2835.146819	56
2928	9918	227.7894909	134
2929	17585	291.4230742	151
2933	17038	894.3155425	94
2943	6766	762.8523688	57
2943	17433	778.2868735	59
2943	20478	701.2695949	62
2950	19833	478.7588774	162
2954	15487	758.4817607	86
2957	10470	2565.256272	62
2957	14826	2814.507325	57
2958	17428	256.3602029	159
2959	1368	7367.133002	80
2959	10442	7328.977423	78
2963	18205	305.7736284	104
2964	4635	1060.934643	80
2964	15236	1123.081874	77
2965	1883	397.1315463	88
2966	2470	258.8167345	130
2968	10433	2406.889467	75
2970	18157	577.7451736	85
2973	11573	506.1333637	88
2974	7715	478.3658954	89
2975	15721	998.4309075	98
2978	2440	446.9301754	118
2982	6208	3035.742899	33.81608925
2983	9983	871.0607282	33.08095687
2991	14470	427.5392233	92
2992	1506	2440.13329	96
2995	7905	1104.721169	44.02173913
2995	12346	1316.671818	48
2995	13645	1120.952393	54
3000	15638	219.8005782	169
3003	9281	2016.807705	56
3003	12166	1925.775497	59
3019	14207	1813.933988	50
3020	11169	2711.192051	96
3021	7405	839.5925615	156
3023	3782	1224.421659	150
3031	1270	1074.723412	8.283674685
3031	8329	1065.326271	8.467756344
3031	9012	1053.78781	9.451373858
3031	9353	1054.612333	9.451373858
3031	14276	1074.461169	8.467756344
3031	15088	1047.978497	9.451373858
3031	20436	990.127945	10.78367647
3034	4609	272.7408732	87
3042	15561	1190.181342	50
3042	16462	1141.652757	52
3042	18913	1105.02491	50
3044	7665	388.7856908	127
3044	16186	290.1248875	140
3051	5344	2026.991567	44.02173913
3051	20637	1966.667382	43.0647448
3052	363	2092.097646	94
3052	20480	1977.768005	95
3053	12974	446.1326522	135
3054	4792	819.4800617	84
3055	353	201.5250177	155
3055	1839	237.9720763	144
3055	6099	211.542748	158
3055	15408	219.1151341	145
3057	6682	1820.222759	79
3057	10342	1857.119079	76
3057	11944	1749.240963	81
3057	13935	1847.239493	77
3060	11428	1084.800055	53
3062	2786	954.4927922	20.39769385
3062	3120	966.2492383	19.09611913
3062	3330	971.4587007	19.09611913
3062	3715	969.979508	19.09611913
3062	5388	967.1723055	19.09611913
3062	5919	939.5978336	21.31433096
3062	6799	964.1836295	21.31433096
3062	7754	971.4587007	19.09611913
3062	10738	915.1873661	22.27216015
3062	10929	978.7755742	18.27487772
3062	11307	969.979508	19.09611913
3062	13003	944.7476778	20.85097594
3062	14382	916.4956937	21.78798276
3062	16054	957.6605349	19.95426572
3067	14289	300.2115698	121
3074	1805	1775.714153	31.65828812
3077	14467	1555.283321	101
3080	10672	1450.839659	70
3089	18474	325.8115198	92
3091	3862	2496.561696	114
3094	17377	1266.197106	111
3096	6433	546.304974	110
3096	8657	748.5874518	102
3102	2939	285.4413004	135
3102	8280	292.5790823	133
3102	11339	319.602493	123
3114	18839	4076.396729	41.21271655
3117	6689	1239.46333	125
3121	3612	399.8815041	173
3121	13433	287.4801392	181
3121	17374	242.9852329	176
3123	1853	871.0805229	156
3123	14280	788.0471781	161
3127	1215	1219.589486	69
3132	5437	1155.246822	70
3137	11862	827.5822845	99
3139	13397	971.7840112	149
3142	2366	373.1665684	150
3142	4217	420.6201714	144
3148	5899	270.9240899	120
3149	13275	4327.948358	73
3157	2751	931.3759842	145
3160	5664	288.4085949	204
3163	16237	594.9955576	122
3167	13526	1193.097271	92
3169	15844	354.7362964	146
3175	8279	552.0298208	109
3176	7564	832.1511942	86
3176	19874	848.3462033	85
3180	5707	315.8574853	188
3180	10405	263.5767502	213
3191	3423	3457.17548	27.74696714
3191	4381	3500.768278	28.36356641
3191	5126	3486.766141	27.1437722
3191	11373	3477.114108	27.1437722
3191	13568	3474.380885	27.74696714
3191	17292	3466.421974	27.74696714
3191	18696	3457.008035	28.36356641
3195	20111	1376.435043	98
3199	1669	546.6993387	121
3201	4168	1055.267191	101
3202	2462	639.7715735	101
3203	4556	379.5080749	151
3205	6289	3495.243537	53
3206	10976	1413.61996	94
3208	4508	367.6362643	151
3210	16568	282.1156967	59
3212	2985	1104.205837	97
3215	18144	1547.928872	121
3219	11250	222.9762037	180
3224	18907	694.4523001	184
3231	18949	706.0821906	115
3233	11068	1501.453006	81
3244	13714	676.8107026	118
3244	19840	635.6061882	120
3249	4076	344.5150866	176
3255	6324	652.3734597	78
3255	12664	665.510838	76
3256	16112	381.9807688	146
3258	741	313.1894774	192
3259	13674	774.5618232	110
3261	758	398.1370961	133
3262	4342	3049.403901	84
3266	19301	291.9820059	151
3268	1109	1196.955858	25.97643606
3268	13474	1230.481527	24.31888239
3272	12560	493.0781388	61
3275	5673	1203.338498	19.09611913
3275	10148	873.5145892	22.27216015
3275	10531	1275.509858	21.78798276
3275	10891	1283.284291	21.78798276
3275	15839	1283.29868	21.78798276
3276	2403	2397.910181	50
3277	10184	3908.508952	63
3284	176	2532.314087	83
3285	4084	1318.603905	123
3291	8712	788.0080946	112
3291	16633	788.0080946	112
3295	7869	2427.769549	69
3296	12972	432.0457814	119
3297	15494	1375.850814	97
3299	19135	1429.924004	87
3300	1248	267.167273	84
3302	12984	2463.15975	28.36356641
3302	13922	2460.065653	28.36356641
3306	1480	190.7470192	117
3310	19430	652.4862876	72
3317	358	655.3105312	174
3319	16679	472.4950029	121
3319	16775	477.8870967	128
3323	5384	187.4268052	185
3325	9664	468.183728	170
3325	16672	361.0594059	171
3327	5249	181.9346077	117
3343	14066	279.1282081	155
3349	13238	2675.970054	31.65828812
3350	16729	298.0772079	72
3351	1602	204.1712243	146
3352	799	427.2323027	123
3355	206	806.6144534	97
3355	2520	783.1469716	104
3361	1575	373.5556992	162
3361	8760	360.8335046	164
3361	9276	369.2975414	155
3367	10706	1099.112138	78
3368	5518	796.8453856	81
3372	9438	2786.840538	42.1285547
3377	5722	1144.604787	120
3378	1029	490.5739438	166
3378	3957	412.4976434	182
3378	9549	446.5868121	179
3378	15499	497.2483366	185
3378	19354	433.6941306	184
3378	20188	564.768238	167
3381	16132	739.2548494	142
3389	12912	3444.705047	3.838282256
3390	7363	1154.777415	70
3390	18901	1189.195115	66
3393	1943	226.9694592	151
3396	18240	993.9210367	93
3398	19816	3024.181578	86
3403	14041	182.4302121	104
3405	5650	871.281826	112
3415	709	371.3277332	45
3415	2124	388.3155409	42.1285547
3421	3219	1041.841364	62
3421	8245	898.4902019	67
3421	12923	927.9170262	70
3421	18646	1040.593539	62
3424	16101	184.1343098	171
3427	5021	306.9157817	113
3431	7449	3117.137647	45
3440	8815	341.0634788	160
3442	7743	830.072102	139
3449	11665	346.2924366	159
3449	15401	340.9149706	160
3451	3111	418.708091	172
3451	8536	432.3006196	176
3451	20086	508.6219086	159
3453	3379	714.4862387	93
3457	19776	1868.117253	53
3462	13713	690.4458481	108
3466	6870	2958.61195	13.43445426
3466	19088	2843.318773	13.73299768
3474	13760	664.5787104	66
3474	13893	367.9704153	71
3475	662	1509.153614	69
3477	11207	793.1025202	69
3478	13956	1900.668309	54
3478	18336	1931.45988	55
3482	3036	3865.632178	69
3482	11403	3830.25716	68
3483	8780	1137.732663	69
3487	845	674.6172275	150
3487	6756	633.2568429	149
3490	18606	2255.293443	77
3491	3476	1814.426964	62
3499	5866	658.2199304	116
3507	14715	1250.920363	54
3508	9943	1572.477778	84
3509	5344	2095.537521	41.21271655
3509	20637	1957.945394	43.0647448
3514	20647	411.3630896	124
3520	10742	1008.215914	47
3523	12138	1912.647405	65
3528	1481	220.5381843	118
3528	2978	309.2450213	100
3530	7991	838.3997979	120
3530	19850	1013.26439	126
3537	11979	936.8978001	71
3544	4471	1280.215567	53
3545	19312	211.3030969	161
3550	7926	395.5852713	186
3556	2174	2080.040234	63
3562	3031	553.5893234	110
3565	6559	392.986078	137
3566	7736	1325.135689	102
3573	10787	318.2870422	163
3574	6906	428.4661206	101
3579	5463	233.7601149	175
3582	13332	2295.540403	47
3583	9167	689.4050737	57
3583	12967	820.2507245	51
3587	20566	708.6654284	53
3589	10474	563.053984	122
3589	19736	530.0742676	126
3591	15787	238.8226367	138
3592	7638	605.5773047	129
3598	17259	1334.801498	75
3607	11160	920.0698189	133
3607	17448	699.327447	148
3614	6091	2223.277538	88
3615	15513	1160.378364	102
3620	9431	857.7214081	64
3622	19763	515.3642193	106
3623	12321	623.9150903	72
3623	19575	595.6038371	74
3635	13193	1081.697631	48
3636	6783	1089.322495	50
3636	15001	979.7702071	60
3636	18302	1016.317545	55
3642	14613	909.079112	86
3643	5699	754.7599614	67
3644	206	821.1876034	98
3644	2520	776.0273447	105
3645	14661	1920.981696	99
3646	2466	1739.231265	65
3646	4322	1745.115503	66
3646	16215	1605.13498	72
3648	3431	996.7794963	82
3649	19209	228.8230776	128
3651	9810	4614.632445	58
3665	13613	3652.371012	28.36356641
3678	13785	1817.219302	78
3680	9762	220.8488229	103
3681	5335	1573.372553	49
3683	955	957.2313812	119
3683	1544	834.0146192	125
3683	19932	898.1107412	125
3684	8582	1786.712082	78
3686	2665	396.3052356	144
3687	5618	288.7625201	141
3687	9824	287.7920944	147
3687	16162	297.2673174	138
3687	19587	339.3014394	141
3689	5847	526.8043464	148
3689	10139	564.3979114	144
3690	11437	373.4664798	100
3690	17574	444.0444921	104
3691	11822	381.5893575	132
3696	19592	574.0064238	127
3700	6879	688.6085455	104
3701	15026	2122.582439	46
3701	17356	2313.005735	48
3706	9629	387.8031801	184
3720	10558	938.8019271	117
3728	7682	571.2708443	72
3728	17202	521.4250099	77
3729	12205	896.1427414	41.21271655
3733	13997	486.5225942	94
3737	15741	189.9166699	239
3740	7256	568.0605403	95
3740	20419	548.0358816	94
3742	13410	826.4853142	107
3746	5673	1214.054919	19.52047734
3746	10148	853.4535038	24.859302
3746	10531	1272.642141	22.27216015
3746	10891	1282.096379	21.78798276
3746	15839	1280.886182	21.78798276
3747	19185	514.8346154	150
3748	7401	1215.309079	72
3749	111	920.0082532	97
3749	894	934.2987681	95
3749	11106	900.8950856	100
3749	11959	877.9865933	102
3749	20640	886.0059397	99
3752	8539	2805.935988	68
3755	14263	214.4806561	164
3761	4360	458.2685493	85
3761	15084	395.3795463	95
3762	1019	411.8671679	114
3762	10044	297.8769429	124
3762	17674	261.0354877	134
3763	4221	624.6187007	56
3769	7257	333.1159142	125
3769	8343	331.6323757	124
3770	3302	1246.526508	97
3770	19031	1257.004742	90
3780	12260	437.4758748	140
3783	7765	2295.27327	56
3783	13647	2193.152968	55
3796	5527	736.1228676	77
3798	2779	1089.587577	71
3798	7513	1004.2333	73
3799	13437	935.210774	153
3801	15394	1082.481398	129
3801	16225	1056.211653	128
3803	13925	245.3086529	264
3809	13598	852.6591471	60
3816	9696	2224.856434	48
3822	3823	1700.868229	47
3823	14711	1214.914818	85
3823	14800	1296.58203	75
3824	9489	1080.429678	79
3824	11274	1117.62837	77
3825	9118	279.6360044	187
3826	14131	691.9657332	70
3828	5775	363.3158168	167
3831	9509	1007.576177	91
3832	2570	1659.176633	65
3833	9938	545.1356312	105
3836	13788	1101.134474	57
3838	4972	1117.999866	85
3838	10726	1202.073145	79
3842	3422	704.0460067	69
3844	2826	667.4634602	110
3844	15719	689.0612179	111
3848	11004	1320.541342	29.63817606
3848	19449	1290.18329	30.97006447
3852	12370	391.0885886	89
3852	17822	511.2190272	90
3852	19940	606.879487	86
3856	17481	2368.75748	54
3870	12466	726.5294473	139
3881	15394	1033.663752	131
3881	16225	1028.688424	131
3885	1650	2169.748708	36.92365229
3885	8402	2105.293486	40.31678793
3886	8163	3915.498576	83
3888	10444	678.8365426	75
3888	16984	730.8371665	71
3890	19343	653.753798	54
3895	141	575.5244981	36.1209642
3895	2927	560.0032678	37.7441779
3895	8901	511.7751523	44.02173913
3895	18553	560.0032678	37.7441779
3897	11088	777.0066034	137
3906	15230	3148.037268	30.2968022
3918	7184	1225.515149	78
3918	12822	1495.145878	69
3922	5803	1683.508492	112
3925	6407	526.5421783	166
3926	5233	387.1567426	105
3929	18931	415.6717402	74
3933	6776	257.9284282	182
3939	14498	433.2501815	128
3945	2211	602.0181607	110
3950	3219	1040.853989	62
3950	8245	897.5234004	67
3950	12923	928.9522464	70
3950	18646	1039.610198	63
3951	1830	480.3375903	98
3953	1827	244.9293531	103
3955	321	1461.520745	134
3960	18254	283.8135992	175
3961	19546	430.4201121	148
3963	18139	1364.796511	58
3971	15699	1261.309165	92
3973	11082	1271.700078	69
3973	12056	1526.830624	69
3976	20062	550.0290551	105
3977	5256	1002.358561	45
3977	14019	1004.101344	49
3977	16828	955.6343641	54
3978	13811	475.010174	127
3987	7352	2261.471435	54
3987	14870	2269.318589	54
3987	15221	2288.606927	54
3990	5942	667.3053176	95
3992	12297	202.0385215	200
3995	7195	652.0727589	66
3999	91	597.1050116	98
3999	19859	633.720154	105
4000	8109	477.5040334	99
4001	14376	250.2264083	135
4004	10218	208.5797378	155
4010	9196	690.0388439	67
4010	14107	818.4556806	59
4014	266	659.8470324	95
4018	9044	722.0238403	190
4020	5248	214.5020144	122
4021	14630	298.5416501	141
4024	4991	2781.975429	49
4024	17977	2786.122138	48
4028	20485	701.5606331	138
4031	7591	257.914472	63
4032	4094	458.9390983	93
4032	17502	449.5843953	92
4040	14881	401.132841	88
4047	7828	233.649357	185
4049	748	1294.072206	117
4054	13618	723.3444572	155
4061	9600	2133.735636	112
4067	14265	208.1568124	161
4073	20352	732.1500941	110
4074	4213	1274.113679	84
4075	9817	202.2844764	151
4080	12920	476.7714765	124
4081	14715	1231.727252	57
4082	8588	390.9684507	54
4082	10888	353.4414443	60
4082	18635	311.0373718	67
4084	20305	791.5668737	103
4088	2908	185.1231179	155
4090	14726	605.5659888	162
4092	7374	667.5897711	183
4095	9728	226.0628477	113
4096	11825	644.7641248	194
4098	8495	400.5605202	126
4098	8875	462.6226071	137
4099	14548	449.0866954	69
4100	15430	1528.259678	89
4100	15528	1638.253547	83
4106	10078	1689.264591	64
4115	19460	456.4719796	156
4119	3540	229.0175548	120
4121	305	1245.557466	59
4124	5627	277.2369974	146
4128	426	1155.690241	130
4130	5780	1155.237615	104
4147	11378	991.5481473	86
4148	19054	3862.600585	66
4150	16807	4054.82939	44.02173913
4150	19050	4019.5738	44.02173913
4151	8050	400.0164182	159
4151	19903	330.5688201	170
4168	8375	3486.327621	71
4172	11328	1063.490051	114
4175	12710	527.4803215	69
4176	19101	446.2159898	123
4178	9218	809.685284	115
4179	18785	601.7870616	50
4182	3106	5135.013275	65
4186	17116	1932.457889	50
4187	315	785.9248989	64
4194	17984	902.2984228	162
4195	14338	2764.960916	55
4197	6632	207.2209284	98
4205	10784	219.1340643	113
4207	10636	338.0835045	122
4208	4980	1641.295268	91
4213	6766	910.5558868	48
4213	17433	900.4462702	47
4213	20478	894.7041576	45
4217	8981	284.2362735	162
4224	18267	580.9348311	101
4225	8317	967.4693256	115
4230	14309	552.7875776	55
4230	15368	539.9306102	56
4230	16996	532.8055639	56
4233	3836	1147.844512	79
4236	6852	1314.678083	75
4237	17070	3936.254419	100
4239	18707	1765.669084	43.0647448
4247	15514	557.6727637	116
4251	14660	995.4366026	147
4254	7204	732.5344854	105
4256	17311	1054.46767	93
4257	203	493.8977737	117
4261	3701	199.4201926	165
4264	10033	839.9233614	111
4266	14084	509.320295	165
4272	4571	392.6277296	79
4272	7506	380.9579051	63
4272	8593	435.2850499	71
4272	10082	394.328894	78
4273	12774	205.658192	159
4273	13624	242.7197112	140
4273	14121	196.2767074	172
4282	175	962.3412054	57
4282	3367	1379.959178	60
4283	7204	671.9406515	114
4284	17913	1094.780941	68
4288	12468	1421.556158	65
4296	4332	194.1215569	184
4296	13843	223.069455	180
4301	14637	1194.761882	14.35013486
4306	6833	238.0758792	161
4308	1152	569.3723831	114
4308	5546	546.6662586	119
4314	5331	594.2349694	98
4316	6907	663.2217565	145
4320	1681	411.485866	81
4320	4436	421.7087257	80
4320	13496	418.7548103	79
4320	18623	436.4941318	77
4322	1864	1390.777716	83
4325	18761	802.8845429	62
4328	12927	211.6993313	144
4328	15385	212.4488016	135
4330	13343	730.0385685	102
4335	7363	1132.394862	68
4335	18901	1109.869746	71
4336	15623	1172.382236	137
4337	2671	742.7500435	80
4340	1572	4089.112186	75
4342	5264	935.8085695	61
4342	11277	857.2244396	73
4345	3460	527.7977815	140
4348	3061	2581.273843	37.7441779
4350	5061	615.9385506	135
4350	12419	598.2483247	130
4352	7221	206.4931637	142
4352	10490	259.091356	139
4352	15229	293.7130963	135
4353	1846	316.1559803	114
4353	10751	194.1041782	136
4353	18465	282.8901714	132
4354	6721	4442.114236	66
4356	3501	3525.724915	26.5536902
4356	4098	3503.875855	27.1437722
4356	4883	3582.940245	25.97643606
4356	10809	3541.707482	25.97643606
4356	11878	3577.697135	26.5536902
4361	4219	467.8038155	110
4361	11754	407.5123567	108
4362	18435	1838.190283	135
4365	6539	749.2974571	115
4373	13309	520.7735776	126
4375	15153	3091.82276	41.21271655
4377	14637	1194.761882	14.35013486
4380	6885	229.4325667	199
4382	9936	1538.998745	82
4391	4027	734.0998176	27.1437722
4391	6282	627.8631718	30.97006447
4391	18932	810.4451202	28.36356641
4393	3995	213.5258515	148
4393	8078	184.7951161	152
4393	13739	220.007313	146
4403	18388	3357.452662	57
4404	8638	779.3842107	81
4408	14626	883.5970009	110
4410	9811	227.5002821	221
4412	9286	955.5771836	132
4412	9615	792.3500228	129
4412	11768	810.1379519	131
4412	19727	873.297117	124
4423	19346	1594.419178	108
4424	14303	3460.270515	56
4428	8685	1454.974221	95
4430	8712	788.208906	110
4430	16633	788.208906	110
4433	6682	1957.972414	72
4433	10342	1951.225367	72
4433	11944	1887.351643	73
4433	13935	1838.975226	78
4434	3720	4019.236691	34.5675579
4436	8981	279.0519104	160
4438	16887	295.700953	201
4439	8239	834.0958079	95
4441	13824	485.986314	129
4446	826	513.9147271	61
4446	14691	713.0370663	53
4446	19866	700.6888714	50
4447	16937	212.0474141	203
4449	68	359.4178848	81
4449	7499	375.5083169	82
4449	10197	324.8466649	88
4451	15490	368.4542796	113
4458	4685	2171.133961	35.33572585
4459	18187	927.7996099	102
4460	7198	1308.579122	118
4462	14657	192.8117026	161
4463	6766	780.6896794	51
4463	17433	794.1500701	50
4463	20478	717.506437	55
4464	19709	2364.579814	71
4471	2888	2530.270161	44.02173913
4476	12925	317.2013194	208
4478	765	1042.182708	90
4479	4679	1145.025213	130
4479	6888	1105.550105	123
4488	15623	1514.463437	124
4489	2455	1429.97701	62
4490	7739	2888.163815	121
4490	8132	2564.734497	128
4490	10190	2643.820013	128
4492	15623	1415.12365	131
4494	5743	556.4041461	141
4498	7738	874.76743	45
4503	10433	2482.90296	72
4505	10991	274.3044542	168
4511	9045	739.525653	98
4512	647	1856.67149	33.81608925
4512	1781	1889.548993	33.08095687
4512	2333	1803.674779	35.33572585
4512	3726	1873.074365	33.08095687
4512	13150	1903.147487	32.36180563
4516	12394	645.4664421	99
4517	4036	563.6690835	97
4518	263	852.9141571	118
4518	5132	874.7208291	118
4521	18318	827.5412986	108
4524	6220	2438.261362	64
4535	198	564.1456325	45
4535	5746	545.6736967	48
4536	10242	824.8898913	135
4540	11605	403.3593336	144
4541	1236	1767.605034	72
4543	16164	1143.601838	36.92365229
4544	8284	2241.064179	43.0647448
4548	6128	1100.573023	102
4552	13748	265.4877214	191
4554	7771	257.4392187	190
4555	5142	2196.922226	115
4557	3846	4846.501151	25.97643606
4557	11245	4703.879281	28.99386789
4561	8041	463.4189434	121
4561	18164	533.7427916	110
4564	2504	1039.76018	124
4569	6572	719.5983091	77
4575	9986	307.9333825	162
4578	17491	1042.909098	99
4580	146	919.1007296	94
4588	3449	1267.522836	144
4590	567	572.5395332	44.02173913
4590	1180	833.6058779	49
4590	5400	812.2114501	49
4590	14539	835.7273629	44.02173913
4590	16361	861.215337	44.02173913
4594	15165	1605.981628	108
4594	19400	1528.575858	113
4595	10160	357.9837556	172
4598	8595	498.5075641	177
4599	194	198.9214809	175
4600	597	346.987881	167
4602	9381	762.6107554	102
4603	1651	3277.892086	13.43445426
4603	18040	3885.034231	11.26827626
4609	5325	2854.940335	102
4611	4612	2757.550101	54
4611	12060	3325.672966	55
4615	2675	971.1196004	97
4617	17981	2258.620981	74
4618	15836	1897.182571	49
4619	18835	549.5943598	136
4621	4911	424.7194725	128
4621	5769	553.928989	109
4624	5302	969.0649017	89
4625	15886	202.9889884	304
4631	16540	1348.75196	56
4634	11035	730.450237	102
4639	2109	516.2091829	116
4639	5431	744.8209316	123
4639	10168	767.5479672	120
4639	13726	431.407504	136
4644	4507	470.6934954	101
4647	5629	954.3135749	80
4656	12014	833.7968223	118
4659	6202	201.1765599	191
4659	19215	248.2639462	195
4663	2706	288.0679711	155
4667	10196	2963.183424	48
4674	1165	3645.675536	114
4675	6022	1210.006494	138
4675	6509	1632.227133	136
4677	4899	1097.807066	119
4690	15014	554.3729932	140
4692	13597	616.3324	182
4696	20001	1430.611877	101
4702	2496	2330.803682	98
4706	570	223.9597802	195
4711	277	483.3461307	101
4711	11049	470.2959356	107
4712	7233	2339.685475	43.0647448
4712	15422	2175.487411	50
4714	455	1307.200691	36.92365229
4718	736	891.6523475	106
4724	9402	726.1279328	136
4724	20538	805.7402891	136
4726	2940	299.1937925	98
4730	3418	1454.141061	47
4738	1921	560.7866482	94
4738	3771	684.3346125	86
4738	12208	655.5619111	92
4740	1792	527.4716274	113
4744	11686	1282.641462	163
4745	13128	2649.472248	71
4746	309	477.1011089	108
4752	387	1478.376943	139
4756	14254	714.3745599	122
4758	15958	1934.322194	109
4762	18243	282.3395992	102
4763	756	226.9820926	162
4764	18527	3932.316247	20.85097594
4765	7225	1187.539212	146
4765	13731	1187.539212	146
4767	7444	450.1750436	62
4768	5939	2537.512121	39.44033602
4768	20475	2507.859481	40.31678793
4770	2377	867.3297142	198
4770	2616	597.3150848	212
4770	18090	788.0306441	198
4778	1320	583.5041273	169
4780	15517	709.6564293	59
4781	14194	518.1736422	85
4782	12844	1316.271906	130
4786	1441	610.7015715	148
4786	3498	666.5696224	143
4793	8652	192.9356188	111
4795	2735	290.8405899	132
4797	13208	379.7535809	147
4799	7376	2086.692688	77
4800	10742	1028.733311	46
4802	13245	583.1890606	119
4803	12514	543.0034248	168
4804	7900	276.0220236	234
4809	7345	2186.875694	58
4812	15895	1216.935996	31.65828812
4816	20462	2452.454826	52
4817	15817	640.6705184	129
4817	18721	444.7749392	130
4819	12090	293.4413682	104
4820	5095	1084.405618	50
4821	19385	617.1946603	125
4827	11286	1414.222466	83
4829	95	1178.684806	74
4837	17933	1230.676199	49
4843	20626	980.5424387	107
4844	12230	888.9084785	104
4847	11960	720.1775985	71
4849	8332	854.7689952	53
4854	8112	815.3862352	58
4858	8585	3314.898223	28.36356641
4864	15339	2207.534811	57
4867	12488	1101.326892	63
4870	19583	1004.16024	33.81608925
4878	5886	279.5658226	153
4878	6346	289.1345781	147
4884	5078	300.6415166	91
4884	10859	272.2810539	99
4895	15517	706.3914434	59
4913	17226	683.2545402	127
4914	13846	235.1600357	175
4925	14802	1395.69118	115
4926	15661	738.770101	120
4932	5567	4068.124323	65
4934	1961	273.6011477	133
4934	16759	224.8650711	135
4938	862	1367.508941	79
4942	13245	525.7940172	119
4943	14102	1113.374987	78
4951	14046	1490.074921	96
4954	1277	379.0906862	126
4960	3101	1023.196141	188
4975	4447	382.6445022	130
4975	6593	367.9953376	140
4977	4996	998.6576121	120
4977	6629	923.499087	126
4982	799	407.5608236	125
4987	12215	696.1909885	164
4989	7581	1317.626483	16.01705151
5003	5127	924.6051909	111
5004	14037	3848.2336	21.78798276
5004	17971	3911.401342	20.39769385
5009	9852	695.6405324	140
5011	12661	495.9865374	117
5011	14139	498.6317341	117
5013	18309	415.5299784	115
5014	2614	1439.918838	33.08095687
5015	14833	2036.513131	67
5016	8178	1471.032992	80
5017	16464	306.8632951	151
5017	19690	391.7641477	136
5019	16197	651.8337363	147
5026	16174	1275.00418	166
5029	16916	1230.453268	141
5035	19824	479.6448239	105
5040	9358	2142.627708	62
5040	18416	2206.393474	59
5041	5815	456.8966225	83
5041	7406	449.0788263	84
5041	8292	313.8084493	86
5041	18345	435.8619614	73
5048	1101	612.0624248	114
5048	3332	605.9389808	115
5050	14975	1505.437706	74
5052	12341	462.7019819	158
5052	15409	497.9273885	151
5062	10683	206.8721296	209
5065	392	691.2718286	60
5069	4380	330.2398769	200
5074	5912	347.388924	112
5076	7106	709.3164388	115
5076	9607	715.008551	111
5076	14936	742.1870895	108
5076	16267	691.3598643	109
5076	17484	778.9660513	109
5076	19844	720.7335071	108
5077	3555	1240.452087	72
5079	16557	697.8182248	132
5080	17286	1602.506674	74
5085	11480	420.4810171	91
5092	5422	376.7026034	175
5094	16145	318.114782	164
5096	1910	722.7884612	150
5098	5815	414.1227012	93
5098	7406	406.8717245	94
5098	8292	304.4207565	90
5098	18345	407.6185572	78
5099	2048	794.894109	90
5099	7082	797.458149	86
5104	7104	303.78117	181
5104	11150	322.4872575	193
5107	7459	483.1802787	124
5107	10259	514.4615112	113
5107	20191	555.421992	112
5112	10902	1386.374814	102
5115	2939	277.0057602	119
5115	8280	275.6441663	121
5115	11339	303.1168926	112
5116	632	873.4146801	91
5116	744	839.2812999	82
5119	6547	1034.686742	115
5120	9686	965.7256943	114
5124	12426	2094.818447	65
5124	15693	2127.500174	58
5133	20127	303.7402416	88
5139	9237	593.8114971	119
5150	4221	615.6558564	57
5152	3189	1415.06573	70
5154	1976	1074.619836	101
5159	18757	780.1540563	164
5161	4991	2867.641799	46
5161	17977	2836.911806	47
5168	5300	402.5127736	86
5171	2769	363.3493328	130
5174	11568	2084.047348	120
5177	188	239.8837583	197
5180	12379	506.8913223	200
5180	19749	580.5739881	207
5181	12737	194.8086324	203
5184	15637	545.4541902	88
5186	6277	914.9308223	108
5189	4509	622.3790302	110
5189	4634	649.5604617	109
5189	8763	528.5275432	109
5190	12541	319.9415544	144
5199	15103	1115.830848	85
5200	10720	392.9537482	110
5201	7682	584.7993565	71
5201	17202	534.6472849	76
5203	3051	1758.811635	20.85097594
5203	8257	1868.040625	16.37298599
5205	2759	192.4126128	152
5206	3106	5155.041871	64
5211	6923	726.4822048	33.08095687
5216	13972	309.5614103	154
5217	4827	213.6724409	171
5217	6661	193.6772162	185
5217	13776	211.3496746	167
5217	19061	205.5721537	163
5226	16343	452.6496375	130
5228	12460	277.1420765	188
5229	3638	900.7125051	85
5231	11016	304.2390385	87
5231	19216	334.0540353	81
5231	20205	329.5771446	84
5235	15578	2540.437731	39.44033602
5235	16273	2365.515858	43.0647448
5238	19114	459.3931705	127
5242	9859	1236.661516	105
5243	1677	1450.305886	35.33572585
5243	5213	1465.264528	34.5675579
5248	15620	3060.411446	30.97006447
5258	13418	1542.771997	67
5268	562	1241.170894	109
5274	17258	331.118714	102
5275	15722	777.8388547	160
5278	13579	791.2670474	50
5280	12467	910.0104788	86
5281	2685	1811.746526	103
5283	17311	1066.003772	92
5293	10612	1494.1354	82
5308	1009	345.6075255	134
5316	12150	247.8493783	160
5317	6519	2391.317348	118
5320	2857	215.0759802	151
5327	9141	1375.621155	28.99386789
5327	11560	1375.621155	28.99386789
5327	11992	1375.621155	28.99386789
5332	19836	305.7219091	117
5332	20137	228.2929457	134
5345	11332	5471.808728	33.81608925
5346	6974	2461.000893	53
5346	16538	2465.291079	53
5358	7357	605.1510906	53
5358	14868	612.4396481	51
5358	20669	555.1261893	57
5360	2694	967.5137244	55
5363	6295	590.7766314	49
5363	16206	580.2407294	50
5364	540	1335.836204	10.54924872
5364	13020	1341.611104	10.54924872
5364	14375	1317.954952	11.26827626
5364	15258	1305.683994	12.03631207
5364	15814	1340.185272	10.54924872
5364	20252	1378.376235	9.044911183
5366	4737	3093.141938	25.97643606
5367	11862	931.5602838	98
5369	3109	968.562351	77
5372	4601	965.9733897	81
5374	67	6252.74659	51
5376	12623	1828.892769	43.0647448
5377	10280	2596.693715	57
5378	1552	285.8032787	144
5382	10683	186.3997873	210
5384	13483	236.5438987	151
5389	10683	214.0650998	209
5390	3837	1014.048881	100
5395	881	292.515087	192
5395	1174	335.5294121	187
5407	3381	749.2445167	24.859302
5412	18518	206.403592	177
5415	1993	537.8401336	79
5421	14995	2061.968311	91
5424	16983	5069.419845	39.44033602
5426	13231	946.3408964	103
5429	6278	2218.655094	97
5431	13566	1309.418726	10.54924872
5433	11192	563.8138019	95
5436	17179	485.0860377	26.5536902
5442	3186	1198.852174	121
5444	17957	1613.405187	92
5446	11984	1067.290103	36.92365229
5452	6949	357.100707	125
5453	4006	443.4541453	83
5455	8359	418.9655803	171
5471	651	448.4770141	129
5474	10683	185.445894	209
5475	14433	847.866029	133
5476	19761	228.8232343	98
5477	16534	1436.546335	33.08095687
5479	7398	380.5300228	112
5479	20432	382.5385554	120
5482	8862	389.6047301	116
5483	12969	533.8801101	118
5494	1786	1090.803184	106
5494	19067	1116.534109	105
5497	7492	517.1720129	112
5500	13284	2285.232938	44.02173913
5504	4390	831.4923081	61
5508	10606	771.7115184	107
5509	7338	449.8722674	167
5511	19763	625.3543097	104
5514	11536	1629.605775	107
5514	18303	1563.140808	112
5515	3213	663.2543604	116
5518	5044	804.5080088	77
5518	13586	813.0863747	75
5518	20458	841.5076736	73
5521	739	4170.522285	25.97643606
5524	20241	3060.075186	45
5527	8113	1807.40638	33.08095687
5528	19855	344.7925133	100
5529	7422	1904.367433	60
5530	5957	526.8665662	56
5531	19489	185.3482264	256
5541	1677	1448.639314	35.33572585
5541	5213	1463.597728	34.5675579
5546	3664	627.1259351	145
5547	9575	383.3536602	164
5548	19041	937.367052	83
5549	1385	253.1412213	140
5549	9310	261.0481249	142
5549	11205	253.2843977	144
5549	19841	256.1277011	142
5552	18381	380.3547056	77
5554	12832	199.6379256	163
5555	1847	1221.513863	33.81608925
5555	10427	1236.704681	33.81608925
5558	6867	1253.987894	73
5558	7297	1253.281973	73
5560	16104	1147.478281	73
5560	19685	1015.716847	78
5568	12775	2093.209442	50
5571	3492	198.476229	121
5572	1765	853.66414	24.859302
5572	4789	846.2034649	24.859302
5572	5067	857.4176607	20.39769385
5572	5231	859.2365888	27.74696714
5572	6618	847.7995958	25.41173093
5572	7922	855.9624478	21.31433096
5572	8692	791.2136319	24.859302
5572	8748	786.1655491	25.41173093
5572	8797	733.2414459	28.36356641
5572	10273	851.8356657	24.859302
5572	14217	679.2674582	30.2968022
5572	14960	862.5767959	24.31888239
5572	17398	724.5938151	26.5536902
5572	18327	670.484731	30.2968022
5572	19125	791.2484393	25.41173093
5572	19697	857.4176607	20.39769385
5579	3572	1109.367808	120
5583	2186	1010.302535	111
5583	11717	971.3791764	111
5588	8041	445.5800485	122
5588	18164	544.4764854	96
5596	760	612.182588	166
5600	11031	480.5201738	67
5604	11479	373.2207525	85
5611	5658	2307.082487	82
5611	18658	2152.35065	77
5612	20134	1279.286353	98
5616	3299	1852.883239	102
5616	17812	1751.233832	105
5623	2833	237.8568509	140
5625	11030	453.2929003	134
5625	18793	436.3014742	133
5628	1903	433.6204779	115
5631	20665	1554.294576	62
5632	6275	212.8842893	159
5633	14803	450.4155413	108
5635	17259	1233.72744	80
5638	1314	1612.601428	78
5638	1756	1577.619425	78
5638	7017	1620.337543	77
5638	13250	1576.271103	77
5646	8873	3100.919809	95
5647	1234	571.0957103	85
5647	6019	671.5252819	70
5647	7511	586.2268574	81
5649	1358	301.3165591	89
5649	19439	536.3628112	87
5652	2116	1837.112634	108
5654	4736	699.771557	67
5659	7459	654.2895081	96
5659	10259	589.7536275	100
5659	20191	655.0154112	92
5660	4316	303.4913339	181
5661	17801	1145.160366	153
5667	15144	1432.337705	62
5671	16963	450.510734	108
5673	12895	673.0915149	107
5675	15059	556.6078119	125
5676	14991	1403.734364	94
5677	6911	1280.887786	55
5679	7131	348.8520039	84
5685	15688	1874.087067	53
5690	8333	583.3551665	89
5691	2592	289.4076671	100
5692	8370	2127.369061	43.0647448
5692	12476	2151.989531	42.1285547
5694	16077	412.6387634	68
5694	17879	417.9536167	66
5694	20585	403.4018088	70
5701	14748	1086.587914	36.92365229
5702	14694	1738.997044	44.02173913
5702	18362	1756.311857	43.0647448
5708	2359	582.2661807	97
5710	6882	224.536041	185
5714	20295	494.114055	94
5716	4910	574.9443882	131
5717	5296	249.424881	195
5719	20363	6946.100425	135
5724	2883	343.8521889	108
5726	6960	476.3465629	81
5727	12525	1845.193528	85
5728	4078	1273.682584	119
5730	4706	259.9109271	71
5731	5939	2568.010439	38.58293741
5731	20475	2554.161852	39.44033602
5734	7221	380.2373718	123
5734	10490	226.2900684	153
5734	15229	268.6295698	141
5737	18224	187.3882161	205
5741	8823	1161.374484	164
5742	5797	938.7580958	51
5742	18438	923.337103	52
5744	11479	324.1640298	97
5746	7796	215.9262438	204
5747	14573	831.1092706	62
5753	3201	1584.265677	91
5755	9968	818.9704842	129
5758	678	404.3620131	150
5758	15008	499.3404557	136
5762	14409	313.4587316	141
5763	1095	1075.545199	80
5763	1622	1046.612128	82
5763	2736	1138.376966	75
5763	5785	1113.690823	75
5763	12168	1120.118413	75
5763	18625	1161.28553	73
5765	7538	1005.24598	123
5773	15245	1598.761166	98
5775	4211	277.7527866	130
5776	601	535.6297646	137
5776	1145	600.7893908	131
5776	2152	563.9181035	141
5776	18293	572.1189018	140
5777	17431	603.7065497	45
5778	8449	333.4236779	142
5779	17732	2373.260528	93
5779	19459	2242.78947	93
5780	14239	360.7572701	169
5788	8793	588.5308112	77
5792	6842	2871.545401	55
5793	9043	657.5863807	92
5799	7313	278.8103013	115
5799	17336	325.9982119	104
5803	20354	765.1060815	87
5805	1430	871.4426265	82
5809	16983	5059.433137	39.44033602
