1	19467	703.2270525	125
3	4752	1226.712576	63
3	20485	1277.264049	63
13	19206	284.9115798	136
14	8209	401.2332841	211
15	14723	1168.374759	55
16	7470	1161.702457	113
20	13808	470.8104793	139
24	7845	611.4424764	166
27	7807	639.2277513	100
27	16272	711.6790561	98
33	16991	206.5670328	169
34	2067	1401.695798	118
39	8403	2792.890316	57
39	9013	2677.676304	61
40	900	1933.828501	125
48	19172	1040.830225	108
49	16402	1671.376846	51
50	12338	347.3952645	82
51	19164	602.6493428	50
52	18435	1440.003954	120
54	13457	536.9049044	131
56	1573	190.9989829	251
59	20789	2687.846138	37.7441779
63	6737	977.2398407	136
71	14824	472.3063122	115
72	17013	1387.673834	132
81	14705	3571.564271	79
83	11011	1528.387673	51
100	8426	3048.236246	32.36180563
101	1132	501.1339008	33.81608925
103	20550	460.4984953	137
106	2694	185.8301528	272
107	7271	854.7620785	44.02173913
107	18000	851.7662822	45
108	4931	1263.669609	94
114	11220	322.5099657	149
115	19649	2456.083466	36.1209642
119	1108	374.1112318	96
119	8369	411.558468	103
119	17802	300.6849784	122
119	18814	426.7818806	92
119	20147	328.5430092	117
119	20751	431.2715718	86
122	14897	1006.900454	104
123	1408	326.0138332	187
123	6169	260.8792225	212
125	7795	1081.663196	46
126	20756	298.5278273	80
128	13134	187.393985	134
128	15687	181.533313	149
129	13088	309.9226853	119
129	18925	310.1929877	139
130	14090	630.6265236	174
136	13129	1744.063459	71
141	20443	1509.654612	85
148	15373	394.9659251	90
149	8551	1060.804371	118
149	14734	1202.955702	113
153	1371	1217.437315	67
153	1574	1197.270578	66
153	2751	1186.561758	67
153	14637	1165.58287	69
159	19879	1130.194242	95
163	15805	1783.064153	53
164	16118	1937.902306	63
165	19901	649.1918101	176
166	9415	1371.347121	93
173	2800	2585.616942	97
177	13326	279.7206813	226
180	10546	3704.874375	71
184	15401	568.6712028	90
186	20864	474.5935275	106
190	17812	314.0021771	133
192	1925	384.397739	154
192	8304	385.8540389	154
194	17881	305.7516221	139
200	6803	320.5355339	72
202	5677	199.2534854	222
210	8313	211.0671287	126
212	11171	423.3050157	159
214	47	2376.380944	87
214	10956	2376.71762	89
214	12393	2335.620376	91
217	3630	256.856393	220
217	18924	265.3080089	189
225	10325	940.481634	55
225	13847	954.4051445	54
229	508	978.3535608	76
229	3832	1029.887761	73
229	13557	905.1695547	82
238	4250	486.2267991	89
239	7787	337.2727225	158
239	10214	327.5847075	151
239	12215	310.9398528	155
242	1018	334.4308286	78
250	3378	282.1054176	136
255	19611	1630.023454	81
259	10830	244.9976654	210
259	14166	217.5225162	202
259	20346	240.5880106	204
266	1522	315.8281081	169
267	19822	888.3698441	110
268	2498	3189.349294	62
268	16213	3328.303975	56
275	20143	731.4207838	70
278	17383	2464.493705	37.7441779
278	20014	2320.79015	42.1285547
280	9853	335.222507	83
280	10470	377.8593921	73
286	1919	617.0235954	36.92365229
287	13608	277.1571875	164
293	6717	4809.202125	39.44033602
295	8190	1500.769078	74
297	2364	735.2339262	169
297	12520	686.1608583	165
301	14428	211.9734474	146
303	4589	2079.021407	63
305	4219	2858.406693	41.21271655
306	2593	2376.893603	41.21271655
306	16959	2415.342587	40.31678793
307	9870	284.6708892	158
311	15125	321.4234678	163
319	4340	1824.5685	94
321	15291	2916.739342	48
326	17995	419.2474062	151
328	9261	355.127005	229
330	1643	351.7606123	146
331	2889	511.7215567	109
338	5066	948.5036132	65
343	1882	1297.533678	28.99386789
344	14200	735.2271311	70
347	13506	298.9569201	143
350	9168	255.2532275	212
350	10066	223.1117881	214
350	16576	251.0764918	197
352	12202	211.0000597	177
353	1529	2177.165122	61
353	9102	2185.914447	61
353	14566	2157.996265	62
357	1758	2418.782619	59
357	11515	2587.705576	55
363	4511	653.4188316	121
363	9457	673.8432597	122
366	5852	3215.704247	83
366	16456	3268.524971	80
373	1791	1004.183004	108
377	20021	276.5877928	186
385	20323	1031.219209	33.08095687
386	12658	900.2466053	112
390	1294	386.6785222	127
394	19923	2488.005884	72
395	17979	1410.857981	95
395	19640	1404.279718	93
396	15751	563.3169749	114
397	15826	1204.534192	113
402	18306	239.7372889	88
405	19797	1513.392208	73
413	5712	1407.231082	72
415	7158	1327.513897	79
418	3988	254.8032683	122
421	2090	509.9074465	133
422	1330	368.7111722	125
423	3112	234.9543218	116
423	16966	263.8907889	103
423	17964	250.9272815	109
427	12222	260.5499614	90
428	21038	214.961447	185
429	16098	1216.935996	31.65828812
432	9971	622.6227664	129
433	6186	410.3068254	132
434	4375	778.1652642	113
434	13398	696.7845861	117
436	16287	1195.122622	127
438	4630	822.391156	49
438	5107	848.1740033	53
444	3321	1300.343225	60
453	13744	1905.676328	81
456	7958	722.0139369	79
461	16954	860.6308081	90
464	5177	330.5144998	100
464	7230	374.2657408	94
469	16826	1783.632169	77
470	4129	407.1308518	140
470	5376	404.8557487	140
473	15342	1727.487792	116
478	19488	784.5513832	132
479	5928	2890.87951	44.02173913
480	7961	489.9091312	94
480	19420	447.9210656	102
482	18679	260.6896352	222
483	8030	1038.932152	92
483	15481	1107.031324	101
483	20134	1105.44147	101
484	1268	1031.0349	130
484	15081	1033.443534	129
487	5879	867.1109893	52
489	11798	4119.644699	64
492	9653	373.8721624	72
511	9893	1871.360331	137
514	10976	1845.919017	118
515	16252	1654.485115	76
517	1561	918.3782073	66
523	1284	1072.8074	91
536	15367	2548.019953	75
539	12575	676.8183653	87
541	4411	689.1986504	120
543	4631	1410.383867	71
544	15073	1611.382167	96
546	1130	351.4046871	66
546	1593	290.9185332	72
546	2661	277.1446815	75
549	3241	3451.707414	69
549	19716	3281.180085	71
554	207	1228.65004	131
562	4698	4020.29029	75
562	8829	4020.29029	75
563	2036	667.6540083	122
564	13726	1923.053636	74
574	12965	1006.791655	81
575	15298	531.6804944	91
576	3158	1036.401539	114
585	6935	2005.454204	81
587	20745	263.5315225	194
588	10879	2269.25926	69
589	4723	309.3513351	143
589	5206	355.2452325	123
589	20050	350.4826658	137
599	7237	1201.698355	127
600	7252	196.7936326	204
601	17968	2472.438912	75
604	7344	403.3900002	72
605	7718	189.9158616	281
607	15288	866.2737917	172
608	9676	361.0437417	139
618	2854	442.5236739	79
622	9075	758.4344642	116
625	3617	1017.679216	95
626	1110	1037.154722	106
626	1343	1064.727075	102
627	6874	1478.277561	22.76709704
627	9041	1447.384884	22.27216015
630	1062	183.5088298	139
634	4855	942.1740723	80
635	12375	1940.164584	40.31678793
640	14533	360.8712443	73
641	6967	2877.799831	65
641	10222	3083.515236	57
645	17640	524.339933	78
648	9599	1003.581744	66
649	2251	238.6589302	120
650	2202	375.6378142	45
651	10855	1366.676019	71
651	18577	1322.209356	74
652	2481	2847.617342	46
652	19944	2840.399042	47
653	5337	1749.8177	48
656	18952	4538.924994	56
657	16052	390.137153	189
659	11628	895.2953484	100
664	1560	1335.235347	64
668	19859	1139.011179	25.97643606
673	394	5358.579013	40.31678793
675	13841	1627.151931	117
676	5671	1895.990578	83
676	16675	1869.837475	85
680	16658	349.6386493	69
681	5748	439.3413328	104
681	16737	488.3216603	98
690	8338	1120.237216	89
691	8394	972.2172468	108
692	1250	2690.814774	121
692	6122	2656.532851	121
697	518	835.2660155	61
697	2185	668.5149797	69
699	3428	1052.633675	138
700	11614	1652.780618	65
701	16850	1051.386805	159
705	8631	466.1785941	110
705	9537	479.0156163	125
706	9073	1074.679876	36.1209642
710	18226	2668.308818	85
712	7785	305.3454973	123
715	9127	2657.03194	86
716	8370	248.6004676	199
720	7282	602.5023111	148
720	7773	597.226177	146
725	13474	315.9176915	153
730	9141	368.0475093	126
743	17062	794.9675865	64
744	18506	1518.739846	114
745	8662	1554.313758	73
745	13003	1632.120367	74
746	11694	475.6864938	124
747	12679	815.8460388	84
750	9623	1474.117306	72
752	17955	366.169947	148
753	16702	1834.217181	177
756	17691	3102.377581	44.02173913
759	2914	1526.648467	115
764	16176	293.3634579	89
769	7098	1110.148833	119
770	7731	294.9955959	132
771	5708	1085.517371	104
772	9404	1870.578152	33.81608925
776	19396	909.1311118	145
781	6356	1028.859682	111
784	4575	1335.754197	94
784	9116	1314.908083	96
790	7429	341.5552644	183
792	5149	500.3943158	59
793	14079	659.755363	79
798	21	1895.482478	100
799	17413	485.0860377	26.5536902
805	5987	1341.082073	49
808	18043	356.7331978	107
824	19605	1179.255246	43.0647448
829	19781	255.4776749	139
830	9269	367.4076834	62
830	11124	360.0093494	63
831	20696	546.7658301	120
832	19448	1916.114858	88
834	4500	899.3845668	90
834	17718	945.9729279	89
837	12740	483.8691335	63
843	8569	235.6207687	167
844	20418	887.5419269	54
846	9214	550.5269644	135
852	5380	1487.078549	121
852	9454	1620.409032	118
853	12137	1816.120579	49
857	19427	282.2583418	153
863	8292	3417.738246	67
865	922	237.708797	206
865	20503	254.6905022	190
870	13550	1183.803377	33.08095687
870	14255	1164.753543	36.1209642
872	13243	568.4721872	153
874	4540	894.8523416	122
875	13299	2578.358227	113
878	2878	954.4927922	20.39769385
878	3196	966.2492383	19.09611913
878	3435	971.4587007	19.09611913
878	3793	969.979508	19.09611913
878	5530	967.1723055	19.09611913
878	11016	978.7755742	18.27487772
878	11587	963.3777053	20.39769385
878	13067	968.8319619	19.09611913
878	16229	957.6605349	19.95426572
878	19711	969.979508	19.09611913
878	19795	993.7652918	20.39769385
878	19968	971.4587007	19.09611913
878	20289	969.979508	19.09611913
879	15547	1152.476706	33.81608925
883	16320	892.1477104	149
883	20224	786.8823621	161
886	4293	4071.903014	57
894	19463	1217.414981	78
906	8946	230.6233845	239
907	23	274.8581483	188
907	9609	290.5428452	185
909	12618	1432.772839	94
911	1553	443.4121954	130
911	2392	458.9550471	127
914	9059	7236.588448	83
922	18484	325.9725838	145
930	18139	4727.997994	148
934	6776	512.350172	110
934	18929	516.4471368	113
935	8489	883.8803451	111
936	3406	507.7264666	82
940	8037	758.4105989	108
941	17662	196.3151632	209
943	15254	883.5299855	100
944	47	2302.975337	86
944	10956	2296.310246	88
944	12393	2227.57226	88
951	9641	836.1574911	98
952	9515	1915.595546	37.7441779
952	10538	1752.648626	44.02173913
955	11621	1434.223504	71
957	15360	519.2260471	123
959	2887	2951.470871	88
960	10429	1015.762267	110
968	18879	1128.7749	20.85097594
979	10656	211.0186306	247
979	14788	301.5526728	230
980	6651	2864.653625	79
981	14149	1910.169263	92
985	9276	631.4260345	137
990	6890	5688.813386	68
992	463	3932.51331	37.7441779
994	8423	1853.324141	16.37298599
996	19345	6086.243299	74
998	11576	699.8456396	83
1000	740	382.6424037	228
1002	18711	466.6242786	53
1012	11470	603.70675	80
1015	3011	4845.966582	55
1017	10590	1379.954919	67
1018	20707	324.1428711	84
1020	2799	3302.385939	25.97643606
1026	6325	297.4084805	110
1036	5987	1350.393346	48
1037	14429	249.1105545	119
1039	4333	578.3156484	57
1039	7206	579.3332309	57
1047	674	288.0895309	245
1052	8633	1748.428595	99
1052	12853	1660.875945	103
1052	13030	1772.980107	97
1053	10632	3996.643441	99
1056	6238	200.3208886	162
1057	19663	954.7126496	112
1066	16597	774.574476	112
1068	9078	322.8000294	222
1069	3899	438.2438599	134
1069	15724	536.2604221	128
1072	11319	513.7070436	140
1073	7947	191.0452747	137
1074	7835	398.934623	120
1074	13391	400.1604657	119
1074	16783	417.6263453	124
1075	8541	980.6224788	125
1082	2600	347.496607	144
1082	16592	407.1274467	134
1083	9779	1436.527027	52
1085	11973	456.6572351	125
1088	4723	339.2957878	138
1088	5206	371.3380136	126
1088	20050	317.2618697	144
1089	4621	1097.355884	90
1090	118	1629.170066	83
1090	12138	1530.301947	86
1090	13152	1534.361529	87
1093	812	1206.441628	69
1094	14564	2867.196498	80
1095	1304	738.6538703	103
1095	1954	722.440511	104
1095	15777	677.1522247	94
1096	3627	1119.761985	38.58293741
1099	13606	1495.942479	101
1103	4067	2532.549882	45
1103	7198	2507.256726	46
1103	15321	2473.557314	47
1112	18150	1115.415966	60
1117	507	1064.771528	120
1117	13233	1049.783149	128
1117	15478	1012.370221	126
1118	8633	1735.908498	97
1118	12853	1689.084607	101
1118	13030	1795.989855	96
1119	20430	3770.918682	23.27303253
1123	822	398.4067892	101
1124	1078	225.0976874	153
1124	3114	212.1277147	157
1125	14325	1310.864194	85
1125	15158	1297.800173	85
1126	17397	885.851049	30.2968022
1129	17508	390.4390257	159
1133	936	1005.54299	95
1134	20955	1580.266617	105
1136	6967	2796.415243	62
1136	10222	3007.737419	59
1138	11349	525.2519837	93
1147	519	183.5710963	319
1147	1826	183.5710963	319
1153	18241	1813.968497	50
1162	9385	652.4036991	177
1163	7477	1070.937158	75
1167	12611	346.4034225	158
1168	1739	200.0041648	124
1169	20623	183.2825048	170
1170	16987	318.5896724	109
1170	17122	331.4599666	106
1170	19496	290.1559046	92
1178	1309	1258.843304	127
1178	4471	1301.501609	124
1178	9633	1277.831229	129
1179	5946	713.5545535	144
1185	14368	212.9336814	67
1186	1761	579.5567922	105
1187	8926	2137.534305	110
1189	3123	537.5924645	119
1190	8974	462.6872688	64
1191	747	1298.324172	71
1193	11083	1199.522564	56
1193	16051	1265.414827	54
1195	7520	6272.529057	46
1196	16255	359.9385639	124
1197	6293	1523.467374	61
1197	6951	1603.397641	58
1200	20423	1134.326701	148
1202	5659	730.7951017	106
1202	11298	850.2434328	103
1203	19838	1065.346019	102
1206	1583	562.3266249	187
1208	5275	270.1185374	121
1209	1647	854.4527134	57
1214	7325	719.4318337	116
1215	6807	581.7253349	114
1215	16410	584.9142254	108
1217	8040	405.5559681	55
1225	1045	2488.519462	71
1233	14321	1208.70372	59
1233	14357	1135.306099	67
1236	16286	1462.202364	105
1247	4938	538.9957156	123
1250	7732	219.4973002	210
1252	6874	1485.525814	22.76709704
1252	9041	1441.779819	22.76709704
1253	14114	592.7291854	111
1253	16968	537.2346992	101
1254	11598	2985.381928	78
1255	4214	805.4041838	44.02173913
1261	1695	1107.262179	58
1264	5961	1932.427124	56
1265	463	3702.85138	40.31678793
1266	5890	874.6850072	72
1271	13478	1813.649381	95
1273	19432	1163.9227	88
1275	4127	841.5444296	135
1275	6163	838.2411022	130
1278	2334	268.4349693	121
1279	1514	788.2988212	122
1283	15885	768.1816865	76
1286	6215	528.2251449	101
1291	16767	8662.125462	67
1302	6292	1302.973846	65
1304	3513	2195.715751	108
1309	10672	554.2893044	40.31678793
1310	9653	352.1500723	75
1313	1806	395.3110297	158
1313	5537	417.1125751	153
1314	9032	2362.89343	121
1315	5180	268.3252248	125
1316	18615	1535.593121	75
1321	17126	738.7103921	110
1325	5338	322.8461877	165
1325	8676	232.7156682	171
1325	11275	343.6539853	157
1338	10032	184.8275097	150
1339	17742	258.0883659	80
1349	1068	941.5256089	114
1354	15538	1780.151139	119
1360	8964	529.2986817	153
1360	16817	583.3452686	148
1362	3071	2990.401262	89
1362	13580	2938.074093	80
1366	658	3041.527326	71
1366	10888	3036.660825	71
1367	15129	629.9159784	95
1374	310	1225.798921	34.5675579
1374	1957	1231.611808	34.5675579
1384	13895	1539.240423	51
1391	17255	200.6086645	159
1395	15707	288.9621493	150
1396	9064	1558.70344	109
1400	5770	656.4969168	84
1404	937	874.4397524	73
1407	6896	369.9796263	195
1407	7244	380.9909037	191
1410	6665	1141.870493	159
1411	13053	1943.190467	43.0647448
1414	756	561.3635145	62
1415	8565	675.7104949	96
1415	8850	535.0272758	109
1416	3945	2805.87544	48
1417	4562	5684.28957	95
1418	2417	621.0740411	95
1421	19630	375.5581633	134
1423	17762	677.575392	123
1424	2641	646.9662888	112
1428	10169	2371.117968	67
1428	20291	2105.727235	71
1431	18195	287.3846821	182
1432	11749	322.9606823	156
1437	4502	546.7109445	101
1438	7077	1242.663406	48
1439	5256	885.2995312	75
1440	16821	221.7235689	143
1455	4601	600.4373327	118
1456	2341	1695.41628	96
1458	18048	1078.66712	45
1462	4500	811.8967375	95
1462	17718	854.7641317	93
1463	10537	541.0028199	87
1463	15540	551.8452874	85
1464	6535	2838.979417	51
1466	1498	920.8281307	86
1470	6147	735.8258601	67
1479	808	479.7842393	95
1487	12240	464.8802572	142
1496	16937	1045.925023	104
1496	20479	1093.252979	100
1498	1191	1166.653605	57
1499	593	3638.516873	81
1500	13014	1596.892645	126
1501	6064	438.2653296	43.0647448
1502	2992	2228.890959	84
1502	16903	2231.582485	80
1505	6182	654.7432381	95
1507	5289	208.9627739	201
1513	6846	340.2939486	86
1515	4311	220.2774708	217
1515	6988	235.5217901	193
1515	8042	226.3597525	201
1517	8070	1220.259775	93
1520	462	257.6990681	182
1527	587	2222.446973	72
1532	10429	1123.007571	112
1539	13642	559.9792698	73
1539	18470	527.7861677	80
1541	788	1901.527053	80
1546	16182	1112.646623	88
1550	13442	251.0466008	108
1555	1430	474.8464415	157
1558	16119	345.3071452	132
1564	4174	1851.140882	48
1566	8706	801.208186	170
1569	10288	1504.643631	58
1571	14209	5027.795924	62
1579	17225	896.597181	108
1584	8921	939.0430178	41.21271655
1584	21112	942.1481955	43.0647448
1590	3254	1044.454315	72
1597	9631	1160.382367	127
1601	17239	987.0136721	56
1603	15335	1809.825346	33.81608925
1604	7476	1138.345132	91
1604	11338	1234.672068	81
1619	6720	1663.70226	44.02173913
1626	21051	485.4217304	160
1638	15094	749.2445167	24.859302
1639	20336	1087.518321	108
1644	5242	830.0953212	55
1646	2230	2625.663687	40.31678793
1648	4925	1681.683127	82
1648	7288	1735.338337	82
1648	11331	1728.107824	82
1648	15779	1708.292375	83
1648	20786	1722.842185	83
1653	10458	396.8468077	74
1654	10220	565.2252113	181
1656	2820	921.1651205	118
1659	440	339.139656	140
1660	15479	282.6868326	117
1661	6172	653.3563613	41.21271655
1661	12068	735.9628978	33.81608925
1669	1546	1867.089527	78
1670	67	1927.02751	43.0647448
1670	5349	2005.536153	44.02173913
1671	11554	579.3146858	92
1674	2809	2890.082332	39.44033602
1678	15101	270.1871905	171
1679	14962	1622.243667	22.76709704
1684	13647	1691.969003	82
1686	159	1632.646531	81
1686	12702	1737.178	74
1688	1319	13661.65456	47
1689	6964	231.8292335	144
1691	12508	786.4407512	132
1696	9972	1469.325216	49
1700	11576	798.9781529	82
1701	8505	204.2421249	108
1701	20129	215.1787736	100
1702	4240	1397.888024	65
1702	19613	1455.478287	67
1709	19719	336.687274	141
1711	2284	243.0082547	115
1715	4369	578.3021516	98
1716	2916	2324.122359	70
1727	149	277.4284155	154
1727	1276	266.0009375	132
1734	3226	1381.273232	71
1734	8750	1399.875247	70
1734	21050	1278.504264	77
1736	19387	2704.072529	84
1739	6423	396.6107791	87
1742	1206	1935.517654	61
1745	4701	399.2045038	125
1745	10695	386.842485	121
1752	13659	190.1102445	83
1753	2499	292.4473473	147
1754	13794	1044.729558	25.41173093
1758	5362	205.2775423	145
1770	12030	433.5007656	71
1774	2566	197.804952	213
1775	11758	1579.796929	55
1777	3963	364.5089696	155
1777	9260	231.7461922	169
1777	12830	263.4821688	164
1777	16010	302.3219034	155
1777	18860	212.145987	154
1781	11945	6533.192519	123
1784	4240	1450.181737	62
1784	19613	1469.723483	66
1786	14397	704.9098408	132
1795	14862	231.7825207	136
1799	11832	1838.886067	109
1799	14898	1864.049535	112
1801	3288	334.4207548	134
1802	5155	1505.077365	112
1802	10259	1515.103018	114
1811	3924	752.3088834	73
1811	7393	769.2000166	72
1813	9458	3113.374839	70
1813	10315	3058.716257	70
1813	14642	3055.994346	71
1816	15440	1025.427466	103
1823	1304	533.6045956	108
1823	1954	527.5309409	109
1823	15777	630.0396579	99
1828	13794	1056.917548	24.31888239
1831	15239	1026.521247	71
1833	10610	202.0795035	161
1835	16496	897.9388048	91
1838	10815	343.151326	107
1838	19655	353.3490382	113
1842	911	452.4544378	137
1843	6692	1833.29182	82
1850	1583	739.4049085	195
1852	18916	361.5123052	105
1855	4333	576.9019709	57
1855	7206	579.6359609	57
1856	2034	215.1063464	242
1857	721	449.030851	141
1864	15245	1336.911057	30.97006447
1865	4638	444.3039385	174
1867	8497	514.977055	63
1867	14855	525.3457075	62
1867	17148	566.522166	58
1870	15920	1926.068035	60
1879	5928	2992.787867	42.1285547
1880	13209	2362.106965	67
1882	6186	431.6872919	123
1883	10282	732.3444819	158
1885	14982	879.7891077	42.1285547
1886	8516	190.8226371	179
1886	15787	182.1450421	178
1891	5879	867.0217685	52
1893	2580	408.8553818	99
1893	18843	299.2018186	128
1897	17397	918.226374	30.97006447
1898	18752	1491.373517	60
1899	3071	2810.134249	81
1899	13580	2793.802688	82
1900	7645	841.4392736	92
1903	10216	849.0881083	126
1903	15795	751.2603537	138
1904	6226	869.7343898	141
1906	18051	480.028161	67
1907	2024	745.8460159	124
1914	20234	6149.117156	92
1919	3175	1233.83646	97
1920	10951	1329.263097	81
1922	2199	2331.421724	57
1923	14404	212.8892104	165
1925	5513	352.4888924	169
1927	3517	3392.970367	29.63817606
1927	4464	3354.915617	30.97006447
1927	4906	3389.000376	29.63817606
1927	11474	3395.669114	28.99386789
1927	17511	3393.715615	28.99386789
1930	17944	962.0210414	63
1939	17990	585.4051454	118
1944	2323	2872.264804	33.81608925
1946	20343	856.1072134	156
1947	18952	4389.820912	60
1949	20397	927.6389781	128
1950	8247	1043.339139	56
1951	11504	826.3772651	83
1955	2938	1016.035563	95
1955	19256	1094.589707	89
1959	7871	586.5797273	121
1962	12213	494.82896	87
1964	2538	3627.148095	56
1971	42	2938.361516	81
1973	1866	1118.617518	85
1976	6387	919.710415	77
1983	9230	451.7901022	194
1988	11104	812.1715085	96
1988	19748	721.7733109	108
1995	6794	948.7759239	105
2002	6383	726.1861743	105
2004	14091	2439.590528	28.99386789
2005	17716	1259.220301	62
2007	21132	1115.535617	105
2009	14702	659.6911994	91
2012	5762	448.5208632	149
2020	4630	744.3300362	68
2020	5107	911.2888898	54
2021	10096	1662.86814	45
2025	15311	1775.293553	99
2029	4560	6814.736895	70
2030	13837	285.6421229	87
2030	14836	342.107645	72
2036	647	776.0308071	128
2041	450	783.1008759	111
2041	11221	743.3502014	113
2041	13591	595.3705295	119
2041	15180	705.0594319	111
2041	18998	684.3447417	110
2041	20295	686.4043892	113
2048	1901	598.7062138	58
2048	4678	603.3291467	59
2048	11161	607.1136773	61
2052	2701	1359.01397	65
2053	4844	721.0858312	108
2054	13259	1246.758642	81
2056	1108	389.8838929	95
2056	8369	449.6177268	91
2056	17802	312.0373801	116
2056	18814	437.9376707	89
2056	20147	328.2352667	116
2056	20751	468.8647851	94
2059	10376	1472.360973	87
2059	19758	1588.814696	83
2060	9317	470.6310053	121
2065	7266	199.8195673	133
2067	7728	1210.599676	75
2068	3165	501.4746416	155
2070	9718	4159.03504	86
2070	15827	3815.767447	90
2070	18837	3760.677553	89
2071	3218	942.5731069	85
2073	6297	1056.925954	88
2074	2893	1002.598925	55
2076	14812	242.9145998	274
2081	8339	2183.981375	84
2087	8267	1078.194105	38.58293741
2087	19706	973.1208065	46
2088	4907	2870.288466	106
2097	2775	2682.460766	97
2100	10471	965.6837962	140
2107	8582	2745.294421	81
2111	3491	369.875726	86
2111	5442	375.3726622	85
2111	7340	306.2734916	97
2111	16489	369.2445289	87
2111	17262	384.1172746	83
2116	1203	556.5454016	135
2116	2531	647.2962331	124
2116	8311	606.3570326	126
2116	10095	615.4787338	138
2116	19358	625.6654499	131
2116	19844	655.1884924	130
2116	20970	588.1000057	139
2117	5849	399.0802679	130
2128	16086	407.3367383	151
2129	2475	1138.099523	86
2132	19060	1074.561818	90
2133	15455	181.070549	125
2141	12897	185.3986939	132
2146	18932	819.0667631	86
2148	3704	807.3201143	123
2148	18717	812.5937189	125
2152	14795	306.0552186	92
2152	20375	249.7645631	100
2154	19751	901.9518679	91
2158	8130	222.1567875	191
2166	4613	475.898646	144
2169	4780	621.2579195	128
2171	162	4503.809105	32.36180563
2171	337	4009.866009	32.36180563
2171	1628	4438.70693	33.08095687
2171	4139	4682.546443	28.99386789
2171	6792	4449.335032	29.63817606
2171	8552	4662.479706	28.99386789
2171	11334	4723.052239	28.99386789
2171	12339	4441.775189	33.08095687
2173	5601	241.6659717	144
2173	10100	269.826674	150
2175	16621	880.7638952	157
2176	20921	410.2456865	133
2179	4067	2308.991751	53
2179	7198	2284.771961	53
2179	15321	2285.897179	53
2185	7090	315.4596169	144
2198	14730	674.5713307	127
2202	19395	787.2406323	97
2204	20625	398.4101679	163
2207	13688	398.714333	134
2207	17017	640.7115023	120
2208	2558	1842.535975	78
2208	18722	1958.69352	73
2216	20801	2854.311537	55
2217	2889	746.8055096	104
2224	7038	3853.479029	80
2224	11929	3735.640828	80
2230	16274	521.7389293	86
2231	19787	978.8167033	107
2237	4783	2761.775357	43.0647448
2242	5434	1207.209689	53
2242	10062	1222.213411	53
2249	5440	935.2971486	146
2249	15205	1080.650268	138
2256	9184	600.673583	156
2256	13590	520.5303781	163
2257	12780	1546.906093	83
2259	6894	342.3480345	177
2265	15639	529.616935	138
2272	2096	2137.477463	73
2273	20420	1502.755438	60
2274	10192	2159.358526	57
2274	11698	2148.735859	60
2281	14761	1987.829056	109
2282	10071	441.8467347	151
2285	14490	1715.3707	72
2290	11264	473.5315258	108
2290	13145	549.874114	104
2294	17929	296.6851052	209
2297	614	416.9774236	139
2303	18597	429.3996013	165
2311	11235	2853.295796	35.33572585
2312	14673	964.7349101	124
2315	18941	933.8055386	112
2317	12315	266.611702	65
2321	561	3201.536915	49
2323	15922	208.3448042	194
2323	17386	207.469453	194
2327	18658	403.8057004	108
2330	11878	483.4989678	88
2330	12932	499.5628313	87
2332	10704	3989.294328	66
2332	20170	3953.211766	68
2340	18530	656.9087547	118
2349	10928	1570.661766	101
2351	17383	2235.234453	47
2351	20014	2409.065531	41.21271655
2356	20302	1298.66271	130
2358	8403	2906.587642	54
2358	9013	2744.702251	57
2359	9613	2009.102465	100
2364	3100	344.7491258	153
2364	7076	320.9053874	164
2367	12608	2561.279265	40.31678793
2367	14588	2620.85764	38.58293741
2371	4853	653.2205099	81
2373	15532	760.2463752	104
2383	7420	309.2741253	83
2385	18185	425.248792	116
2386	9268	566.567493	109
2391	8921	931.122807	42.1285547
2391	21112	956.946063	43.0647448
2393	16905	981.2762583	55
2394	16519	324.4253119	131
2397	11889	497.4571372	119
2398	5215	1751.235451	46
2398	13039	1722.552561	50
2399	18988	1290.87776	96
2400	12963	365.0273878	79
2404	16006	1728.131161	62
2406	15909	204.1534867	156
2409	11001	487.9421522	84
2411	10898	396.2687824	166
2418	18691	202.5539827	173
2421	7357	1099.51	108
2425	4255	579.7877224	122
2425	17305	592.2244504	121
2426	6292	815.7010038	69
2427	3837	396.8494768	47
2428	408	721.2571457	84
2430	4406	1103.510193	139
2434	4760	713.6368276	105
2439	8393	1143.455244	111
2446	13923	211.2125111	141
2447	9159	351.9628939	116
2447	15745	234.7446886	142
2447	20053	345.8739889	109
2452	8036	436.6848909	83
2453	5268	1511.968047	72
2456	12850	383.1087742	152
2457	10952	457.7327982	127
2460	9236	711.6642545	45
2461	11871	1609.139314	72
2462	13645	859.2541133	97
2462	14829	809.2537848	106
2467	6421	731.3929498	51
2467	8462	806.9089636	50
2467	18329	698.0224563	57
2470	4478	863.2108026	56
2477	2188	306.8810199	220
2481	1047	295.8724782	177
2481	1061	274.0027959	184
2481	9038	287.740404	179
2482	8323	982.2420606	90
2485	1433	373.0170058	111
2487	12825	4694.617841	75
2489	5706	243.7497812	156
2489	8949	214.4649864	153
2489	16463	326.9790173	149
2489	17231	227.2464492	153
2490	4067	2467.384889	47
2490	7198	2456.578749	47
2490	15321	2397.780149	50
2494	12963	369.8131358	79
2498	14803	1399.2164	81
2498	18149	1341.821685	75
2499	15475	623.9562982	48
2505	13481	1103.358528	68
2508	16258	207.7913304	211
2513	14146	248.6635717	184
2519	8886	1390.686767	68
2523	16838	580.2223673	112
2525	628	2307.858223	60
2525	19947	2324.266694	59
2528	4558	562.9362252	128
2528	19318	441.4748637	143
2530	5441	1361.752037	112
2533	15004	778.0819421	53
2551	12293	903.8790435	129
2551	14399	905.2751435	129
2553	11506	1442.107424	142
2554	14675	381.7958847	169
2555	15651	1050.078141	33.81608925
2572	9156	630.1392829	117
2578	8816	352.6814286	38.58293741
2578	14640	346.4576378	40.31678793
2578	19520	299.9035194	51
2579	5242	827.494187	56
2581	2558	1997.239429	67
2581	18722	1920.768056	73
2582	12100	617.0967519	124
2585	3226	1474.349997	66
2585	8750	1469.494533	67
2585	21050	1381.412647	70
2587	10976	1834.134841	119
2595	7804	765.9669499	130
2600	12852	327.3080844	118
2601	17647	205.7773892	175
2614	18074	834.7809575	144
2615	2600	390.170503	136
2615	16592	427.2966114	130
2618	2044	242.7067542	77
2622	1510	688.7961023	142
2625	162	4401.033551	31.65828812
2625	337	4230.296312	27.1437722
2625	1628	4633.255064	28.36356641
2625	4139	4763.711405	27.74696714
2625	6792	4546.253593	28.36356641
2625	8552	4587.02108	28.99386789
2625	11334	4870.160152	25.97643606
2625	12339	4633.922422	28.36356641
2627	18853	619.4824029	111
2628	6017	575.0811199	139
2632	4001	769.9665811	33.81608925
2632	5355	768.4902316	34.5675579
2635	2680	870.4240621	45
2639	2404	1475.687987	73
2640	6221	4030.222013	44.02173913
2640	6488	3975.651973	44.02173913
2641	2367	1390.497284	75
2642	10170	426.7436438	138
2642	12220	486.5558	122
2650	11524	631.7442117	103
2651	14772	482.2213225	113
2652	12120	502.8960681	58
2653	178	1996.883058	125
2654	196	527.8164071	114
2656	11210	486.4736998	172
2658	14234	496.4198179	111
2664	19470	1234.44768	79
2668	19934	1016.694735	79
2669	7923	1477.101878	88
2672	3607	236.9412482	190
2676	10990	1264.641698	76
2676	14936	1357.662927	72
2679	3658	279.6772851	111
2681	5434	1218.924858	53
2681	10062	1235.375245	52
2683	10743	1830.5736	25.41173093
2684	10953	206.9324261	140
2684	17138	181.9767984	145
2684	18672	182.6056112	156
2687	16398	736.4677896	111
2689	915	825.5988802	99
2689	4211	774.4794908	103
2689	5020	785.7148846	102
2689	5191	826.4787898	99
2689	7805	792.3903307	101
2690	154	582.9228395	34.5675579
2690	16685	569.1353007	36.1209642
2697	4089	302.4369343	47
2701	12537	1070.246023	105
2704	9653	409.652461	68
2705	1882	1308.267515	28.36356641
2706	3673	1010.780454	100
2708	4553	1437.513613	71
2709	8048	181.7144648	121
2717	18904	865.8808055	123
2718	19428	2928.090045	100
2719	16115	519.8037682	89
2721	20793	428.0511185	178
2727	11307	1605.318793	88
2729	11873	571.9203816	44.02173913
2731	15588	685.7888897	91
2732	9597	1846.002802	72
2733	18408	223.0129524	207
2739	3383	852.1513885	24.859302
2739	4643	842.4729658	21.78798276
2739	4924	841.4229845	24.859302
2739	4995	858.0430758	19.52047734
2739	5183	848.8994505	20.85097594
2739	8757	846.7586295	20.85097594
2739	9887	854.2993689	24.859302
2739	10350	843.5709649	24.859302
2739	10633	852.1513885	24.859302
2739	11024	848.8994505	20.85097594
2739	15168	854.2993689	24.859302
2739	15267	859.9809687	20.39769385
2739	20161	848.8994505	20.85097594
2740	20099	781.3979218	73
2741	8040	406.018563	55
2744	5247	419.5421547	137
2744	19153	406.9560125	135
2750	11285	294.3986143	184
2759	13574	765.1780675	107
2759	16061	761.9951803	106
2759	19707	792.374549	92
2762	3363	2155.883816	58
2764	6354	3367.097969	101
2768	10885	3125.60488	75
2773	5036	1286.927967	79
2775	1108	321.7224651	104
2775	8369	380.555944	109
2775	17802	278.743735	128
2775	18814	377.888961	102
2775	20147	261.7578677	125
2775	20751	363.7393176	106
2782	6186	488.2814384	120
2783	15817	228.1166132	150
2784	4408	792.8300486	124
2790	14068	283.5688716	195
2801	853	181.2824666	91
2807	5729	1472.10557	87
2808	5215	1738.664453	44.02173913
2808	13039	1725.695895	45
2809	3117	567.4201732	131
2812	3963	430.8121431	150
2812	9260	361.763128	172
2812	12830	308.0427449	165
2812	16010	300.2727565	171
2812	18860	330.5575526	177
2817	8138	742.501564	78
2818	8522	671.879746	42.1285547
2825	4579	1255.711686	100
2830	2266	499.9967389	174
2832	17576	388.0355301	96
2839	11873	549.3744065	45
2843	5942	856.2709587	149
2844	11768	475.1069018	115
2848	17473	658.4395684	50
2851	10668	193.2017619	164
2852	14298	210.1364192	152
2856	12601	573.6553663	115
2858	10718	1398.037171	144
2860	14587	1066.961895	73
2861	21002	193.308599	201
2862	2628	553.8494353	79
2863	6451	613.6276776	123
2864	18511	475.2744996	92
2866	17561	3084.064894	78
2870	6702	1875.776032	37.7441779
2872	10406	2584.658746	48
2874	1889	2280.782851	56
2874	11915	2312.709237	54
2876	3739	1091.614202	88
2877	20142	312.9911597	143
2881	6867	447.0505613	125
2884	16507	1325.796318	102
2884	17697	1418.628557	97
2896	4567	296.4629575	222
2896	11496	252.8260401	229
2896	15628	265.7385287	207
2897	10481	2720.134635	68
2903	20628	928.885713	61
2909	619	400.2791501	162
2909	15537	497.7019497	154
2914	87	902.4704457	121
2916	162	4518.191329	31.65828812
2916	337	4041.265277	30.97006447
2916	1628	4501.4081	31.65828812
2916	4139	4720.507826	28.36356641
2916	6792	4486.839605	28.99386789
2916	8552	4617.504889	28.99386789
2916	11334	4770.186265	28.36356641
2916	12339	4514.079132	31.65828812
2917	2652	686.8697728	101
2919	3819	345.1248301	106
2925	3233	2840.116758	56
2928	11223	232.6789059	135
2929	181	318.4122407	140
2932	17077	696.6855759	140
2933	1307	914.8675543	92
2943	3251	777.5545878	56
2943	5060	726.9872027	61
2943	17169	755.7171874	58
2950	10579	467.2566431	146
2954	19523	742.0036551	88
2957	3233	2813.41548	58
2958	2030	250.9151786	186
2958	8433	261.4781868	185
2959	9170	7364.262232	80
2959	14918	7442.888151	78
2961	1043	191.2522155	142
2963	18546	305.7736284	104
2964	1044	1123.081874	77
2964	10998	1010.881583	83
2965	1989	397.1315463	88
2966	13741	259.6215616	129
2968	15309	2384.239216	76
2970	16979	573.5700115	84
2970	19326	582.594311	84
2972	17550	470.6316779	118
2973	764	503.8228778	88
2973	20672	512.1137591	101
2974	8420	478.2402121	89
2975	20212	1000.461082	97
2978	8960	440.3573475	119
2982	4619	3014.42588	34.5675579
2983	10073	871.0607282	33.08095687
2991	17265	449.1972152	88
2992	15378	2818.975912	91
2995	21020	1339.827194	47
3000	17751	208.2064139	176
3003	8332	1923.88932	60
3003	9412	2016.807705	56
3005	5796	1489.888291	101
3018	18055	786.3450907	111
3019	18241	1813.968497	50
3020	9081	2765.059389	101
3021	1096	856.154891	154
3022	19379	609.0416788	125
3023	1107	1257.64259	148
3031	1360	1074.723412	8.283674685
3034	4733	272.7408732	87
3042	5169	1190.181342	50
3044	7707	316.6040128	138
3044	14650	380.3683587	137
3051	67	1983.333971	41.21271655
3051	5349	1981.278666	45
3052	200	2099.947563	90
3052	4282	1947.746809	96
3053	16970	435.8094061	154
3054	8413	778.809426	86
3055	8473	253.3355408	137
3057	4925	1793.376871	82
3057	7288	1849.657947	77
3057	11331	1776.501142	77
3057	15779	1831.873542	78
3057	20786	1851.731151	76
3060	2778	1084.800055	53
3062	2878	954.4927922	20.39769385
3062	3196	966.2492383	19.09611913
3062	3435	971.4587007	19.09611913
3062	3793	969.979508	19.09611913
3062	5530	967.1723055	19.09611913
3062	11016	978.7755742	18.27487772
3062	11587	963.3777053	20.39769385
3062	13067	968.8319619	19.09611913
3062	16229	957.6605349	19.95426572
3062	19711	969.979508	19.09611913
3062	19795	964.1836295	21.31433096
3062	19968	971.4587007	19.09611913
3062	20289	969.979508	19.09611913
3067	19228	321.417193	120
3074	3360	1807.514812	30.97006447
3077	7827	1524.696092	104
3078	2318	522.4555788	127
3080	2562	1439.799572	76
3089	17805	325.8115198	92
3091	3953	2496.561696	114
3094	17381	1253.491371	111
3096	1334	733.0309597	104
3096	11394	553.87467	114
3102	10229	299.8362396	131
3102	13943	322.7385587	122
3102	15154	293.2244463	132
3114	3681	4076.396729	41.21271655
3117	780	1243.002007	124
3121	20021	390.9896404	176
3123	5440	786.1897394	158
3123	15205	857.9292298	160
3127	8976	1214.682878	69
3132	2664	1146.220684	70
3137	5789	838.1558062	100
3139	8307	984.6304843	148
3142	6649	412.6566983	147
3142	17835	358.7158512	146
3142	20414	346.1178537	134
3148	15683	275.3672247	121
3149	6398	4323.129987	74
3149	9271	4317.646087	75
3157	10058	1018.738595	140
3160	11263	323.3169248	202
3163	7715	635.1371579	117
3167	19231	1176.848066	93
3175	9769	560.087475	108
3176	7541	836.4173474	85
3176	10995	866.9018921	83
3180	4036	287.3962781	194
3180	9473	321.4667469	193
3191	3517	3474.167077	27.74696714
3191	4464	3500.768278	28.36356641
3191	4906	3470.199972	27.74696714
3191	11474	3477.114108	27.1437722
3191	17511	3466.421974	27.74696714
3195	15451	1382.374959	98
3199	19414	536.5208703	126
3201	2718	1075.532969	99
3202	14282	636.2978231	101
3203	12198	413.8349578	150
3205	10972	3477.349328	53
3206	3835	1428.866932	91
3210	16768	282.1156967	59
3212	16035	1055.535901	101
3214	9174	702.9887801	116
3215	18506	1563.065962	120
3224	20046	683.4682321	186
3231	16001	699.4499386	123
3232	12395	193.6646826	153
3233	11541	1549.71238	74
3244	16625	725.2900261	130
3244	20480	671.9469258	122
3249	17355	371.0818394	168
3255	12837	665.510838	76
3256	8641	402.8801942	117
3258	13581	317.356657	192
3261	8266	396.4514869	121
3262	10193	3130.59348	84
3266	8831	324.7944082	145
3268	13673	1230.481527	24.31888239
3272	12740	493.0781388	61
3273	13922	4491.660058	64
3275	4344	1266.123917	21.78798276
3275	10599	1275.509858	21.78798276
3275	10967	1283.284291	21.78798276
3275	16058	1283.29868	21.78798276
3276	10406	2408.235526	49
3277	11084	3908.056906	63
3280	19941	252.4097235	149
3284	5311	2949.934875	79
3285	10649	1495.427807	113
3295	18348	2411.84416	70
3297	14850	1340.68658	100
3299	15453	1446.050272	88
3300	7536	267.167273	84
3302	14091	2460.065653	28.36356641
3306	19117	181.4241248	109
3310	19871	652.4862876	72
3312	19621	950.8334309	78
3317	21036	648.1946832	174
3318	9213	204.9774593	209
3319	16439	499.9739786	117
3319	17356	456.2156353	127
3325	2720	357.0669426	157
3327	5387	181.9346077	117
3330	8267	936.3953428	48
3330	19706	946.3786698	47
3345	3356	1947.846684	107
3349	11457	2675.970054	31.65828812
3350	7488	277.6405884	84
3350	17335	304.5020634	70
3351	9282	195.2081754	147
3351	12053	208.7745803	150
3352	1793	398.2218961	132
3355	1746	788.0598912	102
3355	18612	832.6813726	94
3361	1047	375.7974873	161
3361	1061	356.9388178	165
3361	9038	405.2910498	151
3367	7642	1104.07106	79
3368	15969	790.4488315	81
3372	19597	2775.927576	33.81608925
3373	15755	879.4071064	151
3377	17982	1079.53973	134
3378	11998	470.113502	167
3378	14684	591.441053	157
3381	9184	722.9424521	141
3381	13590	584.2855345	162
3388	9429	1036.450852	93
3390	1371	1176.6945	69
3390	1574	1176.439731	68
3390	2751	1176.122403	67
3390	14637	1165.084199	69
3393	5706	255.8291923	142
3393	8949	235.0860231	155
3393	16463	272.5844592	160
3393	17231	220.5163471	160
3396	2270	950.9773413	95
3398	12728	3036.982362	85
3399	7831	551.9926805	123
3401	6003	344.9955429	161
3405	13376	885.8784326	110
3406	4867	423.5406701	131
3415	2202	388.3155409	42.1285547
3421	14272	1040.593539	62
3424	7583	201.6565354	147
3427	17259	369.566785	107
3431	7214	3114.096904	45
3433	14784	350.704474	185
3440	1175	398.0253518	138
3442	10098	828.6209297	139
3449	5360	340.4942393	160
3449	10042	306.973715	164
3451	3347	447.4321934	162
3451	5673	521.2345553	148
3453	196	695.6226906	94
3457	4217	1872.545085	53
3466	2629	2958.61195	13.43445426
3466	4929	2908.284039	14.35013486
3472	3574	183.9698593	264
3474	18065	692.1582839	65
3475	7069	1503.268705	70
3477	11160	793.0446524	69
3478	13803	1931.329844	53
3478	17073	1900.668309	54
3478	18695	1931.45988	55
3482	10704	3816.487006	68
3482	20170	3833.122063	67
3483	14034	1137.732663	69
3487	4223	657.8080882	149
3487	6509	643.5241663	151
3490	6464	2144.238663	78
3491	15923	1860.199262	63
3499	8663	662.595178	127
3507	17683	1247.970821	54
3508	12059	1554.036747	84
3509	67	1923.344513	42.1285547
3509	5349	2035.606413	44.02173913
3514	18221	411.963087	124
3520	18229	1000.212205	48
3523	2954	1944.11428	63
3528	10613	306.3773097	101
3530	10554	1009.736136	129
3530	15337	978.0105573	127
3537	14145	943.2650756	68
3544	17949	1267.295701	53
3550	19897	375.4737397	183
3556	4177	2228.037452	78
3561	2627	260.5370956	157
3562	14095	644.785922	106
3562	17240	661.7146654	109
3566	7015	1349.511991	102
3573	10472	257.3714951	186
3574	9622	439.0999649	99
3579	10560	241.3221973	173
3582	942	2295.540403	47
3583	10622	837.3393802	50
3587	5846	713.8086067	53
3587	10289	695.062643	55
3589	17474	582.8563161	123
3590	2121	644.1218845	144
3591	2178	293.3625156	123
3592	12535	605.5773047	129
3598	4794	1316.262003	75
3598	10925	1236.643145	83
3600	11797	1554.009021	82
3607	585	920.0698189	133
3607	18414	699.4957294	148
3613	3475	865.9494964	140
3614	11782	2351.26208	84
3615	16536	1168.421568	101
3620	20463	841.3870454	65
3622	492	536.3623134	103
3623	12499	623.9150903	72
3635	13390	1081.697631	48
3636	2338	1003.393782	54
3636	19474	989.0312331	59
3642	18047	911.9144225	84
3643	7231	745.6741646	68
3644	1746	780.8307749	104
3644	18612	839.5030919	96
3645	8988	1955.650962	93
3646	9667	1757.081615	64
3646	14995	1768.778484	64
3648	9920	1041.837193	76
3649	3877	229.0866957	129
3651	2357	4659.528313	58
3665	19061	3632.356474	28.36356641
3671	13493	1118.115876	79
3678	18438	1834.069935	79
3680	20629	227.3241614	101
3681	16508	1593.864098	48
3683	4119	952.7543286	119
3683	15829	961.8738519	119
3683	17339	758.6231333	120
3683	19252	865.046363	126
3684	705	1841.974864	76
3686	15032	352.7241986	138
3687	2600	295.0582865	140
3687	16592	327.5152833	145
3689	20019	556.1850545	146
3690	14952	370.0074647	99
3690	17809	444.0444921	104
3691	18671	381.5893575	132
3696	6489	580.0435824	125
3697	11404	416.9078033	124
3700	7031	688.6085455	104
3701	10452	2412.076285	44.02173913
3706	1518	412.8106504	182
3720	16351	930.6906412	116
3728	13631	571.2708443	72
3729	18110	888.7788353	42.1285547
3733	5547	484.8063897	92
3740	2883	568.0605403	95
3740	9626	534.1489947	99
3742	6248	848.882089	109
3746	4344	1292.921435	21.31433096
3746	10599	1272.642141	22.27216015
3746	10967	1282.096379	21.78798276
3746	16058	1280.886182	21.78798276
3748	10407	1217.292975	72
3749	127	920.0082532	97
3749	331	893.4852662	99
3749	9817	894.4737121	100
3749	11188	900.8950856	100
3749	16230	933.481094	95
3752	5319	3184.657936	65
3755	13388	224.8477571	156
3761	7434	457.8956429	85
3761	9128	383.5375106	97
3762	7033	300.0031768	124
3762	9155	391.6977885	102
3763	4295	624.6187007	56
3769	18447	322.041891	129
3769	20534	327.3093645	129
3770	4957	1245.465463	95
3777	5392	558.9670068	216
3780	7035	430.2388747	142
3783	1529	2190.59037	57
3783	9102	2297.508133	56
3783	14566	2223.498864	58
3790	10789	2684.340788	74
3796	19972	721.6790242	78
3798	6054	1085.223881	69
3799	3622	939.0026976	153
3799	12872	903.74124	162
3801	1268	1058.09767	132
3801	15081	1079.311725	128
3803	16901	240.1042524	260
3809	1823	852.6591471	60
3816	13964	2240.223872	48
3822	21075	1669.154563	50
3823	7476	1194.974339	81
3823	11338	1284.826128	78
3824	425	1115.934897	79
3824	3494	1073.289545	79
3824	17767	1094.855539	80
3825	11732	265.7294967	185
3826	8664	769.2725923	77
3828	10472	239.0329732	192
3831	9382	1004.536005	91
3832	4937	1642.942417	66
3833	19037	695.2334538	97
3836	29	1118.525927	54
3838	8258	1166.970958	80
3838	14925	1135.995679	85
3842	12060	621.9168806	77
3842	18081	708.9570562	68
3844	4153	686.9768414	106
3844	17972	662.9928471	113
3847	16020	910.939186	121
3848	11081	1320.541342	29.63817606
3848	19885	1290.18329	30.97006447
3852	2474	601.5659063	87
3856	10302	2347.376406	54
3857	17354	580.247077	137
3870	3906	778.4419571	133
3881	1268	1020.814574	132
3881	15081	1042.871735	129
3885	16018	2187.347726	36.92365229
3885	19661	2118.57472	40.31678793
3886	13253	3942.120452	83
3888	14200	728.6190015	71
3890	8815	687.568179	52
3895	154	575.5244981	36.1209642
3895	16685	561.9526457	37.7441779
3897	20787	711.4186973	143
3906	17628	3045.73524	32.36180563
3910	2863	639.2471178	108
3918	13889	1497.102702	69
3922	20232	1695.076325	108
3925	4638	531.6207194	164
3929	6203	415.0267273	74
3933	19495	268.8907234	164
3939	11995	454.6788138	126
3945	4281	643.0628646	105
3947	13856	1124.08783	75
3950	14272	1039.610198	63
3952	12089	976.1112825	50
3953	20687	243.4416342	104
3955	12504	1455.058261	134
3960	6906	265.0462443	187
3961	9897	403.3222792	154
3963	1883	1359.76935	59
3971	1862	1305.786902	87
3973	1448	1539.160515	68
3973	17058	1406.542679	74
3976	17266	536.8603669	106
3977	8437	1002.358561	45
3979	8495	238.9974653	148
3987	4067	2307.468657	53
3987	7198	2283.248867	53
3987	15321	2277.914773	54
3990	18328	669.2724993	94
3992	17249	275.3151677	168
3995	5459	644.0587121	65
3999	7857	599.6043598	104
3999	16426	624.5795383	107
4001	2789	297.3240603	145
4001	4362	267.7492172	133
4004	14228	216.5646797	151
4010	15108	818.4556806	59
4014	19107	630.6848512	97
4018	17331	749.9206229	186
4020	20646	225.1412179	120
4021	12528	295.5625664	143
4024	2481	2793.052409	48
4024	19944	2770.255267	49
4028	303	699.6543695	138
4028	7858	613.4888434	143
4031	7764	257.914472	63
4032	20766	459.9914755	93
4036	16519	290.0359414	143
4047	4722	229.8577106	187
4049	6850	1300.380782	117
4054	12097	639.5495664	169
4054	12286	721.8950379	155
4061	18191	2182.841594	106
4067	7161	240.2069375	158
4073	12314	1037.823582	104
4074	10295	1299.443948	82
4075	15770	190.6088635	158
4080	7546	480.3984957	130
4081	17683	1228.830455	57
4082	8718	390.9684507	54
4084	11420	894.1608426	97
4088	167	202.2455176	134
4092	1706	653.9716574	193
4096	13554	682.588583	191
4097	1792	317.1229443	116
4098	17346	430.9485432	159
4099	14724	449.0866954	69
4100	10376	1542.150273	85
4100	19758	1648.201534	82
4106	13028	1655.969754	66
4115	21051	445.9669439	159
4119	3400	230.9356831	119
4121	10838	1209.234601	58
4124	20782	630.3713174	93
4128	18411	1118.85747	135
4130	5754	1163.070998	110
4147	10003	991.7672782	86
4148	13084	3862.600585	66
4150	6221	4052.339581	44.02173913
4150	6488	4025.216262	44.02173913
4151	12429	413.2138469	155
4168	16315	4059.024939	68
4172	13335	1062.87313	114
4175	12879	527.4803215	69
4176	15280	446.2159898	123
4178	19882	814.1758665	114
4179	19164	601.7870616	50
4182	8442	5092.432065	65
4186	1205	1963.837612	52
4187	13583	768.320763	60
4188	3489	230.7636499	186
4194	10958	883.3996539	161
4197	6761	207.2209284	98
4198	19633	517.5712375	161
4205	10845	219.1340643	113
4207	20434	325.8211701	125
4208	6983	1623.125478	93
4213	3251	900.4462702	47
4213	5060	921.4502758	45
4213	17169	900.8200422	47
4217	4584	279.4521643	161
4221	19424	304.2621234	162
4224	17550	567.7931832	108
4225	5158	1001.818974	112
4227	14460	460.9928779	174
4230	13389	547.8636229	55
4233	2273	1390.454778	71
4236	1377	1556.943383	67
4237	17245	4313.414446	98
4239	5215	1800.006586	43.0647448
4239	13039	1791.161022	43.0647448
4244	16217	251.5261588	154
4247	3211	566.5072569	119
4249	20857	230.5918229	145
4251	3462	988.1226565	162
4254	5005	744.0659311	100
4256	4621	1045.853107	94
4257	16811	497.7687813	116
4261	13623	212.4552458	160
4261	17998	232.7666527	152
4264	13276	833.09697	111
4266	7500	502.6081142	168
4272	12030	439.7213245	70
4273	149	217.8305422	173
4273	1276	244.7203842	139
4281	10168	217.5544566	113
4282	3136	1387.82451	60
4284	11295	1098.542286	68
4288	17166	1419.422058	64
4292	6087	2564.294673	55
4296	13608	224.1342289	180
4301	3171	1194.761882	14.35013486
4306	3990	207.4698419	167
4308	1241	569.3723831	114
4308	10436	555.1212841	118
4316	3729	686.2470985	146
4320	12479	434.6720819	78
4322	8674	1392.16134	82
4325	9143	806.7946931	61
4328	10301	196.6250801	134
4330	4689	749.9326758	101
4335	1371	1132.335919	69
4335	1574	1126.921417	70
4335	2751	1108.009559	71
4335	14637	1142.795838	67
4337	3231	740.6869612	77
4340	8474	4161.269937	75
4342	11595	1122.54667	70
4345	5658	546.7078192	137
4348	14257	2581.273843	37.7441779
4350	9183	633.7494508	125
4350	13697	583.4318827	131
4352	9159	312.6984301	128
4352	15745	210.0640752	140
4352	20053	271.822054	141
4353	2580	313.3110627	115
4353	18843	282.8901714	132
4354	17476	4466.192214	64
4355	16028	475.0552531	146
4356	4974	3582.940245	25.97643606
4356	5576	3547.314985	26.5536902
4356	6534	3524.314767	26.5536902
4356	10329	3559.910875	26.5536902
4356	10890	3541.707482	25.97643606
4356	12004	3577.697135	26.5536902
4356	17118	3454.573905	27.74696714
4361	11767	460.1900978	108
4361	17671	428.0022469	98
4362	9340	1838.849871	135
4365	4015	789.523513	118
4373	11605	522.4986207	124
4375	5921	3117.388791	41.21271655
4377	3171	1194.761882	14.35013486
4382	9787	1665.793692	78
4384	2370	1312.511893	104
4384	2663	1185.348027	112
4391	3799	800.4664743	29.63817606
4391	19340	810.4451202	28.36356641
4393	4891	211.2173159	147
4393	6479	186.2616039	152
4393	17236	218.5115718	147
4403	9536	3365.549307	57
4404	2681	785.9939994	79
4407	15906	294.1574365	172
4408	19118	891.6834993	113
4412	380	966.2992133	132
4412	7423	818.5434641	121
4412	8507	823.4400979	126
4412	8526	911.437353	131
4412	16304	875.840258	128
4423	18336	1594.074251	107
4424	4019	3457.438401	55
4424	4413	3377.950254	57
4428	3782	1460.268273	95
4433	4925	1954.280461	72
4433	7288	1977.543478	72
4433	11331	1898.619015	73
4433	15779	1861.001265	78
4433	20786	1945.525293	73
4434	1722	4035.995312	34.5675579
4436	4584	280.1556108	162
4437	3127	315.3018952	133
4438	2057	307.3889438	183
4439	13703	810.2619674	92
4443	19882	793.3514869	113
4446	7337	713.0370663	53
4446	17874	689.512921	51
4447	9187	232.1050279	190
4449	7649	375.5083169	82
4449	10287	324.8466649	88
4449	12244	387.0062674	85
4451	18907	352.7669227	115
4455	17312	260.8041467	134
4458	280	2180.516102	35.33572585
4459	2944	908.1479792	97
4460	16451	1240.101512	122
4463	3251	794.1500701	50
4463	5060	743.6328511	54
4463	17169	776.7613657	51
4464	16742	2417.258687	70
4470	12937	221.2882598	197
4471	4149	2536.895518	43.0647448
4471	20482	2531.30081	44.02173913
4476	19111	345.950596	208
4478	12235	1017.311496	94
4479	4649	1150.243417	123
4479	14048	1148.42296	128
4488	13841	1498.055998	125
4489	18485	1435.492878	62
4490	12576	2775.116275	117
4490	16396	2873.50231	121
4492	13841	1364.941571	128
4498	7928	874.76743	45
4503	15309	2446.513713	74
4505	18275	318.4709344	156
4511	19069	703.1462018	106
4512	13331	1903.147487	32.36180563
4512	17534	1825.404675	35.33572585
4516	1886	600.2916319	100
4516	4044	586.9539217	101
4517	6408	557.960045	100
4518	19663	844.3157082	120
4521	11753	823.6333211	105
4524	10686	2494.492063	60
4530	15631	243.3109381	210
4535	220	564.1456325	45
4536	6134	937.0320612	133
4536	20495	762.0956764	138
4540	15063	395.5192681	150
4541	3087	1744.564271	73
4543	5109	1143.601838	36.92365229
4544	8447	2241.064179	43.0647448
4548	14858	1096.199123	102
4552	6569	249.4971335	190
4552	12183	224.0913293	200
4554	7299	267.0262533	181
4555	7814	2194.683217	108
4561	9192	545.6911533	96
4564	3106	1036.867602	125
4564	7001	1042.633427	124
4569	16523	710.0346319	77
4578	5094	1066.484764	96
4588	15365	1495.2757	149
4590	16560	861.215337	44.02173913
4594	9995	1575.056022	110
4594	12987	1487.412225	117
4595	285	324.99283	183
4598	1913	506.7889948	176
4602	3653	747.7504748	103
4603	1875	3873.024133	11.51868239
4603	3961	3709.069842	13.43445426
4603	10868	3696.224104	13.1424009
4603	14822	3718.517351	12.85669654
4603	18064	3710.92826	12.85669654
4603	18355	3885.034231	11.26827626
4611	13117	3367.028279	53
4611	19672	3253.176885	57
4615	2999	971.6040028	97
4617	6104	2248.022172	73
4618	12298	1888.456436	49
4619	9721	540.7339248	135
4619	16120	544.5184557	135
4621	12077	534.7692378	112
4621	13795	410.5855931	129
4624	16691	947.4412423	87
4625	12435	206.4808995	358
4631	5292	1369.504146	55
4634	4131	827.0312427	95
4636	14555	347.9186857	141
4639	5098	503.1774543	115
4639	12788	761.789226	121
4639	16796	689.4456548	114
4639	18256	515.4941427	124
4642	8033	3912.904456	40.31678793
4644	19036	444.6450069	110
4647	19181	987.5746596	79
4656	13852	860.148817	115
4659	23	212.9060088	194
4659	9609	249.5552838	196
4667	11579	3438.779117	50
4674	4035	3663.304522	115
4675	12160	1460.693748	138
4675	12495	1623.668775	136
4677	12848	1092.403445	121
4677	19083	1184.741374	118
4678	21075	1556.527047	57
4682	20937	252.9138248	157
4690	19261	586.5203558	142
4691	4242	1393.992062	113
4691	7587	1473.864291	112
4691	8678	1285.229545	113
4692	20560	615.9827985	182
4693	11379	363.2505585	142
4696	6503	1390.718183	103
4702	4405	2318.172245	97
4706	625	227.6779244	198
4711	3876	476.2752611	105
4711	17459	457.2093134	107
4712	17383	2189.865787	50
4712	20014	2327.938851	43.0647448
4714	9420	1293.606794	37.7441779
4718	20138	878.9521372	108
4724	13539	893.4127042	136
4724	17876	809.2404114	136
4726	15194	299.1937925	98
4730	12161	1457.216644	46
4735	11944	638.8558782	125
4738	6763	660.4677078	90
4738	13371	630.1791448	95
4740	15985	529.3556245	114
4740	20127	518.9392225	118
4744	14422	1313.615874	163
4745	8794	2670.544762	70
4746	18777	472.4157592	109
4752	7879	1564.754414	135
4756	6353	718.1514716	121
4758	11473	2105.342865	103
4762	16665	288.4811593	100
4763	1468	225.7890167	163
4764	3687	3974.03119	20.39769385
4764	11318	3886.718358	22.76709704
4765	4334	1201.145643	146
4766	18260	400.1411199	112
4767	9325	437.9090469	61
4768	5826	2529.687651	39.44033602
4768	17613	2517.369963	40.31678793
4770	3238	583.8659264	212
4770	13957	817.7897084	197
4770	17059	865.5155238	198
4778	20092	533.0839364	168
4780	15749	709.6564293	59
4781	20626	517.4194637	84
4782	8090	1376.508923	119
4786	318	670.6081999	142
4793	2539	188.5128252	110
4795	15820	293.1468199	140
4798	13518	371.3500129	146
4799	587	2120.862034	76
4800	18229	1020.545393	47
4802	10659	581.0831718	119
4803	11953	567.1237299	163
4809	4498	2160.109923	59
4812	16098	1216.935996	31.65828812
4816	3795	2461.134274	52
4816	10756	2479.15425	51
4819	11820	310.3541241	109
4820	19015	1131.336346	48
4821	18290	563.0143049	132
4827	20102	1409.611591	79
4829	107	1178.684806	74
4837	7446	1230.372111	49
4844	5738	888.0452715	104
4847	20143	722.2809889	71
4848	6684	451.2811661	104
4848	19786	444.7191541	104
4849	10008	707.6977304	59
4849	13893	835.698898	56
4849	15131	849.0018009	53
4849	16573	872.0244642	51
4854	8275	815.3862352	58
4858	2608	3304.79091	28.36356641
4864	980	2188.765585	58
4864	5212	2209.347859	57
4867	12666	1101.326892	63
4869	16694	184.3543292	119
4870	20025	1004.16024	33.81608925
4875	20428	488.2627076	56
4878	888	278.9441459	150
4884	6072	300.6415166	91
4884	17128	264.5005365	102
4893	5517	350.8685061	59
4895	15749	706.3914434	59
4913	7306	658.1257261	119
4925	16369	1390.309811	107
4926	12199	712.2960749	124
4932	653	4095.762043	66
4934	2640	290.4350569	130
4938	5958	1585.052903	69
4938	15849	1389.519181	77
4942	10659	510.4661628	131
4943	16556	1116.580535	78
4950	17754	192.3025411	276
4951	20668	1515.575093	95
4954	19606	373.1275937	129
4958	14245	477.6359148	134
4960	14912	1719.200939	186
4960	19001	1071.960273	185
4975	2805	384.4609984	146
4975	15050	378.2684841	132
4976	18769	921.7904545	139
4982	1793	395.6936479	127
4987	13663	696.7672103	164
4989	250	1317.626483	16.01705151
5003	8711	898.058263	115
5004	18283	3911.401342	20.39769385
5004	20893	3848.2336	21.78798276
5009	9545	631.5088975	143
5011	14385	514.7845276	111
5013	4736	391.2726508	119
5014	7853	1466.262294	33.08095687
5015	19814	2017.489445	68
5016	13515	1442.156264	83
5017	15945	391.2925468	138
5019	2165	671.1766512	146
5026	1491	1256.486663	166
5029	1187	1282.211405	142
5035	15412	479.6448239	105
5040	1339	2204.049886	59
5040	6426	2183.533842	61
5041	14462	458.0195979	76
5041	18978	471.1582295	80
5048	8788	626.2835946	113
5048	12745	619.0603931	112
5050	5079	1510.126181	72
5052	9668	526.1266193	148
5062	18408	227.3648105	206
5065	466	691.2718286	60
5068	6205	416.5950133	63
5069	14531	335.1506165	201
5073	6643	238.9547079	125
5074	3472	321.5759477	126
5076	5282	705.690031	115
5076	10403	782.5040797	108
5077	19091	1576.640786	58
5079	2994	729.4236007	136
5080	4512	1611.309768	75
5085	8746	430.1530429	103
5092	13125	365.420403	176
5096	14946	740.4491308	143
5098	14462	425.3155963	82
5098	18978	426.716358	89
5099	20206	816.7264882	82
5104	7513	343.0765314	198
5104	12705	347.3897574	199
5107	8565	564.3028503	111
5107	8850	548.8469304	108
5112	2853	1489.344173	101
5115	10229	279.982936	115
5115	13943	301.4856366	113
5115	15154	273.5251906	122
5116	3733	848.7178344	90
5116	6750	871.4102941	94
5119	10887	1011.471448	119
5120	9331	960.0079973	107
5124	1889	2136.140843	57
5124	11915	2127.649534	62
5133	10294	307.0586256	86
5139	15751	602.8642809	119
5141	1477	226.3076794	187
5150	4295	615.6558564	57
5152	3226	1412.998975	70
5152	8750	1424.024928	69
5152	21050	1309.086626	78
5154	8813	1056.146525	103
5159	16131	776.3199522	164
5161	2481	2837.754942	47
5161	19944	2867.34351	46
5168	10067	411.3772416	85
5171	4366	367.6458209	127
5174	8502	2091.117624	130
5174	12605	1969.278109	127
5175	13071	737.4436539	141
5175	16548	633.8505438	152
5177	17980	283.198364	186
5180	5713	553.5041728	198
5181	19662	183.9024765	197
5184	14681	540.6476133	88
5186	8350	914.9308223	108
5189	1627	631.1805242	113
5189	11340	630.9671296	109
5190	4378	328.3753132	141
5199	16103	1111.427572	85
5200	4226	397.0576168	114
5201	13631	584.7993565	71
5202	11397	7842.335467	59
5203	8423	1868.040625	16.37298599
5205	16458	200.8342195	152
5206	8442	5134.602345	64
5211	6172	653.3563613	41.21271655
5211	12068	735.9628978	33.81608925
5216	14593	326.9139574	159
5216	17428	376.1715156	144
5217	9872	206.7013281	170
5217	20690	195.2373628	184
5229	5807	906.7291626	84
5231	9051	330.1131076	81
5231	9439	334.0046831	80
5235	20997	2546.755526	38.58293741
5238	17566	455.5352742	125
5242	19032	1231.207014	105
5243	5344	1465.264528	34.5675579
5248	20960	3082.911596	31.65828812
5258	1754	1550.428032	68
5258	13620	1542.771997	67
5268	7960	1287.752317	107
5274	635	336.040462	86
5275	14715	740.2266501	156
5278	1597	793.0330204	50
5280	3757	922.0416714	85
5281	11801	1795.206185	106
5283	4621	1057.280393	93
5290	16081	1874.527864	63
5293	3245	1477.791493	80
5308	21138	331.592139	138
5310	7663	544.4835239	109
5315	17620	606.5409178	138
5316	14935	240.5057115	165
5317	15121	2335.624658	119
5320	19314	301.4992532	143
5322	11666	397.2278272	142
5327	750	1347.222918	29.63817606
5327	17589	1375.621155	28.99386789
5332	12295	334.0608611	123
5332	16383	325.4757297	116
5345	11804	5486.896824	33.81608925
5346	5574	2465.291079	53
5346	6115	2461.000893	53
5358	15475	596.1333981	53
5360	20843	958.0424823	57
5363	7411	590.7766314	49
5363	16387	580.2407294	50
5364	623	1335.836204	10.54924872
5364	14738	1242.253026	13.73299768
5364	16042	1340.185272	10.54924872
5364	16732	1281.112969	12.85669654
5364	20729	1378.376235	9.044911183
5366	3973	3093.141938	25.97643606
5367	5789	924.8294419	98
5369	2714	986.8046664	75
5372	3218	962.2342041	80
5374	850	6282.515052	51
5376	12203	1828.892769	43.0647448
5377	2607	2583.949411	58
5382	18408	203.4608262	213
5384	4744	370.7527339	118
5387	5214	1032.292567	92
5387	5584	998.9291491	91
5387	7637	1077.80576	89
5387	8535	1038.89386	88
5387	12752	1073.675337	87
5387	17086	1051.039692	86
5387	19002	1082.76416	87
5387	19136	1024.578146	90
5389	18408	233.0918376	204
5390	3925	1014.048881	100
5395	20061	346.5410658	185
5407	15094	749.2445167	24.859302
5410	3903	412.3488932	148
5412	12081	219.9496111	187
5415	13831	537.8401336	79
5421	14243	2054.803387	91
5424	1190	5076.15845	39.44033602
5426	7471	1047.149331	113
5429	18951	2198.998758	99
5431	3296	1309.418726	10.54924872
5433	11269	563.8138019	95
5436	17413	485.0860377	26.5536902
5442	20849	1223.220237	119
5444	18709	1612.444103	98
5446	12110	1067.290103	36.92365229
5452	11742	332.5084335	129
5453	963	442.5369256	83
5455	17313	453.0673937	162
5470	15155	757.8174259	113
5471	17693	485.6694524	119
5475	15609	811.6364014	136
5476	9037	238.7918204	97
5477	19653	1436.546335	33.08095687
5477	20900	1261.829237	30.2968022
5479	1795	377.6940257	122
5479	12524	374.4156129	110
5480	1014	184.7681591	144
5482	11354	414.2617842	111
5483	18923	617.2739712	117
5487	5515	500.9175142	145
5494	572	1056.251026	99
5494	6979	1098.428963	102
5497	16563	528.2002994	110
5500	3083	2244.886599	48
5500	12682	2295.348364	45
5504	4478	831.4923081	61
5508	7315	774.4653089	107
5509	7610	510.7543586	161
5511	492	610.4120875	108
5514	5155	1544.987291	114
5514	10259	1637.096243	106
5515	20996	662.3315522	117
5518	6765	818.3691563	76
5518	8828	808.6048346	73
5518	19924	841.5665303	74
5521	16254	4188.352268	25.41173093
5524	16417	3053.874414	46
5527	14884	1812.00357	33.08095687
5528	20815	337.5163002	103
5529	8260	1872.582947	62
5530	6088	526.8665662	56
5539	8772	225.5336229	170
5541	5344	1463.597728	34.5675579
5546	12817	637.045046	143
5547	17920	384.0111587	165
5548	5125	988.5056215	79
5549	7327	254.5582828	142
5549	11277	253.2843977	144
5549	16108	249.0191894	142
5552	10458	384.7336857	77
5554	600	200.6642633	163
5555	310	1236.704681	33.81608925
5555	1957	1221.513863	33.81608925
5558	4330	1270.461856	73
5560	15364	1126.310544	74
5568	20031	2119.40775	49
5571	3560	198.476229	121
5572	3383	860.4294049	24.31888239
5572	4643	852.4105598	21.31433096
5572	4924	849.6876853	24.859302
5572	4995	857.8833607	19.52047734
5572	5183	857.4176607	20.39769385
5572	8757	855.278078	20.39769385
5572	9887	862.5767959	24.31888239
5572	10350	851.8356657	24.859302
5572	10633	860.4294049	24.31888239
5572	11024	857.4176607	20.39769385
5572	15168	862.5767959	24.31888239
5572	15267	868.5272771	20.39769385
5572	20161	857.4176607	20.39769385
5579	19579	1093.423232	122
5583	4185	990.3021136	110
5583	12158	997.740851	110
5586	3103	196.7899113	209
5586	18646	185.0716267	216
5588	9192	562.5164993	90
5596	19790	607.7385121	173
5600	18051	480.5201738	67
5603	15966	293.794252	102
5604	13948	366.9913499	88
5611	2992	2317.942903	81
5611	16903	2336.999178	78
5612	17211	1280.677697	97
5616	15354	1832.224213	102
5616	20133	1745.970383	104
5623	8254	422.4215308	113
5625	3723	445.2901824	135
5625	9860	441.9175902	132
5628	6186	422.0414237	124
5631	2738	1482.304858	64
5632	11935	210.9223207	156
5633	19819	446.1802555	107
5635	4794	1213.796261	80
5635	10925	1104.772026	88
5638	4592	1588.692299	76
5638	6588	1633.702096	73
5638	17139	1580.015979	79
5638	20577	1579.898334	77
5645	5696	689.1912857	140
5646	15056	3138.494223	94
5647	9402	685.3831339	70
5649	9891	537.7538119	87
5654	8417	699.771557	67
5659	8565	644.1910032	92
5659	8850	683.413641	92
5660	9433	300.701604	198
5661	19813	1128.004165	157
5667	7499	1451.501912	62
5671	19954	450.615329	119
5673	16838	691.8692927	102
5675	5356	559.3499112	130
5676	9651	1402.329786	94
5677	2880	1272.51289	56
5679	7279	348.8520039	84
5685	20109	1852.317349	54
5690	18454	555.333849	88
5691	18352	277.6497246	104
5692	3431	2183.098269	49
5692	16722	2184.648386	46
5694	7459	358.1090922	80
5694	16265	412.6387634	68
5694	21058	403.4018088	70
5701	632	1090.130678	36.92365229
5701	14963	1086.587914	36.92365229
5702	8754	1721.471705	45
5702	18962	1744.270388	44.02173913
5708	17068	601.4265007	98
5710	19764	225.7559537	187
5710	20272	244.7903376	171
5714	580	529.4486888	87
5716	21003	777.9335159	120
5717	10006	246.6930131	189
5717	13175	272.2223684	178
5719	6895	6962.178573	135
5724	12200	375.0965559	90
5726	12842	476.3465629	81
5727	12893	1863.323181	82
5728	13634	1276.149476	119
5730	4836	259.9109271	71
5731	5826	2572.255261	38.58293741
5731	17613	2547.72226	39.44033602
5734	9159	283.7161202	137
5734	15745	366.3050902	123
5734	20053	244.6569596	149
5741	7519	1274.723074	161
5742	15018	938.7580958	51
5742	18809	923.337103	52
5742	20221	912.2270316	53
5744	13948	319.4517546	101
5746	1551	230.8639494	211
5747	5454	833.7280674	61
5748	17652	3963.520609	36.92365229
5753	12780	1580.820005	91
5755	7624	833.8352615	129
5758	6913	527.9338751	133
5758	13460	399.2212668	150
5762	19973	320.1414362	139
5763	5214	1054.880765	79
5763	5584	988.9836876	82
5763	7637	1136.963305	75
5763	8535	1078.117964	80
5763	12752	1123.807889	75
5763	17086	1100.517435	76
5763	19002	1161.28553	73
5763	19136	1039.467675	82
5765	15330	999.7998752	121
5770	3304	661.6983261	144
5773	153	1590.967041	100
5775	17914	280.9467679	135
5776	12877	571.5232399	117
5777	17643	603.7065497	45
5778	6090	302.0190747	166
5779	579	2220.287346	98
5779	11545	2375.990487	93
5780	13812	338.781573	170
5788	20988	599.8889598	76
5792	561	3173.602529	50
5793	11142	652.4000093	93
5799	3802	331.8225693	99
5799	19499	319.2830571	102
5800	4468	239.0275105	187
5803	19130	740.6460264	90
5805	16259	867.3204771	82
5806	4785	204.5787074	237
5809	1190	5064.96767	39.44033602
5812	8033	3857.772844	38.58293741
